$SPEC_ID:
No sample description was entered.
$SPEC_REM:
DET# 1
DETDESC# PHY-R11-37 MCB 129
AP# Maestro Version 7.01
$DATE_MEA:
11/27/2012 17:41:17
$MEAS_TIM:
600 601
$DATA:
0 2047
       0
       0
       0
       0
       0
       0
       0
       0
       0
       0
       0
       0
       0
       0
       0
       0
       0
       0
       0
       0
       0
       0
       0
       0
       0
       0
       0
       0
       0
       0
       0
       0
       0
       0
       0
       0
       0
       0
       0
       0
       0
       0
       0
       0
       0
       0
       0
       6
     138
     137
     124
     123
     132
      99
      80
      88
      66
      80
      82
      70
      76
      67
      64
      50
      55
      61
      51
      55
      51
      58
      61
      50
      49
      56
      45
      43
      38
      43
      31
      40
      46
      42
      37
      43
      31
      44
      32
      35
      32
      49
      45
      44
      39
      30
      38
      36
      45
      56
      50
      34
      38
      37
      35
      34
      52
      33
      42
      30
      34
      31
      29
      25
      32
      31
      46
      33
      33
      31
      35
      34
      36
      39
      30
      39
      38
      30
      26
      26
      36
      31
      33
      33
      31
      28
      35
      37
      28
      34
      30
      25
      26
      27
      29
      34
      20
      35
      27
      39
      28
      33
      35
      26
      33
      25
      27
      33
      30
      30
      27
      17
      24
      25
      25
      35
      32
      42
      22
      19
      30
      30
      31
      30
      31
      30
      35
      27
      29
      31
      24
      29
      20
      30
      25
      24
      37
      21
      27
      25
      23
      30
      24
      34
      23
      34
      23
      29
      40
      27
      28
      21
      23
      25
      29
      22
      39
      32
      28
      17
      29
      33
      28
      25
      36
      20
      18
      28
      20
      20
      23
      27
      19
      19
      13
      26
      27
      17
      20
      30
      14
      26
      29
      17
      19
      28
      22
      28
      30
      33
      33
      21
      18
      24
      21
      23
      19
      30
      28
      21
      25
      22
      28
      29
      28
      24
      18
      23
      29
      27
      16
      18
      25
      35
      15
      13
      25
      20
      17
      21
      24
      31
      26
      25
      25
      17
      28
      20
      17
      15
      17
      26
      25
      22
      22
      28
      28
      22
      27
      24
      25
      25
      20
      22
      35
      36
      39
      28
      20
      33
      16
      22
      30
      19
      25
      31
      23
      27
      28
      27
      26
      21
      20
      30
      18
      27
      26
      20
      33
      27
      22
      12
      28
      27
      22
      28
      23
      27
      23
      23
      27
      32
      23
      26
      23
      36
      20
      25
      25
      30
      31
      26
      26
      35
      23
      32
      27
      18
      28
      23
      28
      22
      28
      24
      22
      29
      42
      23
      27
      28
      22
      32
      29
      22
      27
      32
      34
      33
      26
      28
      35
      32
      35
      30
      32
      42
      29
      25
      26
      38
      33
      35
      39
      37
      43
      38
      55
      46
      36
      52
      48
      57
      44
      44
      45
      36
      46
      51
      53
      49
      60
      51
      59
      61
      46
      45
      51
      65
      61
      47
      61
      61
      74
      63
      61
      70
      72
      81
      72
      72
      64
      73
      62
      86
      85
      75
      73
      89
      78
      82
      89
      79
      74
      81
      87
      94
      90
      85
      90
      93
      77
     105
     110
      91
      92
      94
      86
      94
      83
      86
      89
      90
      84
      84
      87
      87
      83
      86
      76
      83
      86
      74
      98
      88
     102
      83
      93
      87
      88
      82
      89
      99
      93
     106
      93
      88
      88
      86
      84
      88
      84
     101
      82
      92
      79
      97
      86
      86
      85
      90
      92
     102
      76
      94
      72
      85
      92
      97
      92
      86
      97
      83
      89
      87
      85
     103
      82
      79
      89
     115
     113
      93
      81
     101
     100
      82
      86
      85
      84
      72
      92
      80
      90
      92
      86
     100
      75
      96
     101
      87
      61
      78
      90
      70
     109
      86
      95
      83
      90
      98
      98
      82
      75
      82
      84
      86
      87
     101
      99
      78
      79
      87
     108
      91
      88
      86
      84
      80
      87
      98
      82
      86
      80
     105
      91
      81
      88
     119
      90
      92
      75
      83
      99
      97
      72
      77
      88
      95
      91
      91
      92
      95
      85
      94
      96
      88
      99
      94
      82
     103
      99
      92
      98
      89
      87
      80
      89
      94
     104
     107
      85
     101
     105
      92
      94
      97
      83
      96
      84
     105
      85
      92
      90
      95
      94
      89
      85
      88
      97
      79
      90
      69
      67
      84
      78
     106
      96
      88
      77
      96
     100
      84
      76
      98
      98
      88
      91
      92
      75
      85
     100
      88
      94
     104
      83
     100
      74
      91
     106
      77
      93
     105
      76
      89
     100
      97
      94
      84
      83
      85
      97
      92
      98
      98
     104
      88
      97
      78
      91
      95
      93
      96
     111
      95
     100
     107
     105
      95
      92
     101
     107
     115
     117
      93
      73
     108
     114
     112
      92
      93
      99
      79
     102
     116
     107
      90
      93
     104
      90
     105
      97
     111
     113
     107
      88
      99
     103
      84
     105
     108
     102
     112
      89
     109
      97
      95
     101
     100
     118
     102
      97
     112
     108
      98
      94
     113
      95
     110
      99
     106
     105
     106
      99
     121
     103
     105
     103
      99
     109
     111
      83
     116
     109
      91
     118
     111
     117
      91
     116
     112
     106
     107
     116
     108
      97
     116
     108
     104
     110
     111
     103
     112
     119
     111
     107
     114
     111
     132
     113
     116
     116
     104
     128
     117
     124
     127
     122
     110
     124
     111
     125
     115
     140
     130
     115
     100
     140
     123
     123
     141
     136
     137
     121
     118
     122
     133
     136
     125
     124
     101
     138
     145
     130
     146
     117
     134
     135
     148
     147
     152
     146
     145
     129
     125
     136
     133
     117
     133
     155
     135
     140
     140
     117
     129
     152
     143
     150
     180
     154
     157
     148
     163
     139
     146
     151
     128
     132
     155
     159
     150
     162
     147
     143
     145
     148
     147
     156
     161
     152
     163
     152
     158
     149
     157
     139
     137
     150
     127
     154
     152
     178
     163
     156
     139
     136
     130
     171
     138
     143
     156
     157
     137
     141
     163
     169
     168
     171
     137
     161
     166
     168
     155
     150
     143
     168
     140
     160
     164
     170
     157
     130
     134
     142
     167
     156
     148
     183
     171
     138
     145
     154
     163
     144
     154
     172
     173
     127
     159
     151
     168
     141
     143
     180
     172
     157
     154
     165
     140
     175
     168
     197
     172
     176
     178
     173
     163
     155
     153
     153
     149
     166
     166
     172
     165
     152
     168
     179
     157
     185
     163
     175
     155
     162
     193
     173
     173
     145
     186
     184
     168
     171
     178
     187
     166
     178
     202
     178
     174
     165
     192
     164
     152
     178
     171
     188
     158
     178
     173
     165
     181
     161
     161
     194
     176
     194
     171
     175
     182
     182
     176
     208
     188
     184
     175
     181
     169
     190
     170
     159
     189
     182
     183
     183
     180
     171
     191
     183
     212
     190
     153
     202
     203
     206
     183
     193
     199
     174
     196
     197
     189
     197
     225
     198
     169
     192
     183
     191
     220
     203
     206
     189
     186
     187
     171
     175
     204
     216
     215
     211
     192
     191
     205
     195
     191
     199
     187
     210
     174
     183
     187
     189
     208
     186
     191
     173
     193
     188
     218
     187
     182
     207
     197
     207
     190
     199
     205
     189
     198
     201
     191
     191
     215
     201
     206
     201
     183
     200
     203
     209
     193
     220
     187
     209
     196
     173
     207
     212
     193
     214
     191
     233
     216
     188
     188
     205
     200
     204
     223
     203
     202
     198
     227
     201
     218
     226
     226
     222
     214
     212
     220
     213
     210
     223
     225
     223
     238
     227
     213
     208
     201
     204
     219
     222
     237
     223
     258
     215
     226
     240
     223
     226
     214
     206
     225
     227
     221
     242
     213
     216
     239
     252
     242
     227
     249
     226
     259
     219
     242
     249
     231
     239
     237
     227
     243
     217
     242
     245
     246
     249
     245
     222
     252
     239
     250
     226
     260
     203
     239
     233
     263
     265
     264
     260
     237
     265
     281
     296
     263
     296
     250
     266
     262
     278
     281
     248
     283
     277
     291
     271
     289
     273
     254
     290
     296
     299
     282
     287
     301
     289
     335
     302
     310
     307
     299
     308
     286
     344
     330
     344
     301
     341
     357
     347
     341
     353
     350
     377
     352
     341
     360
     365
     371
     383
     384
     372
     369
     399
     412
     382
     394
     405
     405
     384
     421
     391
     422
     427
     451
     436
     453
     467
     463
     481
     452
     467
     489
     526
     538
     519
     509
     486
     541
     552
     545
     576
     557
     567
     580
     601
     603
     610
     607
     618
     544
     622
     621
     578
     648
     662
     652
     617
     677
     659
     638
     657
     722
     687
     677
     693
     689
     730
     716
     678
     671
     626
     685
     662
     692
     651
     661
     645
     624
     620
     606
     640
     661
     636
     624
     636
     636
     637
     684
     644
     632
     576
     645
     620
     576
     593
     549
     565
     578
     558
     562
     523
     588
     560
     554
     550
     516
     533
     542
     537
     504
     498
     548
     454
     505
     466
     459
     453
     482
     465
     478
     453
     396
     449
     385
     402
     423
     389
     400
     346
     388
     329
     351
     347
     323
     305
     327
     286
     295
     287
     249
     243
     264
     230
     265
     225
     222
     222
     227
     187
     193
     167
     162
     155
     167
     148
     142
     130
     110
     117
     107
      95
      84
      76
      81
      57
      66
      57
      78
      46
      40
      42
      35
      48
      36
      22
      26
      32
      26
      16
      20
      21
      18
       9
      20
      19
      15
      13
      12
      14
      19
       8
      17
      14
      12
      21
      14
      20
      11
      14
      19
      12
      16
       9
      12
      14
      19
      13
      11
      16
      21
       9
      22
      13
      12
      18
      13
      14
      11
       8
      11
      15
       8
      13
      11
      12
      12
      11
      15
      16
      19
      18
      12
      13
      12
       3
       8
      13
      18
      15
      14
       9
      17
      17
      14
      13
      10
      16
      14
      13
      15
      10
      22
      22
      20
      17
      15
      25
      12
      20
      17
      25
      15
      21
      15
      15
      15
      16
      16
      15
      17
      15
      19
      12
      12
      16
      18
      16
      21
      16
      17
      18
      34
      19
      25
      13
      13
      28
      18
      20
      21
      15
      24
      24
      19
      21
      25
      21
      27
      30
      22
      26
      30
      16
      28
      27
      27
      32
      28
      30
      30
      32
      30
      38
      35
      29
      38
      22
      22
      29
      24
      30
      30
      29
      32
      28
      35
      45
      32
      27
      29
      37
      25
      24
      26
      27
      31
      27
      43
      37
      36
      35
      34
      31
      31
      31
      35
      24
      31
      31
      35
      31
      24
      27
      35
      26
      25
      35
      35
      35
      37
      36
      38
      26
      37
      33
      24
      31
      25
      32
      27
      38
      36
      29
      36
      34
      31
      28
      23
      30
      34
      34
      30
      35
      26
      18
      31
      30
      24
      24
      26
      21
      18
      22
      26
      26
      22
      27
      22
      28
      25
      17
      26
      15
      24
      30
      20
      19
      17
      23
      24
      18
      23
      18
      22
      22
      17
       8
      21
      25
      16
      21
      13
      19
      14
      14
      11
      18
      14
      10
      15
       9
      17
       8
      11
      10
      13
      11
      14
       6
      14
      12
       6
       9
      12
      13
       5
      10
       7
       8
       7
       5
       6
       0
       2
       4
       0
       3
       3
       3
       1
       2
       1
       1
       3
       0
       0
       1
       3
       1
       2
       4
       0
       2
       1
       2
       2
       0
       0
       0
       0
       0
       0
       0
       1
       0
       1
       0
       0
       0
       0
       0
       0
       0
       0
       0
       0
       1
       1
       0
       0
       0
       0
       0
       0
       1
       0
       0
       0
       0
       0
       0
       0
       0
       0
       0
       0
       0
       0
       0
       0
       0
       0
       0
       0
       0
       0
       1
       0
       0
       0
       0
       0
       1
       1
       0
       0
       0
       0
       0
       0
       0
       1
       1
       0
       1
       0
       0
       0
       0
       1
       0
       0
       0
       0
       0
       0
       0
       0
       0
       0
       0
       0
       0
       0
       1
       0
       0
       1
       0
       0
       0
       0
       0
       0
       0
       0
       0
       0
       0
       0
       0
       0
       0
       0
       0
       0
       0
       0
       0
       0
       0
       0
       0
       0
       1
       0
       0
       0
       0
       0
       0
       0
       1
       0
       0
       0
       0
       0
       1
       0
       0
       1
       0
       0
       0
       1
       0
       0
       0
       1
       0
       0
       0
       0
       0
       0
       0
       0
       0
       0
       1
       1
       0
       0
       0
       0
       1
       0
       0
       0
       0
       0
       1
       0
       0
       1
       0
       0
       0
       0
       0
       0
       0
       0
       1
       0
       0
       0
       0
       0
       0
       0
       1
       1
       0
       0
       0
       0
       0
       0
       0
       0
       0
       0
       0
       0
       1
       0
       0
       0
       0
       0
       0
       0
       0
       0
       0
       0
       0
       0
       0
       0
       0
       0
       0
       0
       0
       0
       0
       0
       0
       0
       0
       0
       0
       1
       0
       0
       1
       0
       0
       0
       0
       1
       0
       0
       0
       0
       0
       0
       0
       0
       1
       0
       0
       0
       0
       0
       3
       0
       0
       0
       0
       0
       0
       0
       0
       0
       0
       0
       0
       0
       0
       0
       0
       0
       0
       0
       0
       0
       0
       1
       0
       0
       0
       0
       0
       0
       0
       0
       0
       0
       0
       0
       0
       0
       0
       1
       1
       0
       0
       0
       0
       1
       0
       0
       0
       0
       0
       0
       0
       0
       0
       0
       0
       0
       0
       0
       0
       1
       0
       0
       0
       0
       0
       0
       0
       0
       0
       0
       0
       0
       0
       0
       0
       0
       0
       0
       0
       0
       0
       0
       0
       0
       0
       0
       0
       0
       0
       0
       0
       0
       0
       0
       0
       0
       0
       0
       0
       0
       0
       0
       0
       0
       0
       0
       0
       0
       0
       0
       0
       0
       0
       0
       0
       0
$ROI:
0
$PRESETS:
Live Time
600
0
$ENER_FIT:
0.000000 0.000000
$MCA_CAL:
3
0.000000E+000 0.000000E+000 0.000000E+000 
$SHAPE_CAL:
3
0.000000E+000 0.000000E+000 0.000000E+000
