$SPEC_ID:
No sample description was entered.
$SPEC_REM:
DET# 1
DETDESC# PHY-R11-37 MCB 129
AP# Maestro Version 7.01
$DATE_MEA:
11/27/2012 15:15:47
$MEAS_TIM:
600 616
$DATA:
0 2047
       0
       0
       0
       0
       0
       0
       0
       0
       0
       0
       0
       0
       0
       0
       0
       0
       0
       0
       0
       0
       0
       0
       0
       0
       0
       0
       0
       0
       0
       0
       0
       0
       0
       0
       0
       1
       0
       0
       1
       2
       4
       7
       7
       2
       6
       6
      11
      78
    1557
    1513
    1447
    1316
    1219
    1076
    1095
    1020
     953
     870
     800
     779
     761
     709
     733
     686
     669
     645
     656
     628
     597
     591
     579
     547
     581
     542
     516
     510
     479
     541
     506
     494
     522
     484
     505
     491
     449
     447
     468
     468
     427
     439
     443
     430
     429
     424
     458
     448
     447
     409
     446
     426
     404
     417
     423
     385
     395
     386
     423
     406
     405
     379
     389
     344
     373
     374
     408
     316
     402
     373
     361
     370
     386
     388
     332
     361
     361
     344
     374
     384
     366
     365
     348
     373
     362
     327
     339
     334
     387
     358
     376
     326
     353
     332
     358
     324
     345
     331
     337
     312
     305
     334
     356
     326
     341
     304
     333
     336
     302
     279
     334
     343
     328
     316
     348
     293
     338
     307
     344
     299
     313
     302
     298
     305
     302
     313
     323
     331
     364
     330
     292
     301
     309
     296
     317
     287
     309
     283
     293
     279
     299
     276
     269
     294
     306
     280
     335
     316
     277
     296
     299
     298
     287
     303
     285
     284
     291
     261
     268
     301
     308
     289
     270
     288
     288
     297
     267
     284
     320
     274
     286
     292
     329
     302
     312
     275
     278
     271
     320
     286
     308
     302
     296
     286
     259
     309
     285
     296
     287
     290
     280
     271
     264
     301
     298
     272
     296
     309
     269
     266
     305
     291
     290
     276
     314
     274
     309
     275
     285
     297
     295
     273
     281
     338
     289
     302
     283
     280
     258
     276
     284
     266
     303
     284
     271
     273
     284
     297
     281
     260
     260
     279
     285
     314
     296
     308
     241
     272
     302
     303
     296
     270
     301
     288
     287
     308
     301
     318
     281
     262
     300
     292
     298
     289
     277
     303
     310
     307
     262
     292
     265
     292
     299
     286
     288
     315
     288
     336
     310
     281
     337
     296
     284
     314
     281
     267
     282
     285
     324
     312
     290
     317
     281
     292
     301
     310
     296
     320
     304
     321
     306
     302
     317
     314
     323
     337
     333
     315
     311
     272
     330
     317
     337
     302
     298
     322
     362
     326
     346
     354
     323
     358
     319
     342
     336
     347
     372
     353
     406
     385
     411
     410
     401
     441
     415
     380
     420
     412
     430
     443
     458
     495
     450
     500
     493
     513
     460
     497
     495
     549
     504
     558
     564
     576
     597
     572
     639
     575
     600
     626
     621
     615
     632
     609
     661
     680
     688
     702
     748
     756
     759
     732
     790
     740
     790
     840
     850
     829
     906
     903
     860
     948
     917
     915
     967
     886
     924
    1073
     985
    1013
     949
     933
     974
    1000
    1016
    1063
    1022
     957
    1045
     979
    1040
     973
    1027
    1030
    1038
     984
    1007
    1051
    1053
    1015
    1046
    1075
     987
    1022
    1031
    1011
     986
    1007
    1008
    1017
    1005
    1018
    1012
    1034
    1040
    1015
    1027
     989
    1050
    1058
    1003
     974
     996
    1042
    1015
    1029
    1050
    1034
    1017
    1023
    1022
     963
    1006
    1056
    1030
    1020
    1065
    1031
    1003
     979
    1019
    1051
    1029
     998
     989
    1054
    1009
    1048
    1028
    1037
    1044
    1042
    1057
     984
    1020
     984
    1058
     989
    1011
    1059
    1010
    1082
    1072
    1066
    1042
    1030
    1014
    1009
    1017
    1040
    1048
    1121
    1006
    1070
    1066
    1020
    1086
    1043
    1030
     992
    1012
    1070
    1056
    1049
    1020
    1104
    1045
    1053
    1017
     992
    1050
    1050
    1071
    1023
    1087
    1037
    1037
    1074
    1091
    1100
    1028
    1023
    1061
     989
     969
    1049
    1044
    1021
    1054
     999
    1019
    1056
    1048
    1077
    1003
    1045
    1098
    1070
    1032
     951
    1040
    1048
    1058
    1026
    1050
    1045
    1029
    1038
    1043
    1097
    1065
    1072
    1050
    1030
    1038
    1053
    1028
    1083
    1018
    1004
    1035
    1078
     994
     979
    1050
    1080
    1053
    1036
    1031
    1030
    1069
    1056
    1076
    1052
    1023
    1053
    1077
    1067
    1084
    1021
    1043
    1070
    1061
    1049
    1035
    1032
    1067
    1042
    1063
    1036
    1048
    1093
    1050
    1048
    1024
    1076
    1041
    1081
    1044
    1056
    1079
    1039
    1058
    1032
    1047
    1040
    1093
    1095
    1077
    1118
    1139
    1064
    1050
    1048
    1092
    1048
    1087
    1075
    1072
    1100
    1084
    1168
    1100
    1097
    1093
    1061
    1163
    1088
    1100
    1142
    1104
    1083
    1142
    1145
    1169
    1079
    1104
    1160
    1105
    1133
    1083
    1064
    1096
    1121
    1063
    1121
    1193
    1102
    1090
    1167
    1125
    1126
    1117
    1122
    1138
    1111
    1132
    1147
    1199
    1166
    1132
    1163
    1146
    1187
    1212
    1202
    1133
    1138
    1237
    1170
    1217
    1201
    1172
    1284
    1148
    1214
    1166
    1168
    1184
    1179
    1230
    1179
    1219
    1169
    1218
    1222
    1178
    1292
    1220
    1220
    1232
    1238
    1167
    1223
    1271
    1178
    1149
    1271
    1247
    1259
    1223
    1196
    1256
    1107
    1264
    1267
    1314
    1253
    1231
    1328
    1249
    1214
    1238
    1309
    1267
    1276
    1234
    1250
    1238
    1327
    1261
    1309
    1278
    1299
    1334
    1314
    1293
    1307
    1296
    1291
    1318
    1282
    1286
    1362
    1370
    1330
    1314
    1388
    1321
    1372
    1359
    1395
    1317
    1434
    1405
    1343
    1429
    1450
    1358
    1396
    1428
    1489
    1449
    1423
    1425
    1505
    1508
    1447
    1423
    1497
    1516
    1489
    1534
    1518
    1515
    1488
    1511
    1609
    1533
    1527
    1518
    1470
    1540
    1565
    1552
    1532
    1635
    1619
    1648
    1670
    1647
    1596
    1627
    1678
    1621
    1610
    1628
    1564
    1616
    1639
    1630
    1676
    1618
    1694
    1688
    1640
    1715
    1623
    1664
    1613
    1633
    1697
    1599
    1639
    1669
    1693
    1629
    1670
    1750
    1655
    1745
    1778
    1646
    1726
    1646
    1671
    1698
    1699
    1786
    1790
    1683
    1684
    1659
    1732
    1661
    1707
    1728
    1663
    1720
    1732
    1724
    1774
    1752
    1766
    1701
    1767
    1807
    1771
    1734
    1773
    1699
    1782
    1787
    1778
    1804
    1748
    1717
    1742
    1784
    1822
    1837
    1736
    1764
    1872
    1819
    1750
    1777
    1851
    1828
    1744
    1771
    1848
    1836
    1851
    1803
    1829
    1805
    1922
    1835
    1848
    1827
    1780
    1845
    1809
    1810
    1876
    1928
    1858
    1865
    1820
    1894
    1964
    1838
    1898
    1816
    1914
    1813
    1818
    1910
    1828
    1928
    1829
    1934
    1908
    1905
    1921
    1950
    1942
    1966
    1903
    1930
    1900
    1891
    1891
    1908
    1989
    1868
    1909
    1912
    1936
    1907
    2024
    1992
    2070
    2012
    2047
    1917
    2088
    2054
    1973
    2031
    1978
    2010
    2092
    1996
    2069
    2001
    2109
    2034
    2063
    2080
    2096
    2094
    2054
    2037
    2132
    2124
    2083
    2113
    2121
    2119
    1992
    2088
    2172
    2111
    2193
    2022
    2155
    2112
    2188
    2174
    2210
    2138
    2174
    2179
    2201
    2242
    2206
    2079
    2143
    2125
    2250
    2169
    2194
    2233
    2137
    2235
    2157
    2195
    2117
    2227
    2217
    2361
    2197
    2247
    2179
    2209
    2168
    2162
    2234
    2299
    2235
    2191
    2213
    2260
    2268
    2208
    2161
    2316
    2119
    2264
    2319
    2196
    2235
    2179
    2249
    2313
    2242
    2221
    2296
    2260
    2222
    2309
    2283
    2263
    2320
    2196
    2288
    2267
    2288
    2384
    2318
    2308
    2377
    2330
    2283
    2292
    2255
    2318
    2293
    2341
    2382
    2407
    2351
    2238
    2362
    2339
    2254
    2348
    2376
    2441
    2345
    2372
    2322
    2379
    2361
    2375
    2480
    2274
    2422
    2367
    2401
    2414
    2415
    2408
    2399
    2400
    2323
    2318
    2420
    2446
    2465
    2509
    2487
    2486
    2389
    2369
    2421
    2388
    2448
    2528
    2485
    2525
    2572
    2405
    2527
    2566
    2501
    2478
    2585
    2585
    2538
    2546
    2543
    2621
    2546
    2564
    2559
    2590
    2531
    2597
    2679
    2555
    2573
    2602
    2605
    2711
    2592
    2611
    2715
    2639
    2655
    2591
    2656
    2682
    2684
    2703
    2628
    2649
    2728
    2833
    2623
    2722
    2759
    2734
    2742
    2708
    2881
    2808
    2753
    2885
    2805
    2804
    2832
    2912
    2854
    2840
    2933
    2877
    2913
    2941
    2944
    2885
    2938
    2985
    3022
    3041
    3117
    2995
    3077
    3077
    3012
    3079
    3117
    3008
    3089
    3231
    3242
    3188
    3186
    3216
    3288
    3229
    3127
    3318
    3286
    3349
    3424
    3474
    3340
    3385
    3459
    3516
    3408
    3416
    3550
    3546
    3575
    3631
    3457
    3571
    3636
    3764
    3825
    3762
    3781
    3840
    3989
    3852
    3952
    4015
    4023
    4186
    4194
    4149
    4228
    4194
    4227
    4278
    4367
    4499
    4469
    4564
    4565
    4682
    4762
    4813
    4727
    4812
    5055
    4982
    4917
    5195
    5238
    5250
    5555
    5464
    5506
    5534
    5721
    5770
    5917
    5925
    6046
    6088
    6252
    6249
    6210
    6468
    6513
    6425
    6592
    6787
    6867
    6883
    6922
    6980
    7096
    7184
    7161
    7315
    7405
    7487
    7482
    7358
    7412
    7597
    7425
    7539
    7607
    7556
    7694
    7455
    7708
    7651
    7454
    7691
    7610
    7611
    7784
    7540
    7557
    7559
    7465
    7499
    7392
    7353
    7558
    7335
    7272
    7350
    7323
    7335
    7366
    7089
    6941
    7092
    6978
    6969
    6967
    6830
    6681
    6706
    6738
    6721
    6608
    6567
    6369
    6244
    6407
    6262
    6180
    6328
    5964
    5977
    5977
    5915
    5774
    5867
    5797
    5636
    5604
    5524
    5383
    5426
    5143
    5159
    5052
    4855
    4945
    4742
    4685
    4735
    4521
    4445
    4358
    4329
    4211
    4122
    3956
    3790
    3812
    3742
    3445
    3453
    3331
    3225
    3155
    3052
    2987
    2838
    2812
    2657
    2527
    2397
    2401
    2149
    2089
    2141
    1888
    1776
    1805
    1735
    1426
    1360
    1407
    1170
    1199
    1063
     991
     865
     860
     762
     763
     696
     636
     591
     532
     423
     445
     438
     389
     382
     364
     296
     293
     276
     287
     236
     242
     243
     219
     213
     197
     221
     191
     203
     190
     182
     185
     154
     166
     186
     153
     169
     169
     169
     174
     176
     194
     145
     176
     169
     160
     158
     181
     196
     166
     208
     169
     169
     185
     182
     174
     158
     165
     162
     187
     177
     154
     173
     175
     174
     171
     166
     181
     189
     179
     173
     148
     175
     167
     171
     187
     169
     173
     205
     183
     183
     207
     199
     198
     179
     170
     219
     170
     189
     206
     184
     221
     197
     178
     199
     172
     195
     222
     213
     189
     207
     192
     188
     215
     209
     216
     211
     202
     211
     255
     208
     232
     209
     246
     230
     225
     229
     208
     222
     216
     247
     272
     225
     240
     253
     245
     239
     279
     263
     267
     258
     253
     273
     269
     272
     292
     277
     292
     253
     290
     305
     322
     292
     302
     317
     314
     341
     296
     281
     321
     324
     286
     324
     341
     302
     351
     321
     341
     335
     330
     339
     376
     387
     346
     371
     347
     384
     390
     357
     390
     381
     357
     386
     418
     406
     407
     381
     388
     398
     375
     375
     383
     356
     395
     388
     369
     345
     403
     388
     417
     403
     408
     388
     406
     400
     373
     353
     389
     432
     416
     367
     339
     389
     392
     349
     365
     328
     344
     339
     351
     335
     331
     328
     364
     328
     357
     326
     316
     331
     299
     296
     308
     336
     330
     319
     334
     344
     298
     279
     311
     312
     276
     288
     285
     258
     302
     279
     278
     272
     273
     257
     286
     283
     281
     287
     238
     256
     253
     239
     232
     252
     194
     206
     235
     239
     207
     198
     190
     204
     197
     188
     202
     196
     199
     190
     170
     174
     165
     141
     177
     131
     138
     177
     135
     135
     130
     120
     134
     106
     109
     116
     111
     104
      74
     107
      87
      90
      66
      92
      76
      51
      52
      79
      64
      51
      49
      55
      47
      62
      34
      43
      31
      40
      29
      32
      28
      27
      28
      18
      31
      14
      18
      22
      24
      11
      18
      24
      24
      20
      11
      24
      20
      17
      12
      24
      21
      22
      14
      13
      12
      15
      18
      17
      13
      10
      11
       8
      22
      17
      11
      12
      13
      13
      12
      10
      11
      16
      18
      19
      11
      11
      18
      10
      13
       9
      15
      14
      17
       9
      20
      10
      12
      11
      18
      14
      13
      16
      11
      13
      10
      21
      20
      13
      15
      16
      10
      19
      15
      15
       8
      16
      13
      18
      17
      14
      12
      19
      23
      14
      15
      18
      19
      10
      10
      18
      21
      20
      11
      11
      13
      14
      13
      19
      13
       8
      20
      14
      20
       9
      12
       6
      15
      14
      11
      15
      11
      12
      11
      11
      14
       8
      14
      13
      16
      10
      17
      23
       8
       7
      13
      14
      15
      15
      11
       9
      18
      18
       4
      16
       8
      18
      14
      11
      20
      13
      14
      11
       8
       9
      15
      13
      15
      17
      14
      13
      12
       8
      17
      10
      20
      12
      12
      14
      13
      14
      20
      16
      10
      11
       9
      16
       7
      11
      15
       8
      14
       9
      12
       9
      12
      15
      13
      17
      13
       7
      18
      10
      13
       9
      13
      17
      12
      11
      14
      12
       8
      12
      10
       9
       8
      14
      10
      17
      18
      10
      12
      19
      15
      13
      11
      15
       9
      11
      10
      10
       9
      12
      11
      11
      12
       4
      12
      12
      11
       9
       9
       8
      13
       9
      17
      11
      16
      11
      13
       5
      21
      13
       6
       9
      11
      19
      10
       9
      10
      14
      11
      14
      13
       9
      15
      11
      15
      11
      10
      10
      15
      12
       7
      11
      18
      13
      16
      11
      13
      13
       9
      11
      11
      14
      17
      12
      17
      13
      13
       7
      12
      15
      12
      16
      12
      16
      12
       6
      14
      12
      15
      10
       4
      11
      13
      18
      15
       7
      12
      12
      10
       9
      10
      10
       7
      15
       5
      12
      10
      14
      20
      12
      14
       8
      13
      16
      10
       8
      15
       8
      14
       9
      14
      19
      13
       9
      11
       6
       4
       8
       4
       8
       3
       6
       4
       2
       3
       5
       1
       0
       1
       0
       0
       0
       1
       0
       0
       0
       0
       0
       0
       0
       0
       0
       0
       0
       0
       0
       0
       0
       0
       0
       0
       0
       0
       0
       0
       0
       0
       0
       0
       0
       0
       0
       0
       0
       0
       0
       0
       0
       0
       0
       0
       0
       0
       0
       0
       0
       0
       0
       0
       0
       0
       0
       0
       0
       0
$ROI:
0
$PRESETS:
Live Time
600
0
$ENER_FIT:
0.000000 0.000000
$MCA_CAL:
3
0.000000E+000 0.000000E+000 0.000000E+000 
$SHAPE_CAL:
3
0.000000E+000 0.000000E+000 0.000000E+000
