$SPEC_ID:
No sample description was entered.
$SPEC_REM:
DET# 1
DETDESC# PHY-R11-37 MCB 129
AP# Maestro Version 7.01
$DATE_MEA:
11/27/2012 16:14:16
$MEAS_TIM:
600 604
$DATA:
0 2047
       0
       0
       0
       0
       0
       0
       0
       0
       0
       0
       0
       0
       0
       0
       0
       0
       0
       0
       0
       0
       0
       0
       0
       0
       0
       0
       0
       0
       0
       0
       0
       0
       0
       0
       0
       0
       0
       0
       0
       0
       0
       0
       0
       0
       0
       0
       0
      16
     319
     331
     307
     286
     250
     247
     242
     217
     237
     232
     203
     189
     192
     167
     165
     161
     152
     153
     141
     139
     133
     132
     134
     122
     144
     129
     161
     135
     135
     132
     110
     115
      92
     142
     109
     136
     115
     123
     115
     116
     112
     102
     102
     104
     111
     113
     111
      97
     110
      98
     111
     100
      94
      79
      98
      96
     108
      80
      93
      98
     101
      97
      83
      93
      99
      82
      93
      93
      93
      80
      83
     104
     106
     105
      84
      88
      75
      89
      82
      99
      87
      89
      89
      91
      90
      97
      86
      95
      87
      92
      86
      73
      81
      97
      76
      81
      80
     109
      73
      93
      80
      77
      92
      65
      86
      88
      76
      87
      82
      80
      78
      66
      83
      85
      86
      91
      77
      89
      78
      61
      81
      71
      69
      83
      61
      76
      82
      79
      70
      68
      75
      71
      88
      75
      88
      88
      85
      88
      76
      67
      66
      80
      81
      89
      72
      63
      64
      72
      76
      72
      66
      64
      93
      52
      75
      87
      76
      70
      78
      84
      74
      82
      71
      64
      68
      74
      71
      83
      85
      89
      85
      66
      91
      86
      88
      59
      70
      61
      59
      84
      73
      66
      71
      72
      53
      62
      59
      66
      69
      55
      54
      75
      78
      77
      80
      62
      71
      78
      73
      71
      58
      79
      65
      72
      65
      62
      66
      60
      68
      63
      86
      69
      70
      72
      78
      83
      73
      75
      73
      56
      67
      77
      75
      76
      70
      73
      68
      53
      77
      90
      91
      71
      70
      61
      61
      76
      66
      58
      76
      70
      85
      63
      57
      70
      74
      52
      81
      76
      69
      75
      59
      77
      78
      79
      68
      75
      68
      70
      92
      62
      69
      79
      80
      71
      60
      78
      77
      76
      82
      74
      75
      78
      71
      76
      75
      71
      77
      92
      77
      64
      67
      64
      77
      73
      68
      88
      78
      85
      59
      77
      72
      85
      81
      71
      50
      67
      77
      70
      83
      75
      91
      86
      86
      73
      68
      78
      88
      60
      94
      87
      83
      79
      82
      95
      92
      59
      94
      86
      96
      78
      86
     110
      98
      83
      98
     101
     100
     103
     115
     103
     114
     108
      97
     120
     111
     125
     112
     130
     136
     119
     144
     124
     139
     105
     130
     146
     126
     141
     134
     172
     140
     165
     148
     156
     172
     164
     182
     180
     161
     191
     179
     197
     169
     175
     198
     214
     175
     217
     203
     198
     226
     183
     212
     214
     238
     250
     256
     233
     230
     258
     233
     220
     230
     266
     225
     230
     251
     264
     300
     265
     234
     269
     222
     268
     254
     232
     269
     270
     266
     258
     259
     248
     255
     251
     249
     248
     256
     248
     255
     257
     235
     281
     282
     275
     273
     253
     268
     257
     247
     250
     258
     253
     261
     258
     243
     274
     257
     270
     247
     235
     247
     272
     246
     250
     263
     254
     249
     282
     281
     290
     252
     284
     270
     247
     236
     260
     244
     271
     259
     259
     246
     240
     251
     277
     264
     255
     268
     249
     259
     249
     265
     265
     229
     242
     273
     248
     272
     253
     299
     239
     269
     251
     220
     262
     265
     266
     252
     272
     242
     265
     266
     256
     258
     267
     247
     246
     289
     241
     280
     243
     283
     260
     268
     264
     265
     298
     251
     246
     238
     272
     259
     260
     247
     279
     241
     268
     251
     260
     269
     270
     250
     256
     244
     246
     264
     240
     270
     257
     260
     256
     246
     255
     242
     251
     229
     243
     246
     256
     245
     270
     243
     253
     311
     271
     274
     267
     267
     264
     256
     249
     268
     233
     266
     271
     273
     217
     280
     235
     244
     264
     244
     263
     268
     275
     246
     283
     252
     242
     260
     249
     264
     235
     255
     263
     262
     234
     262
     273
     254
     225
     280
     261
     265
     248
     262
     264
     276
     264
     238
     270
     262
     254
     221
     259
     245
     280
     281
     252
     288
     298
     260
     257
     248
     272
     257
     234
     286
     261
     286
     267
     282
     292
     261
     249
     269
     286
     271
     281
     305
     251
     308
     263
     250
     270
     288
     269
     287
     277
     284
     288
     278
     265
     282
     279
     258
     281
     279
     268
     270
     245
     289
     271
     286
     279
     288
     281
     275
     264
     294
     278
     286
     309
     308
     301
     293
     299
     301
     317
     283
     322
     273
     286
     314
     270
     274
     301
     285
     309
     303
     312
     313
     299
     325
     285
     288
     294
     270
     302
     308
     291
     270
     314
     262
     275
     305
     322
     322
     296
     312
     320
     300
     332
     325
     311
     315
     344
     322
     293
     306
     301
     315
     306
     342
     281
     304
     310
     302
     280
     297
     339
     297
     319
     336
     307
     333
     300
     286
     320
     366
     338
     364
     330
     343
     343
     309
     310
     324
     335
     313
     323
     323
     317
     381
     351
     349
     337
     339
     350
     364
     327
     382
     331
     331
     350
     356
     358
     370
     368
     376
     376
     376
     343
     354
     362
     353
     380
     392
     407
     372
     393
     409
     389
     393
     401
     377
     368
     416
     393
     402
     406
     399
     443
     395
     409
     430
     410
     399
     373
     420
     410
     411
     403
     385
     444
     437
     414
     402
     392
     389
     414
     392
     434
     398
     416
     437
     386
     420
     394
     421
     426
     431
     432
     424
     423
     412
     419
     447
     409
     457
     436
     405
     452
     443
     442
     464
     412
     440
     405
     435
     422
     466
     401
     430
     416
     438
     448
     438
     433
     455
     413
     436
     453
     423
     442
     472
     442
     466
     412
     445
     443
     436
     429
     421
     435
     445
     429
     442
     410
     426
     456
     439
     425
     441
     448
     425
     468
     439
     447
     475
     437
     440
     438
     442
     472
     466
     450
     438
     467
     480
     474
     461
     499
     463
     458
     462
     508
     463
     491
     454
     452
     491
     478
     432
     404
     453
     475
     464
     471
     479
     480
     464
     435
     507
     437
     491
     476
     486
     461
     476
     484
     435
     470
     511
     458
     442
     497
     478
     485
     500
     446
     519
     495
     521
     503
     501
     523
     541
     501
     506
     480
     562
     545
     496
     505
     528
     525
     509
     526
     529
     550
     537
     517
     546
     523
     519
     564
     504
     523
     485
     555
     524
     529
     501
     555
     507
     562
     569
     570
     583
     546
     522
     512
     595
     576
     557
     552
     549
     569
     526
     562
     523
     525
     531
     532
     582
     530
     538
     501
     526
     558
     537
     557
     557
     517
     564
     552
     534
     582
     532
     521
     529
     560
     539
     551
     543
     555
     518
     588
     543
     576
     579
     540
     556
     562
     570
     576
     534
     569
     559
     560
     581
     589
     577
     574
     550
     565
     589
     572
     574
     595
     563
     571
     588
     583
     604
     549
     608
     604
     588
     599
     568
     580
     646
     616
     576
     610
     579
     624
     585
     583
     627
     599
     617
     586
     573
     615
     574
     623
     603
     568
     575
     605
     629
     603
     574
     598
     630
     605
     590
     642
     596
     631
     561
     639
     597
     603
     609
     598
     647
     660
     631
     660
     568
     633
     624
     656
     611
     592
     629
     637
     626
     612
     619
     654
     623
     637
     660
     644
     648
     642
     634
     663
     723
     645
     648
     621
     712
     683
     696
     698
     666
     662
     636
     661
     619
     660
     672
     688
     662
     710
     674
     711
     655
     712
     718
     713
     680
     767
     761
     707
     722
     737
     763
     737
     714
     777
     746
     733
     693
     759
     744
     778
     740
     782
     773
     743
     775
     813
     775
     813
     797
     742
     818
     847
     755
     833
     784
     781
     839
     825
     864
     817
     791
     879
     911
     845
     852
     843
     896
     846
     911
     936
     880
     886
     940
     935
     891
     850
     921
     953
     923
     923
     934
     964
     956
    1013
     990
    1037
    1043
    1122
    1024
    1063
    1049
    1100
    1124
    1130
    1174
    1096
    1147
    1186
    1156
    1205
    1189
    1230
    1285
    1258
    1258
    1288
    1283
    1304
    1427
    1345
    1474
    1513
    1508
    1442
    1523
    1478
    1447
    1465
    1543
    1510
    1558
    1641
    1704
    1696
    1699
    1692
    1703
    1716
    1802
    1746
    1815
    1763
    1755
    1845
    1774
    1797
    1845
    1876
    1886
    1842
    2030
    1925
    1975
    1901
    1850
    1973
    1947
    1913
    1885
    1905
    1949
    1913
    1915
    1920
    1875
    1892
    1809
    1831
    1912
    1835
    1821
    1870
    1772
    1829
    1780
    1864
    1713
    1739
    1892
    1792
    1720
    1688
    1692
    1709
    1760
    1669
    1687
    1567
    1641
    1659
    1577
    1636
    1606
    1547
    1550
    1577
    1556
    1593
    1534
    1452
    1439
    1468
    1509
    1391
    1415
    1318
    1391
    1331
    1303
    1227
    1242
    1295
    1270
    1212
    1143
    1211
    1145
    1091
    1098
    1027
    1027
    1061
     986
     905
     967
     938
     884
     868
     826
     825
     828
     782
     781
     697
     690
     684
     650
     623
     549
     526
     501
     446
     482
     471
     415
     391
     380
     362
     312
     282
     281
     267
     229
     227
     188
     178
     168
     141
     159
     129
     122
     105
     113
      89
      79
      93
      85
      78
      56
      69
      60
      47
      48
      73
      64
      39
      44
      45
      55
      39
      39
      37
      43
      39
      39
      45
      37
      51
      46
      36
      49
      43
      42
      39
      32
      46
      38
      44
      40
      34
      35
      26
      36
      48
      37
      29
      44
      34
      38
      38
      32
      39
      44
      34
      35
      44
      35
      43
      40
      47
      38
      46
      55
      45
      40
      42
      46
      34
      47
      40
      47
      49
      25
      50
      52
      35
      36
      43
      45
      45
      37
      54
      43
      58
      43
      39
      46
      51
      42
      37
      59
      53
      51
      51
      45
      45
      43
      54
      43
      51
      44
      50
      55
      59
      60
      60
      44
      40
      56
      66
      62
      55
      57
      46
      45
      61
      59
      72
      59
      73
      60
      50
      58
      57
      72
      67
      56
      78
      64
      70
      76
      76
      71
      82
      76
      60
      90
      69
      68
      79
      65
      82
      71
      77
      79
      78
      84
      74
      76
      84
     109
      88
     104
      88
     109
      96
      83
      88
      93
      99
      86
      86
      94
     114
      97
     119
      83
      78
     103
      97
      91
     103
      91
     105
     102
      83
     114
      96
      99
      82
      85
      87
     100
      86
      85
      97
      94
      93
      81
     100
     100
     104
      97
      89
      82
      95
      90
      96
      86
     104
      83
      70
      76
      98
      85
      71
      87
      78
      77
      87
      84
      72
      78
      79
      78
      78
      66
      77
      74
      77
      64
      74
      82
      71
      77
      84
      63
      61
      63
      70
      76
      76
      54
      51
      70
      63
      73
      66
      71
      66
      41
      59
      59
      77
      49
      63
      56
      55
      50
      46
      49
      43
      43
      55
      47
      36
      30
      41
      38
      33
      38
      32
      39
      29
      32
      33
      25
      28
      40
      32
      33
      34
      31
      23
      14
      19
      19
      19
      12
      17
      16
      13
      14
      11
      10
      20
      16
      14
      11
       8
      10
      10
      11
       7
      10
       6
       8
       5
      10
       4
       2
       5
       2
       2
       1
       4
       2
       0
       1
       3
       3
       1
       1
       0
       1
       1
       3
       0
       0
       2
       0
       0
       1
       1
       2
       1
       1
       3
       0
       0
       1
       3
       1
       3
       0
       3
       0
       2
       0
       1
       0
       0
       1
       2
       2
       0
       2
       1
       0
       0
       0
       1
       0
       2
       2
       3
       2
       2
       0
       1
       1
       3
       1
       1
       0
       1
       2
       0
       2
       1
       0
       0
       2
       2
       2
       0
       0
       0
       0
       2
       1
       0
       1
       1
       0
       1
       0
       2
       2
       1
       1
       0
       2
       1
       0
       1
       3
       0
       1
       1
       1
       1
       0
       1
       2
       0
       1
       0
       0
       0
       0
       1
       1
       2
       0
       1
       3
       1
       1
       1
       2
       1
       0
       0
       3
       2
       0
       0
       2
       0
       1
       1
       0
       0
       1
       0
       0
       1
       1
       1
       0
       1
       1
       1
       2
       0
       0
       1
       0
       2
       0
       2
       0
       0
       2
       0
       0
       0
       0
       1
       1
       0
       0
       0
       2
       1
       2
       0
       1
       1
       0
       2
       2
       0
       1
       0
       1
       1
       2
       1
       1
       0
       2
       1
       1
       0
       1
       0
       3
       1
       0
       0
       3
       0
       1
       2
       0
       0
       0
       0
       2
       1
       0
       2
       0
       2
       0
       2
       1
       0
       1
       1
       0
       1
       0
       6
       0
       2
       1
       0
       1
       2
       0
       1
       0
       0
       1
       1
       0
       0
       0
       0
       0
       0
       0
       0
       1
       0
       1
       0
       3
       0
       0
       1
       1
       1
       1
       1
       1
       0
       0
       1
       1
       1
       0
       1
       0
       1
       0
       0
       2
       0
       0
       1
       1
       0
       0
       0
       1
       1
       0
       0
       1
       2
       0
       1
       1
       0
       5
       0
       3
       1
       0
       1
       2
       0
       0
       0
       0
       0
       0
       0
       1
       0
       0
       1
       1
       0
       0
       0
       1
       1
       1
       1
       1
       2
       0
       0
       0
       0
       0
       0
       0
       3
       0
       0
       0
       1
       0
       0
       0
       0
       0
       0
       0
       0
       0
       0
       0
       0
       0
       0
       0
       0
       0
       0
       0
       0
       0
       0
       0
       0
       0
       0
       0
       0
       0
       0
       0
       0
       0
       0
       0
       0
       0
       0
       0
       0
       0
       0
       0
       0
       0
       0
       0
       0
       0
       0
       0
       0
       0
       0
       0
       0
       0
       0
       0
       0
$ROI:
0
$PRESETS:
Live Time
600
0
$ENER_FIT:
0.000000 0.000000
$MCA_CAL:
3
0.000000E+000 0.000000E+000 0.000000E+000 
$SHAPE_CAL:
3
0.000000E+000 0.000000E+000 0.000000E+000
