$SPEC_ID:
No sample description was entered.
$SPEC_REM:
DET# 1
DETDESC# PHY-R11-37 MCB 129
AP# Maestro Version 7.01
$DATE_MEA:
11/27/2012 16:39:03
$MEAS_TIM:
600 601
$DATA:
0 2047
       0
       0
       0
       0
       0
       0
       0
       0
       0
       0
       0
       0
       0
       0
       0
       0
       0
       0
       0
       0
       0
       0
       0
       0
       0
       0
       0
       0
       0
       0
       0
       0
       0
       0
       0
       0
       0
       0
       0
       0
       0
       0
       0
       0
       0
       1
       0
      18
     161
     162
     177
     156
     143
     126
     133
     110
     131
     108
     101
     104
      88
      83
      86
      79
      71
      66
      66
      72
      77
      69
      73
      68
      68
      63
      55
      59
      62
      57
      43
      52
      45
      57
      36
      67
      57
      50
      56
      44
      52
      63
      48
      38
      64
      53
      58
      45
      53
      49
      54
      50
      47
      45
      47
      48
      36
      51
      57
      46
      44
      50
      57
      49
      42
      47
      45
      46
      43
      57
      50
      41
      49
      36
      43
      30
      30
      45
      43
      48
      40
      48
      43
      44
      31
      44
      33
      38
      33
      44
      31
      33
      51
      42
      48
      47
      52
      42
      45
      31
      41
      55
      44
      35
      39
      41
      32
      49
      40
      37
      34
      27
      30
      41
      38
      37
      31
      32
      38
      35
      45
      32
      41
      29
      39
      28
      47
      30
      37
      44
      37
      30
      39
      40
      30
      43
      30
      37
      31
      30
      45
      44
      38
      30
      38
      40
      32
      26
      31
      23
      44
      40
      37
      19
      32
      34
      41
      37
      47
      32
      37
      39
      39
      36
      32
      41
      23
      31
      33
      43
      33
      24
      48
      31
      34
      35
      45
      36
      33
      37
      34
      44
      31
      29
      31
      27
      32
      38
      34
      45
      40
      18
      34
      34
      30
      37
      31
      41
      44
      48
      34
      41
      39
      35
      38
      38
      38
      38
      35
      33
      36
      41
      32
      42
      41
      32
      29
      31
      38
      38
      33
      40
      35
      39
      39
      30
      32
      38
      37
      28
      37
      31
      38
      47
      30
      37
      32
      38
      32
      30
      31
      39
      30
      40
      39
      29
      39
      40
      41
      32
      37
      41
      29
      32
      37
      36
      31
      35
      36
      38
      29
      34
      38
      34
      32
      36
      37
      42
      32
      39
      33
      45
      49
      29
      30
      47
      33
      31
      42
      48
      34
      32
      30
      43
      28
      34
      33
      32
      29
      40
      38
      31
      37
      33
      43
      31
      36
      36
      32
      35
      27
      34
      35
      28
      36
      42
      44
      43
      46
      42
      38
      45
      42
      32
      30
      40
      42
      47
      43
      44
      47
      41
      43
      36
      58
      53
      41
      61
      40
      61
      55
      64
      46
      53
      49
      57
      57
      68
      59
      63
      69
      67
      68
      80
      74
      52
      60
      59
      65
      79
      64
      71
      62
      81
      76
      67
      85
      75
      80
      86
      85
      73
     100
      79
     104
     100
      98
      86
     110
      98
     102
      96
     112
     104
     101
     112
     110
     102
     104
     108
     131
     112
     127
     124
     116
     136
     105
     110
     125
     122
     108
     136
     104
     112
     103
     128
     129
     113
     126
     136
     141
     126
     127
     144
     123
     130
     135
     128
     135
     107
     118
     128
     119
     110
     121
     119
     133
     123
     114
     118
     147
     110
     124
     101
     133
     122
     114
     103
     121
     139
     130
     131
     117
     113
     104
     116
     120
     116
      91
     119
     102
     118
     104
     111
     126
     121
     111
     114
     127
     141
     120
     133
     112
     132
     122
     122
     134
     121
     126
     124
     121
     124
     130
     129
     103
     120
     144
     107
     122
      93
     135
     123
     122
     138
     115
     132
     116
     132
     109
     124
     129
     127
     112
     117
     145
     123
     109
     112
     119
     146
     144
     133
     115
     139
     117
     113
     117
     126
     133
     120
     110
     136
     119
     125
     123
     126
     122
     121
     138
     130
     129
     140
     130
     110
     127
     122
     121
     121
     113
     126
     126
     126
     131
     101
     151
     124
     108
     140
     115
     119
     114
     144
     127
     111
     130
     118
     111
     125
     121
     143
     126
     131
      99
     132
     123
     116
     118
     114
     114
     114
     115
     144
     126
     102
     117
     121
     132
     127
     137
     133
     141
     145
     140
     116
     114
     144
     120
     136
     130
     111
     115
     141
     122
     138
     134
     133
     134
     145
     110
     112
     138
     141
     118
     131
     128
     124
     133
     121
     129
     135
     124
     112
     123
     135
     115
     138
     136
     117
     141
     117
     126
     124
     106
     124
     148
     117
     155
     119
     121
     144
     137
     118
     133
     153
     150
     136
     133
     129
     134
     123
     119
     145
     130
     132
     155
     124
     134
     134
     140
     115
     158
     147
     120
     144
     138
     139
     135
     145
     118
     129
     140
     133
     119
     139
     147
     132
     150
     131
     137
     138
     126
     145
     149
     133
     151
     128
     124
     132
     154
     150
     124
     137
     156
     147
     128
     142
     133
     145
     155
     150
     122
     135
     143
     142
     152
     146
     138
     135
     166
     146
     139
     167
     134
     143
     151
     141
     156
     147
     145
     159
     158
     152
     159
     138
     147
     149
     152
     141
     169
     155
     171
     138
     148
     169
     146
     150
     146
     146
     167
     165
     153
     157
     149
     170
     157
     176
     167
     148
     169
     170
     164
     133
     149
     160
     170
     157
     145
     166
     199
     173
     171
     172
     181
     174
     154
     179
     152
     155
     191
     204
     206
     158
     191
     184
     174
     177
     162
     174
     172
     197
     172
     196
     161
     196
     207
     182
     201
     188
     190
     170
     199
     193
     184
     203
     157
     190
     201
     197
     206
     195
     192
     199
     203
     184
     182
     197
     191
     198
     195
     217
     213
     224
     246
     219
     218
     222
     210
     203
     174
     176
     214
     183
     192
     205
     183
     228
     203
     165
     210
     201
     195
     203
     182
     174
     197
     210
     198
     184
     202
     208
     211
     241
     204
     194
     196
     216
     224
     183
     178
     197
     199
     225
     188
     207
     207
     180
     225
     206
     236
     204
     179
     211
     202
     212
     230
     227
     227
     226
     231
     231
     201
     224
     206
     216
     222
     216
     206
     209
     208
     244
     210
     195
     231
     209
     198
     202
     217
     221
     214
     227
     218
     203
     231
     216
     231
     232
     204
     230
     204
     241
     218
     236
     214
     228
     240
     236
     242
     211
     200
     225
     222
     235
     201
     231
     233
     230
     226
     241
     226
     237
     234
     240
     241
     224
     207
     203
     262
     239
     250
     226
     246
     237
     213
     225
     228
     237
     245
     236
     227
     243
     237
     243
     232
     223
     229
     244
     252
     254
     250
     231
     221
     235
     244
     256
     275
     262
     256
     236
     253
     261
     239
     285
     274
     270
     260
     258
     277
     247
     238
     269
     270
     258
     251
     249
     260
     248
     261
     246
     241
     273
     236
     256
     273
     246
     285
     276
     276
     239
     258
     282
     276
     244
     260
     279
     270
     270
     257
     257
     253
     268
     260
     262
     275
     263
     274
     277
     251
     268
     229
     299
     288
     266
     285
     252
     260
     249
     286
     271
     262
     262
     270
     270
     272
     275
     295
     268
     267
     278
     279
     315
     274
     243
     288
     248
     265
     287
     280
     282
     292
     276
     252
     244
     255
     268
     290
     280
     297
     245
     308
     304
     292
     283
     282
     295
     300
     285
     274
     323
     285
     303
     295
     283
     294
     282
     269
     281
     257
     294
     286
     287
     275
     276
     280
     269
     284
     284
     279
     301
     302
     296
     288
     295
     326
     299
     291
     280
     268
     334
     271
     287
     308
     315
     311
     284
     316
     284
     316
     319
     288
     295
     324
     319
     308
     307
     325
     320
     307
     295
     324
     316
     339
     327
     334
     307
     336
     298
     308
     317
     312
     339
     328
     360
     310
     354
     361
     360
     343
     323
     336
     341
     339
     328
     315
     348
     346
     378
     346
     392
     325
     360
     324
     355
     344
     343
     351
     377
     357
     366
     426
     370
     355
     390
     368
     378
     363
     383
     373
     375
     362
     374
     373
     415
     372
     443
     409
     417
     400
     397
     415
     445
     418
     409
     425
     415
     438
     455
     463
     441
     448
     386
     435
     455
     418
     473
     511
     471
     450
     532
     460
     481
     489
     484
     519
     482
     504
     518
     531
     565
     547
     597
     604
     579
     567
     590
     623
     594
     596
     688
     620
     610
     593
     643
     653
     721
     641
     706
     717
     744
     718
     717
     756
     727
     752
     758
     809
     803
     779
     808
     815
     802
     847
     868
     858
     890
     913
     941
     915
     872
     891
     900
     844
     931
     885
     933
     946
     908
     925
     923
     894
     897
     918
     896
     965
     938
    1013
     954
     868
     868
     894
     941
     927
     949
     875
     889
     849
     948
     854
     877
     865
     917
     830
     891
     826
     787
     757
     882
     804
     844
     776
     767
     810
     796
     759
     743
     702
     742
     744
     723
     760
     673
     734
     792
     701
     698
     677
     681
     746
     680
     673
     609
     653
     659
     618
     625
     618
     597
     566
     560
     567
     554
     568
     523
     488
     539
     495
     467
     470
     450
     463
     419
     439
     360
     364
     388
     370
     371
     351
     316
     326
     294
     304
     252
     246
     247
     238
     227
     213
     188
     193
     191
     166
     149
     129
     127
     109
     102
      98
      83
      83
      97
      73
      66
      56
      54
      52
      57
      55
      40
      34
      40
      36
      30
      24
      30
      26
      34
      23
      21
      21
      28
      17
      14
      14
      12
      27
      20
      22
      24
      17
      17
      26
      14
      17
      23
      16
      13
      24
      33
      18
      26
      25
      19
      11
      13
      18
      21
      21
      14
      19
      14
      15
      22
      11
      15
      16
      22
      26
      23
      17
      19
      26
      24
      22
      15
      13
      23
      22
      17
      26
      25
      18
      15
      14
      16
      31
      21
      16
      15
      18
      19
      20
      21
      22
      17
      23
      22
      30
      14
      26
      15
      24
      21
      19
      34
      16
      26
      24
      33
      39
      17
      36
      20
      24
      31
      25
      27
      23
      32
      23
      33
      27
      33
      23
      24
      28
      30
      38
      26
      31
      23
      35
      30
      29
      27
      27
      24
      22
      26
      41
      30
      27
      37
      31
      20
      28
      27
      30
      47
      37
      36
      38
      31
      34
      26
      33
      41
      34
      33
      31
      32
      37
      42
      45
      49
      45
      46
      44
      37
      49
      49
      42
      49
      53
      41
      49
      47
      58
      43
      45
      44
      51
      54
      40
      41
      40
      35
      44
      28
      44
      41
      44
      42
      33
      38
      41
      48
      46
      39
      39
      50
      45
      39
      50
      46
      44
      34
      48
      28
      37
      42
      43
      46
      30
      42
      44
      46
      51
      46
      45
      39
      39
      39
      34
      26
      36
      39
      36
      40
      51
      31
      29
      49
      40
      37
      37
      31
      39
      41
      34
      33
      33
      32
      33
      27
      36
      40
      34
      24
      28
      30
      34
      29
      27
      29
      27
      25
      40
      30
      26
      30
      20
      20
      22
      25
      25
      22
      26
      22
      24
      22
      20
      16
      18
      21
      18
      15
      23
      15
      11
      16
      10
      11
       7
      13
      13
      20
      12
      13
       7
       7
       3
       8
       5
      12
      12
       5
       9
       6
       4
       7
       2
       2
       4
       1
       1
       4
       2
       4
       0
       2
       1
       0
       1
       1
       1
       0
       2
       3
       1
       2
       3
       0
       0
       0
       1
       3
       1
       2
       1
       0
       1
       0
       0
       0
       1
       0
       1
       0
       1
       0
       0
       0
       0
       0
       0
       1
       0
       0
       0
       0
       0
       0
       0
       0
       0
       2
       0
       0
       0
       1
       0
       0
       0
       0
       0
       0
       0
       0
       0
       0
       0
       0
       1
       0
       0
       0
       0
       0
       0
       0
       0
       0
       0
       0
       1
       1
       0
       1
       2
       0
       0
       0
       0
       0
       0
       0
       0
       0
       1
       1
       0
       0
       1
       0
       0
       1
       0
       0
       0
       0
       0
       1
       0
       1
       1
       0
       0
       0
       0
       0
       0
       0
       0
       0
       0
       0
       0
       2
       0
       0
       0
       0
       0
       1
       0
       1
       0
       0
       1
       0
       1
       0
       0
       0
       0
       0
       1
       0
       0
       0
       0
       0
       1
       0
       0
       0
       0
       0
       0
       1
       0
       0
       0
       0
       0
       0
       0
       1
       0
       0
       0
       0
       1
       0
       0
       0
       0
       0
       0
       0
       0
       1
       0
       1
       0
       0
       0
       1
       0
       0
       0
       0
       1
       0
       1
       0
       0
       0
       0
       0
       0
       0
       0
       0
       0
       0
       0
       0
       0
       0
       0
       0
       0
       0
       0
       0
       0
       1
       0
       1
       0
       0
       0
       0
       0
       0
       0
       0
       0
       0
       0
       0
       0
       0
       0
       0
       0
       0
       1
       0
       0
       0
       0
       0
       0
       0
       0
       0
       0
       0
       1
       0
       1
       0
       0
       1
       0
       0
       0
       0
       0
       0
       0
       0
       0
       0
       0
       1
       0
       0
       0
       0
       1
       0
       0
       1
       1
       1
       0
       0
       0
       0
       0
       0
       0
       0
       1
       1
       0
       0
       0
       0
       0
       1
       1
       1
       0
       0
       0
       0
       0
       0
       1
       0
       1
       0
       0
       0
       0
       0
       0
       0
       0
       0
       0
       0
       1
       1
       0
       0
       0
       0
       0
       0
       0
       0
       0
       0
       0
       0
       0
       0
       0
       0
       0
       0
       0
       0
       0
       0
       0
       0
       0
       0
       0
       0
       0
       0
       0
       0
       0
       0
       0
       0
       0
       0
       0
       0
       0
       0
       0
       0
       0
       0
       0
       0
       0
       0
       0
       0
       0
       0
       0
       0
       0
       0
       0
       0
       0
       0
       0
       0
       0
       0
       0
       0
       0
       0
       0
       0
$ROI:
0
$PRESETS:
Live Time
600
0
$ENER_FIT:
0.000000 0.000000
$MCA_CAL:
3
0.000000E+000 0.000000E+000 0.000000E+000 
$SHAPE_CAL:
3
0.000000E+000 0.000000E+000 0.000000E+000
