$SPEC_ID:
No sample description was entered.
$SPEC_REM:
DET# 1
DETDESC# PHY-R11-37 MCB 129
AP# Maestro Version 7.01
$DATE_MEA:
11/27/2012 14:53:33
$MEAS_TIM:
600 623
$DATA:
0 2047
       0
       0
       0
       0
       0
       0
       0
       0
       0
       0
       0
       0
       0
       0
       0
       0
       0
       0
       0
       0
       0
       0
       0
       0
       0
       0
       0
       0
       0
       0
       0
       0
       0
       0
       0
       0
       0
       2
       3
       4
       7
       4
       7
      15
      10
      17
      20
     166
    2887
    2961
    2600
    2406
    2163
    1914
    1826
    1647
    1448
    1365
    1280
    1183
    1084
    1066
     988
     916
     936
     843
     877
     754
     757
     794
     787
     728
     720
     652
     675
     607
     603
     623
     677
     642
     617
     615
     599
     596
     552
     603
     579
     566
     573
     575
     578
     531
     514
     527
     560
     618
     539
     554
     565
     493
     508
     532
     492
     461
     488
     521
     506
     475
     524
     467
     476
     488
     504
     478
     487
     492
     472
     456
     480
     459
     485
     472
     523
     465
     472
     440
     484
     437
     415
     472
     480
     457
     459
     470
     416
     420
     457
     441
     452
     407
     441
     400
     434
     456
     468
     435
     449
     408
     434
     452
     400
     433
     433
     417
     432
     449
     440
     449
     421
     399
     447
     419
     410
     401
     454
     426
     426
     448
     400
     409
     466
     434
     382
     393
     425
     390
     365
     384
     387
     393
     421
     401
     406
     417
     412
     421
     381
     383
     386
     414
     396
     408
     392
     386
     385
     383
     411
     391
     400
     389
     406
     396
     421
     417
     382
     402
     385
     362
     384
     386
     385
     412
     353
     366
     404
     381
     388
     416
     368
     342
     365
     375
     398
     375
     359
     388
     385
     392
     385
     387
     373
     379
     402
     357
     395
     381
     398
     342
     377
     423
     388
     392
     358
     399
     401
     376
     366
     379
     344
     397
     374
     398
     362
     359
     403
     367
     376
     397
     389
     404
     352
     401
     359
     385
     326
     373
     356
     393
     368
     375
     388
     367
     383
     388
     395
     373
     372
     376
     407
     393
     339
     385
     386
     382
     354
     400
     417
     384
     381
     374
     373
     388
     340
     387
     394
     372
     387
     362
     388
     379
     380
     387
     419
     366
     401
     369
     374
     377
     367
     407
     380
     353
     419
     386
     384
     404
     411
     393
     367
     379
     426
     383
     390
     385
     378
     403
     403
     395
     378
     402
     409
     408
     397
     423
     390
     392
     396
     420
     418
     373
     400
     424
     406
     412
     376
     395
     395
     407
     410
     401
     408
     423
     421
     411
     418
     452
     405
     425
     448
     386
     390
     454
     417
     447
     421
     427
     459
     454
     499
     439
     435
     495
     494
     519
     465
     463
     451
     490
     501
     501
     503
     541
     498
     555
     530
     617
     584
     579
     573
     585
     618
     585
     597
     630
     612
     641
     681
     676
     678
     683
     695
     737
     637
     734
     709
     742
     796
     757
     761
     797
     811
     784
     844
     873
     919
     900
     952
     908
     931
    1027
     994
     979
    1013
    1012
    1088
    1043
    1034
    1069
    1095
    1113
    1148
    1194
    1164
    1143
    1173
    1163
    1196
    1206
    1312
    1249
    1265
    1257
    1269
    1366
    1254
    1252
    1254
    1288
    1288
    1344
    1357
    1365
    1403
    1282
    1345
    1250
    1315
    1352
    1387
    1349
    1330
    1371
    1315
    1336
    1366
    1296
    1332
    1333
    1379
    1347
    1359
    1348
    1413
    1338
    1369
    1378
    1326
    1289
    1319
    1357
    1316
    1382
    1331
    1346
    1289
    1324
    1299
    1371
    1354
    1325
    1337
    1348
    1346
    1358
    1374
    1341
    1320
    1369
    1268
    1352
    1318
    1375
    1370
    1378
    1334
    1414
    1347
    1336
    1324
    1327
    1322
    1322
    1352
    1340
    1397
    1253
    1368
    1314
    1364
    1382
    1386
    1360
    1367
    1371
    1412
    1327
    1320
    1385
    1366
    1374
    1350
    1426
    1383
    1355
    1388
    1377
    1268
    1376
    1380
    1377
    1436
    1372
    1377
    1387
    1335
    1382
    1300
    1426
    1377
    1419
    1313
    1383
    1356
    1424
    1314
    1377
    1343
    1402
    1408
    1344
    1362
    1363
    1308
    1442
    1368
    1439
    1417
    1404
    1354
    1358
    1323
    1451
    1330
    1373
    1393
    1333
    1346
    1410
    1317
    1422
    1331
    1338
    1397
    1363
    1442
    1455
    1357
    1312
    1356
    1396
    1312
    1393
    1379
    1378
    1361
    1381
    1376
    1421
    1342
    1421
    1385
    1308
    1320
    1365
    1413
    1362
    1330
    1338
    1393
    1392
    1404
    1365
    1339
    1348
    1353
    1366
    1324
    1353
    1344
    1297
    1344
    1392
    1342
    1375
    1385
    1339
    1396
    1328
    1424
    1378
    1340
    1397
    1408
    1340
    1376
    1459
    1321
    1370
    1393
    1414
    1436
    1446
    1492
    1447
    1408
    1422
    1347
    1374
    1442
    1443
    1400
    1460
    1374
    1438
    1446
    1416
    1368
    1369
    1411
    1451
    1408
    1393
    1477
    1369
    1389
    1369
    1435
    1428
    1475
    1423
    1370
    1424
    1410
    1534
    1413
    1506
    1483
    1459
    1455
    1423
    1479
    1485
    1403
    1487
    1441
    1400
    1467
    1439
    1542
    1394
    1460
    1464
    1478
    1412
    1520
    1458
    1399
    1499
    1459
    1525
    1485
    1491
    1574
    1488
    1492
    1472
    1533
    1510
    1483
    1507
    1499
    1468
    1596
    1539
    1550
    1559
    1478
    1479
    1550
    1524
    1499
    1560
    1551
    1531
    1525
    1535
    1590
    1580
    1593
    1607
    1540
    1532
    1568
    1534
    1559
    1583
    1599
    1543
    1584
    1601
    1570
    1594
    1643
    1574
    1654
    1594
    1557
    1720
    1686
    1663
    1595
    1631
    1572
    1614
    1703
    1551
    1594
    1628
    1623
    1616
    1607
    1622
    1639
    1729
    1720
    1625
    1679
    1699
    1651
    1698
    1712
    1711
    1753
    1708
    1694
    1656
    1725
    1787
    1753
    1817
    1763
    1788
    1775
    1733
    1735
    1717
    1737
    1717
    1864
    1708
    1816
    1828
    1777
    1971
    1866
    1799
    1816
    1853
    1846
    1896
    1904
    1861
    1871
    1878
    1870
    1864
    1887
    1922
    1957
    1891
    1998
    1896
    1930
    1993
    1877
    1910
    2009
    2009
    1984
    1985
    2070
    2054
    2051
    1968
    2024
    2043
    2024
    2000
    2147
    2126
    2123
    2112
    2138
    2107
    2131
    2087
    2162
    2140
    2123
    2142
    2183
    2213
    2182
    2278
    2214
    2197
    2097
    2237
    2214
    2161
    2138
    2211
    2248
    2224
    2133
    2220
    2299
    2197
    2201
    2227
    2277
    2186
    2116
    2119
    2237
    2218
    2251
    2160
    2173
    2238
    2199
    2205
    2210
    2251
    2315
    2263
    2234
    2231
    2274
    2160
    2284
    2256
    2224
    2384
    2189
    2325
    2236
    2303
    2395
    2322
    2269
    2350
    2333
    2283
    2307
    2305
    2215
    2343
    2296
    2297
    2369
    2344
    2283
    2322
    2379
    2317
    2275
    2350
    2343
    2401
    2386
    2350
    2384
    2477
    2360
    2470
    2456
    2419
    2363
    2448
    2353
    2413
    2358
    2361
    2392
    2444
    2384
    2391
    2437
    2378
    2443
    2428
    2522
    2415
    2403
    2453
    2417
    2424
    2382
    2571
    2570
    2437
    2506
    2500
    2508
    2542
    2493
    2439
    2495
    2470
    2667
    2548
    2506
    2504
    2504
    2410
    2503
    2566
    2502
    2537
    2562
    2515
    2519
    2596
    2699
    2556
    2610
    2546
    2605
    2619
    2552
    2545
    2649
    2684
    2695
    2629
    2701
    2692
    2707
    2659
    2671
    2692
    2717
    2726
    2731
    2707
    2650
    2744
    2666
    2822
    2663
    2803
    2852
    2744
    2817
    2754
    2840
    2820
    2783
    2819
    2845
    2740
    2779
    2753
    2905
    2851
    2843
    2907
    2800
    2797
    2757
    2829
    2869
    2806
    2854
    2880
    2837
    2862
    2839
    2785
    2854
    2796
    2959
    2738
    2961
    2857
    2952
    2900
    2805
    2928
    2855
    2825
    2973
    2870
    2860
    2927
    2890
    2979
    2884
    2919
    2825
    2989
    2977
    2855
    2904
    2930
    3014
    3012
    2867
    2875
    2923
    2925
    2885
    2960
    3020
    2897
    2931
    2912
    2921
    2975
    2950
    3004
    3092
    3025
    3013
    2934
    2993
    3069
    3026
    3119
    2994
    3110
    3000
    3048
    3058
    3048
    3059
    3029
    3147
    3023
    3024
    3129
    3083
    3098
    3077
    3098
    3045
    3042
    3077
    3102
    3065
    3156
    3086
    3112
    3152
    3127
    3124
    3116
    3213
    3146
    3116
    3136
    3092
    3143
    3118
    3253
    3098
    3170
    3315
    3153
    3234
    3301
    3119
    3203
    3306
    3287
    3174
    3251
    3328
    3161
    3254
    3336
    3215
    3292
    3265
    3179
    3304
    3321
    3398
    3332
    3329
    3241
    3393
    3407
    3424
    3323
    3391
    3399
    3366
    3352
    3394
    3354
    3465
    3414
    3432
    3444
    3359
    3428
    3444
    3372
    3490
    3549
    3460
    3586
    3682
    3496
    3437
    3622
    3557
    3646
    3614
    3627
    3511
    3564
    3630
    3654
    3656
    3680
    3777
    3687
    3708
    3764
    3801
    3832
    3780
    3632
    3836
    3767
    3828
    3748
    3746
    3751
    3808
    3883
    3957
    3917
    3987
    3877
    3989
    4001
    3965
    4064
    3999
    4040
    4143
    4120
    3999
    4056
    4177
    4152
    4196
    4185
    4294
    4264
    4153
    4360
    4138
    4266
    4474
    4308
    4388
    4477
    4398
    4452
    4401
    4466
    4645
    4629
    4615
    4710
    4785
    4720
    4749
    4821
    4924
    4883
    4940
    5007
    5086
    5060
    5049
    5205
    5117
    5109
    5160
    5349
    5485
    5367
    5464
    5445
    5680
    5628
    5776
    5875
    5891
    5981
    5697
    5981
    6246
    6253
    6332
    6382
    6399
    6496
    6504
    6706
    6795
    7113
    6920
    6953
    6994
    7268
    7350
    7537
    7640
    7583
    7752
    7964
    7883
    7927
    8189
    8328
    8360
    8445
    8424
    8765
    8748
    8926
    8928
    8950
    9214
    9311
    9253
    9371
    9549
    9421
    9674
    9706
    9864
    9915
    9742
    9740
    9867
    9865
   10150
   10064
    9943
    9995
   10104
   10078
   10122
   10117
    9972
   10084
   10081
   10022
    9903
    9802
    9996
    9825
   10034
    9925
    9939
    9569
    9779
    9560
    9540
    9764
    9478
    9547
    9373
    9443
    9293
    9246
    9203
    9036
    9109
    9039
    8934
    8806
    8692
    8587
    8448
    8530
    8305
    8285
    8376
    8224
    8248
    7976
    7983
    7895
    7742
    7783
    7650
    7492
    7395
    7114
    7156
    7103
    7016
    6819
    6639
    6617
    6598
    6416
    6372
    6407
    6080
    6059
    5830
    5844
    5653
    5498
    5417
    5372
    5043
    4917
    4928
    4736
    4628
    4526
    4255
    4129
    4089
    3901
    3769
    3665
    3498
    3404
    3263
    3142
    2956
    2762
    2751
    2642
    2453
    2373
    2232
    2051
    2049
    1938
    1814
    1678
    1593
    1499
    1359
    1252
    1124
    1040
    1019
     945
     870
     791
     723
     697
     692
     601
     552
     498
     488
     460
     419
     393
     400
     371
     353
     333
     311
     304
     280
     256
     248
     294
     257
     301
     246
     247
     229
     268
     252
     268
     219
     263
     233
     234
     259
     225
     260
     230
     204
     220
     232
     242
     237
     236
     240
     230
     216
     230
     244
     224
     209
     248
     240
     226
     258
     225
     236
     230
     250
     233
     239
     235
     247
     238
     251
     226
     230
     248
     240
     234
     230
     229
     244
     217
     247
     255
     246
     258
     245
     245
     256
     243
     242
     237
     257
     263
     279
     258
     272
     261
     272
     257
     256
     252
     271
     269
     279
     299
     288
     287
     302
     285
     288
     305
     331
     297
     331
     293
     298
     316
     282
     292
     306
     306
     368
     344
     308
     308
     336
     300
     327
     352
     342
     346
     342
     352
     357
     350
     334
     360
     357
     334
     349
     337
     351
     380
     372
     365
     396
     406
     378
     413
     450
     439
     435
     420
     433
     416
     436
     438
     456
     462
     476
     494
     464
     441
     480
     472
     474
     424
     444
     463
     470
     471
     489
     487
     492
     494
     530
     472
     512
     515
     497
     520
     487
     515
     528
     461
     529
     521
     499
     490
     556
     482
     472
     530
     497
     569
     501
     498
     530
     535
     463
     488
     524
     494
     483
     495
     516
     474
     482
     498
     475
     454
     471
     493
     518
     507
     465
     466
     447
     517
     467
     451
     431
     427
     437
     514
     428
     415
     422
     443
     385
     409
     441
     422
     455
     377
     443
     416
     395
     413
     429
     409
     346
     368
     386
     393
     378
     365
     379
     392
     354
     367
     367
     346
     335
     346
     315
     317
     297
     307
     316
     293
     334
     298
     319
     291
     247
     272
     259
     287
     273
     261
     263
     267
     230
     228
     203
     206
     217
     205
     201
     198
     211
     168
     150
     169
     154
     190
     165
     144
     157
     139
     130
     118
     124
     108
     109
     118
     103
     110
     102
      81
     102
      86
      81
      81
      73
      78
      64
      55
      60
      47
      39
      36
      45
      41
      44
      41
      30
      35
      36
      42
      39
      32
      26
      34
      40
      30
      42
      31
      29
      40
      22
      28
      31
      37
      37
      17
      26
      22
      23
      29
      29
      33
      35
      22
      26
      32
      27
      26
      22
      23
      27
      17
      25
      25
      26
      26
      30
      22
      26
      19
      21
      16
      24
      32
      31
      25
      20
      25
      24
      25
      23
      20
      15
      23
      25
      23
      20
      23
      32
      39
      22
      20
      28
      19
      18
      17
      22
      30
      29
      20
      18
      23
      25
      22
      13
      26
      22
      24
      25
      29
      17
      20
      23
      21
      27
      29
      25
      22
      25
      36
      22
      19
      21
      18
      28
      22
      14
      16
      27
      22
      29
      29
      21
      20
      21
      32
      19
      23
      18
      22
      21
      23
      22
      34
      23
      21
      17
      25
      20
      27
      30
      20
      24
      22
      36
      26
      28
      21
      19
      25
      25
      17
      17
      15
      28
      23
      21
      19
      21
      29
      17
      27
      29
      18
      34
      20
      21
      17
      17
      20
      25
      21
      20
      21
      24
      24
      21
      22
      24
      34
      20
      28
      23
      16
      25
      19
      23
      19
      19
      26
      22
      26
      20
      13
      11
      18
      25
      23
      15
      29
      16
      25
      24
      23
      25
      18
      22
      26
      20
      15
      19
      24
      24
      24
      18
      13
      31
      22
      22
      18
      22
      22
      16
      15
      12
      15
      31
      29
      20
      18
      23
      21
      23
      22
      16
      23
      25
      15
      33
      19
      24
      26
      18
      19
      16
      19
      25
      18
      25
      21
      13
      18
      19
      13
      24
      14
      28
      32
      21
      17
      22
      17
      23
      19
      27
      22
      17
      24
      22
      15
      23
      17
      21
      20
      22
      24
      17
      16
      26
       9
      19
      12
      12
       9
      13
       9
      12
      13
       6
      14
       7
      11
       5
      10
       4
       2
       1
       0
       1
       0
       1
       0
       0
       0
       0
       0
       0
       0
       0
       0
       0
       0
       0
       0
       0
       0
       0
       0
       0
       0
       0
       0
       0
       0
       0
       0
       0
       0
       0
       0
       0
       0
       0
       0
       0
       0
       0
       0
       0
       0
       0
       0
       0
       0
       0
       0
       0
       0
       0
       0
       0
       0
$ROI:
0
$PRESETS:
Live Time
600
0
$ENER_FIT:
0.000000 0.000000
$MCA_CAL:
3
0.000000E+000 0.000000E+000 0.000000E+000 
$SHAPE_CAL:
3
0.000000E+000 0.000000E+000 0.000000E+000
