$SPEC_ID:
No sample description was entered.
$SPEC_REM:
DET# 1
DETDESC# PHY-R11-37 MCB 129
AP# Maestro Version 7.01
$DATE_MEA:
11/27/2012 15:57:07
$MEAS_TIM:
600 605
$DATA:
0 2047
       0
       0
       0
       0
       0
       0
       0
       0
       0
       0
       0
       0
       0
       0
       0
       0
       0
       0
       0
       0
       0
       0
       0
       0
       0
       0
       0
       0
       0
       0
       0
       0
       0
       0
       0
       0
       0
       0
       0
       1
       1
       0
       1
       1
       1
       0
       0
      23
     439
     454
     433
     388
     366
     340
     326
     285
     305
     261
     250
     258
     227
     251
     260
     264
     208
     234
     214
     191
     224
     201
     203
     181
     199
     191
     172
     155
     171
     186
     200
     165
     170
     141
     174
     140
     176
     167
     166
     152
     149
     145
     135
     144
     149
     142
     161
     138
     145
     138
     129
     147
     134
     127
     143
     132
     154
     151
     132
     113
     135
     126
     122
     135
     156
     123
     148
     128
     146
     118
     115
     114
     108
     115
     126
     127
     133
     109
     115
     122
     137
     106
     121
     134
     127
     115
     133
     115
     134
     121
     121
     115
     110
     112
     118
     130
     109
     114
     102
     124
     120
     105
     109
     103
     106
     105
     125
     105
     120
     105
     113
     107
     124
     117
     108
     103
     108
     121
      99
     101
      97
     117
     108
     118
     105
     111
     120
     121
     102
     111
     123
     112
     119
     102
     102
     107
     101
      94
     127
     120
     111
      96
      88
     140
     100
      95
     112
     120
     103
      99
      97
     102
     108
     114
     102
      94
     106
     103
     112
     109
      93
     103
     109
     100
     118
     104
      99
      89
     100
      97
      95
      75
     113
     100
      81
      94
      98
     107
      91
      97
      75
     101
     121
     107
     111
     117
     109
     105
      98
      97
      96
     121
      87
      89
     111
     103
      99
     103
     103
      95
     107
     118
     121
     115
     113
     103
     116
     100
      90
      98
      89
     107
     100
     114
      91
      94
     104
     116
      96
      98
      94
     114
     122
     104
      89
      98
     112
     110
      85
     101
      81
     115
     112
     100
     104
     112
      99
      99
      94
      98
     123
     103
      95
      98
      87
      90
      97
     117
     101
     100
     111
     111
     116
      98
      96
      94
     110
      94
      91
      88
     100
     109
      83
      91
      96
      88
      90
      90
      90
     120
     107
      97
     102
     101
      99
      96
      85
     113
      93
      98
     103
      92
     108
      99
      90
     101
     109
     101
     121
      99
     103
     106
     106
     110
     121
     118
     113
     100
     108
     100
     115
     111
     130
     105
     108
     119
     104
     117
     130
     116
     123
     114
      99
     118
     108
     114
     140
     135
     114
     137
     130
     121
     120
     136
     148
     128
     156
     134
     139
     147
     147
     169
     155
     130
     159
     174
     170
     206
     160
     176
     181
     189
     193
     179
     183
     177
     190
     196
     189
     222
     228
     206
     195
     225
     207
     244
     249
     217
     242
     226
     272
     222
     275
     275
     283
     298
     282
     301
     268
     298
     303
     300
     336
     341
     309
     310
     274
     335
     357
     339
     362
     363
     360
     358
     352
     347
     356
     374
     299
     322
     334
     331
     334
     351
     400
     357
     343
     369
     353
     375
     322
     319
     366
     344
     344
     363
     366
     364
     340
     354
     339
     370
     369
     356
     360
     351
     354
     357
     365
     369
     328
     370
     380
     349
     342
     359
     348
     375
     339
     356
     342
     345
     345
     352
     395
     393
     363
     392
     348
     377
     371
     345
     368
     357
     359
     373
     351
     338
     344
     368
     318
     328
     373
     329
     365
     360
     342
     339
     337
     336
     360
     338
     357
     336
     345
     381
     373
     370
     394
     404
     355
     388
     383
     352
     368
     389
     342
     360
     369
     374
     357
     343
     386
     344
     366
     385
     372
     333
     367
     343
     368
     380
     411
     353
     385
     357
     377
     384
     361
     341
     371
     397
     361
     383
     359
     381
     348
     362
     382
     382
     340
     357
     368
     338
     341
     388
     376
     397
     357
     375
     377
     335
     329
     358
     401
     386
     368
     362
     378
     359
     350
     360
     344
     387
     370
     372
     340
     334
     351
     368
     364
     364
     365
     366
     359
     373
     369
     377
     321
     344
     372
     347
     342
     374
     357
     325
     365
     361
     366
     379
     380
     383
     344
     337
     357
     399
     341
     398
     375
     370
     364
     344
     376
     345
     365
     384
     336
     344
     356
     380
     370
     360
     366
     377
     404
     370
     363
     351
     403
     408
     375
     390
     359
     375
     381
     355
     389
     387
     341
     350
     398
     383
     376
     359
     387
     373
     391
     395
     378
     387
     364
     364
     410
     374
     368
     393
     380
     388
     413
     414
     405
     352
     395
     354
     377
     377
     419
     394
     377
     346
     400
     380
     403
     376
     373
     414
     395
     384
     413
     376
     382
     368
     391
     396
     370
     401
     426
     411
     421
     421
     421
     406
     430
     391
     414
     404
     384
     412
     401
     433
     382
     418
     396
     408
     406
     411
     419
     409
     391
     420
     446
     397
     432
     417
     425
     394
     471
     393
     417
     457
     409
     417
     419
     431
     434
     461
     435
     420
     416
     414
     447
     434
     431
     430
     430
     429
     431
     452
     453
     416
     438
     464
     430
     450
     463
     434
     433
     444
     471
     464
     475
     433
     458
     470
     472
     449
     485
     472
     448
     473
     522
     454
     499
     480
     467
     422
     492
     484
     475
     518
     446
     488
     486
     466
     492
     495
     479
     471
     510
     463
     491
     523
     508
     520
     509
     500
     537
     524
     543
     554
     553
     526
     566
     548
     570
     569
     550
     563
     544
     568
     533
     600
     541
     559
     542
     624
     513
     546
     547
     563
     543
     586
     585
     556
     551
     612
     516
     569
     608
     626
     592
     590
     553
     595
     583
     629
     615
     605
     566
     606
     602
     569
     607
     569
     619
     585
     583
     593
     600
     581
     593
     602
     611
     603
     522
     613
     605
     612
     578
     582
     618
     615
     602
     612
     572
     591
     649
     591
     655
     567
     632
     615
     597
     612
     609
     639
     592
     625
     657
     642
     622
     602
     604
     616
     584
     646
     657
     597
     612
     628
     632
     616
     617
     606
     597
     653
     602
     663
     624
     638
     602
     636
     657
     605
     660
     651
     646
     642
     635
     647
     623
     647
     632
     630
     655
     647
     626
     664
     697
     664
     652
     690
     655
     652
     651
     690
     649
     679
     630
     666
     685
     647
     639
     700
     722
     647
     643
     664
     636
     646
     671
     668
     725
     644
     702
     674
     678
     691
     634
     713
     726
     687
     690
     692
     684
     724
     711
     678
     720
     707
     718
     723
     729
     726
     698
     746
     726
     743
     685
     676
     688
     738
     736
     760
     760
     770
     729
     773
     766
     727
     659
     777
     788
     750
     722
     770
     750
     781
     688
     728
     762
     726
     734
     716
     746
     758
     745
     793
     773
     684
     725
     793
     740
     813
     759
     797
     761
     751
     705
     760
     768
     751
     809
     758
     812
     770
     805
     752
     758
     792
     770
     805
     787
     828
     784
     788
     747
     768
     807
     752
     762
     806
     805
     822
     768
     792
     803
     795
     800
     784
     791
     790
     839
     790
     869
     791
     785
     808
     814
     760
     791
     858
     826
     758
     783
     833
     825
     776
     848
     811
     798
     787
     807
     816
     812
     822
     865
     798
     833
     810
     844
     827
     876
     799
     859
     806
     843
     859
     829
     811
     856
     849
     808
     886
     875
     859
     922
     834
     895
     842
     915
     879
     779
     880
     918
     885
     929
     804
     868
     917
     915
     882
     886
     876
     878
     889
     882
     920
     883
     863
     904
     910
     925
     905
     920
     886
     919
     902
     877
     876
     915
     892
     918
     898
     882
     946
     968
     901
     926
     973
     974
     977
     912
     934
     992
     937
     951
     952
     969
     944
     958
    1012
     961
     973
    1003
     984
     970
    1013
    1001
    1031
     956
     960
    1075
    1039
    1058
    1015
    1084
    1026
    1007
    1038
    1053
     998
    1027
    1100
    1139
    1047
    1104
    1144
    1094
    1135
    1122
    1126
    1127
    1071
    1135
    1141
    1167
    1149
    1157
    1111
    1165
    1147
    1161
    1188
    1183
    1173
    1192
    1262
    1228
    1216
    1194
    1284
    1323
    1237
    1327
    1314
    1271
    1253
    1351
    1316
    1274
    1344
    1300
    1311
    1410
    1459
    1394
    1452
    1480
    1442
    1479
    1463
    1417
    1531
    1607
    1535
    1642
    1600
    1642
    1669
    1681
    1639
    1698
    1688
    1776
    1776
    1871
    1841
    1893
    1863
    1883
    1915
    1937
    1962
    1994
    2069
    2054
    2134
    2137
    2133
    2279
    2206
    2243
    2329
    2343
    2353
    2410
    2356
    2447
    2410
    2500
    2598
    2553
    2558
    2500
    2472
    2596
    2645
    2644
    2641
    2654
    2670
    2675
    2599
    2632
    2658
    2605
    2691
    2648
    2686
    2717
    2728
    2707
    2703
    2681
    2663
    2603
    2586
    2571
    2664
    2547
    2633
    2665
    2544
    2590
    2607
    2669
    2536
    2610
    2566
    2463
    2411
    2399
    2339
    2482
    2368
    2438
    2362
    2297
    2354
    2357
    2223
    2320
    2234
    2233
    2178
    2241
    2119
    2168
    2090
    2099
    2118
    2006
    2006
    2027
    1882
    1994
    1832
    1937
    1869
    1796
    1775
    1761
    1727
    1689
    1718
    1666
    1615
    1582
    1550
    1520
    1378
    1448
    1405
    1322
    1351
    1327
    1261
    1241
    1198
    1182
    1150
    1088
    1023
    1043
    1008
     898
     924
     893
     832
     796
     762
     676
     623
     591
     623
     595
     567
     490
     449
     437
     403
     360
     352
     327
     271
     273
     269
     268
     195
     199
     198
     152
     138
     142
     139
     115
     114
      94
     118
      71
      87
      78
      79
      71
      78
      79
      60
     100
      57
      63
      59
      70
      53
      51
      56
      65
      57
      52
      70
      53
      51
      69
      47
      48
      53
      64
      49
      51
      43
      52
      42
      62
      58
      59
      48
      56
      55
      60
      62
      43
      54
      59
      47
      63
      55
      67
      64
      61
      74
      63
      60
      55
      45
      57
      67
      60
      57
      62
      53
      65
      67
      62
      65
      53
      59
      60
      69
      51
      56
      61
      65
      63
      54
      48
      54
      70
      62
      63
      61
      63
      68
      59
      66
      80
      53
      67
      59
      70
      72
      59
      59
      70
      84
      66
      82
      79
      83
      84
      71
      80
      62
      80
      69
      79
      82
      74
      74
      93
      91
      93
      82
      86
     109
      87
     100
      99
     100
     111
      83
      79
     111
      97
      94
     115
      92
     106
      82
     115
     115
     117
     101
     113
     110
     123
     113
      95
     122
     113
     116
     131
     126
     116
     122
     135
     114
     128
     119
     121
     140
     122
     104
     122
     128
     116
     137
     120
     109
     127
     142
     130
     139
     124
     150
     143
     129
     127
     146
     125
     127
     107
     140
     117
     129
     129
     136
     149
     137
     130
     127
     107
     117
     144
     116
     149
     124
     120
     118
     123
     114
     119
      96
     122
     112
     123
     140
     113
     122
     126
     130
     122
     115
     117
     105
     121
     100
     130
     102
     103
     102
     125
     116
     107
      98
     108
     102
      99
      90
     110
      80
     109
      67
      97
      91
      86
      92
      99
      72
      96
      85
      83
      87
      75
      75
      86
      90
      59
      70
      78
      74
      72
      60
      75
      78
      68
      75
      60
      51
      67
      59
      67
      64
      46
      42
      44
      39
      43
      51
      30
      37
      40
      33
      32
      41
      40
      30
      26
      31
      27
      25
      19
      24
      22
      16
      17
      24
      17
      15
      18
      14
      12
      15
      10
      14
       8
       7
       9
       9
       5
       7
       9
       6
       6
       6
       5
       1
       3
       2
       4
       7
       2
       4
       2
       7
       2
       0
       4
       5
       4
       1
       5
       2
       5
       0
       1
       0
       1
       3
       2
       1
       5
       1
       1
       2
       0
       2
       1
       1
       3
       2
       1
       3
       0
       0
       3
       2
       1
       0
       1
       1
       2
       4
       2
       3
       1
       1
       2
       1
       2
       1
       0
       2
       0
       1
       1
       2
       1
       3
       1
       3
       4
       2
       3
       3
       4
       2
       2
       2
       2
       1
       0
       2
       3
       4
       4
       0
       0
       1
       1
       0
       0
       2
       1
       0
       0
       0
       5
       2
       3
       4
       3
       2
       0
       2
       1
       1
       3
       2
       0
       0
       2
       3
       1
       2
       0
       0
       2
       0
       2
       1
       2
       2
       2
       3
       0
       1
       3
       1
       2
       2
       2
       0
       2
       1
       0
       0
       3
       0
       1
       2
       2
       3
       2
       2
       1
       2
       1
       0
       1
       2
       1
       2
       0
       3
       3
       3
       3
       1
       0
       1
       1
       0
       3
       2
       1
       1
       0
       1
       1
       1
       1
       2
       1
       5
       0
       0
       1
       0
       0
       4
       2
       1
       0
       0
       3
       0
       0
       2
       2
       2
       1
       1
       2
       2
       3
       3
       2
       0
       2
       2
       2
       0
       1
       3
       3
       2
       0
       2
       4
       3
       1
       1
       1
       0
       1
       2
       0
       4
       3
       2
       0
       2
       0
       4
       0
       2
       3
       3
       3
       2
       1
       1
       0
       0
       4
       1
       1
       1
       1
       2
       1
       5
       2
       1
       2
       4
       3
       1
       2
       1
       1
       0
       1
       1
       3
       1
       1
       2
       2
       2
       0
       3
       3
       1
       2
       4
       0
       2
       3
       0
       1
       3
       0
       1
       0
       4
       1
       0
       3
       2
       0
       0
       0
       0
       3
       0
       1
       1
       1
       0
       3
       1
       5
       0
       5
       3
       1
       0
       2
       1
       3
       2
       2
       2
       1
       3
       1
       2
       1
       2
       0
       1
       2
       0
       3
       1
       0
       1
       0
       0
       0
       1
       0
       0
       0
       0
       0
       0
       0
       0
       0
       0
       0
       0
       0
       0
       0
       0
       0
       0
       0
       0
       0
       0
       0
       0
       0
       0
       0
       0
       0
       0
       0
       0
       0
       0
       0
       0
       0
       0
       0
       0
       0
       0
       0
       0
       0
       0
       0
       0
       0
       0
       0
       0
       0
       0
       0
       0
       0
       0
$ROI:
0
$PRESETS:
Live Time
600
0
$ENER_FIT:
0.000000 0.000000
$MCA_CAL:
3
0.000000E+000 0.000000E+000 0.000000E+000 
$SHAPE_CAL:
3
0.000000E+000 0.000000E+000 0.000000E+000
