$SPEC_ID:
No sample description was entered.
$SPEC_REM:
DET# 1
DETDESC# PHY-R11-37 MCB 129
AP# Maestro Version 7.01
$DATE_MEA:
11/29/2012 15:56:46
$MEAS_TIM:
1200 1200
$DATA:
0 2047
       0
       0
       0
       0
       0
       0
       0
       0
       0
       0
       0
       0
       0
       0
       0
       0
       0
       0
       0
       0
       0
       0
       0
       0
       0
       0
       0
       0
       0
       0
       0
       0
       0
       0
       0
       0
       0
       0
       0
       0
       0
       0
       0
       0
       0
       0
       0
       0
       0
       0
       0
       0
       0
       0
       0
       0
       0
       0
       0
       0
       0
       0
       0
       0
       0
       0
       0
       0
       0
       0
       0
       0
       0
       0
       0
       0
       0
       0
       0
       0
       0
       0
       0
       0
       0
       0
       0
       0
       0
       0
       0
       0
       0
       0
       0
       0
       0
       6
      16
      15
       8
      15
       7
      10
       9
      12
      11
       8
       9
       3
       6
       8
       7
       6
       8
      11
      10
       6
       3
       9
       8
       7
       5
       6
       6
       5
       4
       5
       7
       5
       8
       7
       7
       6
       4
       9
       2
       3
       5
       4
       2
       5
       8
       3
       9
       2
       6
       6
       4
       6
       8
       7
       1
       3
       7
       5
       4
       4
       9
       5
       2
       5
       7
       9
       4
       3
       6
       3
       1
       2
       4
       2
       3
       1
       2
      10
       5
       5
       3
       1
       4
       3
       4
       3
       4
       3
       5
       8
       1
       5
       2
       1
       5
       2
       5
       7
       6
       2
       4
       4
       6
       3
       4
       4
       3
       1
       8
       5
       4
       0
       3
       3
       5
       3
       6
       2
       2
       5
       5
       7
       1
       4
       1
       3
       3
       0
       2
       4
       3
       1
       4
       1
       2
       2
       2
       4
       0
       3
       3
       5
       3
       6
       5
       3
       1
       0
       3
       1
       4
       2
       4
       4
       1
       2
       3
       4
       3
       2
       0
       2
       1
       4
       4
       3
       3
       4
       1
       2
       3
       1
       4
       0
       3
       4
       5
       2
       2
       3
       2
       4
       1
       0
       4
       1
       2
       1
       4
       4
       6
       4
       3
       0
       1
       2
       3
       2
       2
       4
       2
       1
       5
       4
       4
       3
       2
       3
       3
       0
       4
       1
       4
       2
       0
       1
       0
       4
       1
       2
       2
       4
       1
       3
       3
       2
       0
       3
       3
       4
       4
       2
       1
       7
       5
       2
       4
       1
       1
       4
       6
       2
       3
       1
       3
       5
       4
       1
       1
       4
       2
       3
       1
       0
       2
       5
       2
       1
       4
       3
       5
       3
       6
       1
       1
       1
       4
       1
       0
       2
       5
       0
       3
       2
       3
       4
       1
       2
       2
       3
       2
       4
       3
       4
       6
       1
       0
       3
       2
       3
       0
       3
       6
       3
       4
       1
       4
       1
       2
       0
       3
       2
       4
       2
       4
       5
       5
       5
       2
       1
       1
       3
       6
       4
       1
       2
       3
       1
       4
       2
       5
       2
       4
       9
       3
       3
       3
       5
       5
       2
       3
       2
       3
       0
       5
       7
       3
       5
       5
       4
       4
       7
       3
       3
      12
       2
       2
       6
       3
       6
       1
       9
       5
       3
       4
       4
       9
       1
       3
       7
       7
       3
       6
       6
       5
       6
      10
       2
       9
       8
       8
       4
       3
       4
       4
      14
       1
       6
       5
       1
      13
      10
       6
       9
       6
       3
       3
      12
       5
       9
      10
       7
       9
       7
       6
       6
       9
       6
       6
       5
       5
       6
       4
       6
       4
       9
       8
       7
       6
       8
       7
      13
      11
       4
       9
       4
       7
       4
       3
       9
       7
       8
       7
       9
       3
       4
       6
       3
       9
       6
      13
       8
       5
       1
       6
       7
       4
       3
       5
      10
       4
       4
       9
       9
       5
       6
      10
       8
       8
       6
       6
       9
       8
       5
       9
       6
       5
       2
       4
       4
       6
       7
       4
      11
       3
      11
       5
       3
       3
      10
       7
      10
       3
       5
       8
       8
       3
      10
       3
       7
       4
       6
       6
      10
      10
      13
       6
       8
       5
      10
       8
       8
       7
       9
       5
       6
       8
       8
       6
       6
       8
       4
       9
       7
       4
       7
       8
       4
       2
       3
       2
       4
       9
      11
       4
       8
       9
       5
       5
       3
       7
       7
       7
       6
       7
       3
       9
       8
       5
       8
       6
       4
       8
       8
       8
       6
       6
      10
       8
       9
       3
       4
       7
       6
       4
       8
       8
       7
      11
       4
       8
       4
       7
       4
       3
       9
       3
       3
       5
       8
      10
       4
       2
       6
       9
       7
       6
       6
       0
       6
       5
       5
      10
       9
       5
       2
       4
       7
       8
      11
      11
       3
       4
      10
       6
      11
       8
       6
      13
       7
       5
       6
       7
       8
      10
       8
       5
       8
      12
      10
      10
       5
       6
      10
       5
       6
       6
       6
       6
      11
       5
       8
       7
      12
       5
       5
       6
       8
      13
       7
      10
       7
       6
       5
      11
       7
       7
       6
       3
       6
      10
      12
       4
       5
       9
       8
       5
       7
       7
       8
      11
       5
       8
       7
       7
      11
       9
      12
       7
       9
      12
       6
       3
      10
      11
       6
       9
       8
       9
       8
       5
      10
      11
       7
       7
       5
       5
       7
       8
       5
       9
       9
      11
       7
       6
       7
       4
       4
      13
       8
       8
      10
       7
       8
      10
       9
       6
       6
       2
       8
       7
      12
       4
       7
       8
       3
       7
       8
       3
       7
       6
       7
       9
      12
       6
       7
      10
       6
       4
       9
       7
       3
       7
       7
      10
      11
       9
       6
      11
       7
       4
       8
      11
      15
       5
      16
      11
       7
       7
      14
       9
       9
      18
      12
      13
       7
      10
       6
       4
       4
       9
       8
      14
       9
       3
      11
       7
      10
       4
      12
       8
       7
      11
      12
       8
       7
       8
       5
       5
      14
      12
      11
       9
      15
      11
      11
      12
       7
       9
      10
      10
      10
       8
      14
      11
      13
      11
      13
       9
      11
       7
       8
      12
       4
      10
       9
       9
      13
      13
      12
       7
       4
      10
      11
       7
       8
       8
      10
      10
       8
      17
       9
       9
      14
      13
      13
      12
       9
       8
      10
       7
       9
       9
       6
       4
      10
      11
      12
       9
      11
       8
       7
       9
      11
       8
       7
      13
       7
      19
      12
       9
      15
       6
       4
       7
       8
       9
       8
       8
       8
       3
      11
       9
      12
       5
       9
       8
       4
      10
      12
      12
      13
      13
      13
      12
      12
       7
      13
       9
      11
      10
      12
      16
      12
       9
       8
      16
      14
      14
      13
      11
       9
      15
      11
      11
       9
      10
      11
       9
      11
      10
      14
      11
      15
       7
      21
      13
      12
       8
      10
       9
      11
      18
      18
      18
       5
       9
      11
      12
      15
      16
      14
      11
      11
      15
      14
       7
       9
      20
      15
      15
      17
      16
      16
      10
      10
      13
      16
       7
      13
      12
       9
       8
      10
      11
      16
      21
      18
      11
      12
      20
      15
       5
      15
      12
      12
      11
      11
      14
      10
      12
      14
      14
      12
      10
       8
       7
      10
       7
      15
      14
      12
      10
      10
       8
      11
      17
      14
      11
      10
      14
      15
      18
       7
      12
      17
      14
      17
      14
      10
      11
      16
      13
      10
      12
       3
       9
      16
      14
      12
       9
      14
      15
      12
       8
      10
      14
      15
      17
      11
      12
      14
      13
       9
      13
      15
       9
       9
      12
      13
      16
      11
      12
      14
      15
      16
       8
      11
      10
      13
      17
      12
       8
      10
      10
       9
      15
      12
       6
      10
      11
      16
      10
      12
       9
      21
      16
      16
      13
      16
      13
      10
      17
      17
      14
      12
      15
      17
      15
      15
      19
      11
      19
      13
      16
      16
      14
      12
      15
      10
      29
      15
      16
      11
      19
      18
      10
      10
      11
      19
      24
      12
      21
       9
       7
      11
       9
      10
       8
       7
      11
      14
      15
      18
      14
      10
      16
      11
      16
       9
      14
      18
      18
      16
      14
      12
      22
      12
      17
      11
      26
      16
      13
      18
      14
      14
      15
      16
      12
      11
      13
      13
       8
      11
      16
       8
      19
       7
      18
      13
      13
      19
      12
      10
      20
      10
      14
      17
      22
      12
      17
      15
       9
      12
      10
      15
      13
      16
      15
      15
      21
      13
      14
       9
      14
      14
      14
      10
      20
      12
      17
      19
      14
      13
      17
      17
      22
      22
      18
      14
      17
      17
      15
      14
      16
      12
      16
      25
      23
      19
       7
      20
      17
      17
      19
      22
      12
      22
      17
      19
      18
      16
      14
      19
      16
      16
      15
      20
      16
      24
      16
      16
      19
      27
      14
      12
      11
      19
      12
      16
      16
      15
      27
      22
      20
      11
      19
      11
      23
      12
      20
      14
      20
      24
      17
      20
      16
      22
      27
      11
      16
      17
      24
      14
      18
      17
      16
      20
      18
      24
      31
      25
      17
      19
      16
      19
      26
      29
      28
      17
      20
      15
      24
      21
      21
      23
      32
      17
      21
      28
      26
      23
      30
      19
      22
      22
      21
      32
      16
      28
      25
      23
      22
      25
      22
      17
      23
      21
      24
      30
      28
      25
      29
      24
      34
      29
      24
      27
      29
      23
      35
      29
      29
      34
      42
      36
      36
      39
      34
      36
      16
      37
      32
      30
      36
      38
      46
      44
      41
      37
      33
      37
      36
      37
      47
      48
      43
      34
      45
      44
      42
      44
      40
      29
      51
      48
      41
      42
      36
      34
      35
      47
      51
      40
      43
      47
      46
      40
      36
      29
      45
      38
      42
      41
      42
      44
      39
      48
      57
      44
      41
      40
      46
      39
      42
      48
      49
      35
      36
      44
      41
      38
      44
      34
      44
      46
      24
      45
      43
      44
      36
      45
      34
      35
      31
      34
      42
      35
      41
      45
      48
      42
      40
      37
      39
      41
      35
      37
      23
      30
      38
      30
      30
      39
      23
      19
      45
      32
      29
      29
      30
      38
      29
      29
      21
      26
      26
      22
      37
      29
      20
      19
      27
      27
      25
      19
      22
      23
      14
      18
      20
      18
      16
      16
      17
      20
      17
       8
      12
      14
      17
      16
      13
      10
      11
       6
       7
       5
      19
      10
       8
      10
       9
       9
      11
       7
       6
       2
       5
       5
       2
       2
       3
       4
       2
       3
       0
       5
       0
       1
       2
       2
       4
       4
       1
       4
       1
       1
       2
       1
       1
       0
       3
       1
       1
       0
       1
       0
       0
       1
       1
       0
       2
       1
       0
       1
       0
       4
       2
       0
       1
       0
       0
       0
       2
       0
       1
       2
       3
       1
       1
       0
       0
       1
       1
       1
       2
       1
       1
       1
       0
       1
       1
       0
       0
       3
       0
       3
       1
       1
       0
       5
       1
       1
       0
       1
       0
       0
       0
       4
       1
       0
       0
       3
       1
       3
       1
       2
       0
       1
       0
       3
       3
       3
       2
       2
       0
       1
       1
       1
       1
       1
       0
       3
       1
       2
       0
       0
       1
       1
       1
       2
       2
       0
       1
       0
       2
       1
       2
       1
       2
       2
       1
       0
       0
       2
       1
       1
       4
       2
       2
       0
       0
       3
       2
       2
       1
       0
       1
       0
       0
       3
       1
       1
       0
       3
       3
       1
       0
       0
       2
       3
       2
       3
       1
       1
       2
       4
       2
       1
       2
       2
       4
       2
       3
       1
       1
       3
       1
       1
       3
       1
       1
       0
       1
       3
       1
       4
       4
       2
       3
       3
       3
       6
       1
       1
       1
       5
       1
       2
       1
       5
       0
       1
       3
       4
       1
       2
       2
       1
       0
       2
       0
       2
       2
       5
       1
       4
       1
       5
       0
       1
       1
       2
       3
       2
       2
       0
       0
       5
       1
       2
       1
       1
       2
       2
       3
       1
       1
       2
       1
       3
       4
       1
       1
       1
       4
       2
       2
       3
       2
       0
       3
       3
       2
       3
       0
       3
       2
       2
       0
       1
       1
       0
       0
       1
       0
       1
       2
       1
       2
       4
       1
       2
       1
       3
       0
       1
       2
       1
       0
       1
       2
       2
       2
       0
       1
       2
       1
       0
       0
       0
       0
       3
       1
       0
       0
       0
       1
       1
       3
       0
       1
       0
       0
       1
       1
       0
       0
       0
       0
       1
       2
       1
       2
       0
       3
       0
       3
       1
       0
       0
       1
       0
       2
       1
       1
       0
       0
       0
       1
       0
       0
       0
       1
       0
       1
       0
       1
       0
       0
       1
       1
       0
       0
       0
       1
       0
       0
       0
       0
       0
       0
       0
       0
       0
       0
       0
       0
       0
       1
       0
       0
       0
       0
       0
       0
       0
       0
       0
       0
       0
       0
       0
       0
       0
       0
       0
       0
       0
       0
       0
       0
       0
       0
       0
       0
       0
       0
       0
       0
       0
       0
       0
       0
       0
       0
       0
       0
       1
       0
       0
       0
       0
       0
       0
       0
       0
       0
       0
       0
       0
       0
       0
       1
       0
       0
       0
       0
       0
       0
       0
       0
       0
       0
       0
       0
       0
       0
       0
       0
       0
       0
       0
       0
       0
       0
       0
       0
       0
       0
       0
       0
       0
       1
       0
       1
       0
       0
       0
       0
       0
       1
       0
       0
       0
       0
       0
       0
       0
       0
       0
       0
       0
       0
       0
       0
       0
       0
       0
       0
       0
       0
       0
       0
       0
       0
       0
       0
       0
       0
       0
       0
       0
       0
       0
       0
       0
       0
       0
       0
       0
       0
       0
       0
       0
       0
       0
       0
       0
       0
       0
       0
       0
       0
       0
       0
       0
       0
       0
       0
       0
       0
       0
       0
       0
       0
       0
       0
       0
       0
       0
       0
       0
       0
       0
       0
       0
       0
       0
$ROI:
0
$PRESETS:
Live Time
1200
0
$ENER_FIT:
0.000000 0.000000
$MCA_CAL:
3
0.000000E+000 0.000000E+000 0.000000E+000 
$SHAPE_CAL:
3
0.000000E+000 0.000000E+000 0.000000E+000
