$SPEC_ID:
No sample description was entered.
$SPEC_REM:
DET# 1
DETDESC# PHY-R11-37 MCB 129
AP# Maestro Version 7.01
$DATE_MEA:
11/27/2012 15:29:30
$MEAS_TIM:
600 611
$DATA:
0 2047
       0
       0
       0
       0
       0
       0
       0
       0
       0
       0
       0
       0
       0
       0
       0
       0
       0
       0
       0
       0
       0
       0
       0
       0
       0
       0
       0
       0
       0
       0
       0
       0
       0
       0
       0
       0
       0
       0
       1
       0
       1
       5
       2
       3
       7
       4
       6
      48
     955
     988
     860
     783
     794
     741
     612
     625
     560
     532
     521
     489
     510
     497
     435
     439
     469
     432
     380
     405
     370
     385
     381
     390
     365
     370
     357
     350
     355
     323
     350
     357
     325
     354
     332
     299
     302
     289
     300
     300
     297
     289
     329
     298
     296
     293
     311
     289
     284
     286
     276
     283
     259
     309
     264
     287
     273
     246
     271
     288
     258
     255
     236
     255
     280
     231
     229
     221
     275
     236
     275
     255
     258
     254
     253
     231
     275
     247
     251
     236
     259
     257
     243
     263
     244
     248
     227
     257
     222
     229
     215
     260
     246
     232
     217
     252
     236
     220
     216
     241
     237
     209
     223
     248
     207
     196
     223
     212
     214
     195
     213
     221
     247
     222
     232
     239
     219
     212
     221
     213
     225
     228
     182
     201
     191
     219
     223
     216
     195
     234
     233
     242
     239
     216
     228
     187
     231
     193
     225
     223
     209
     248
     204
     207
     225
     201
     168
     213
     218
     208
     231
     210
     215
     211
     204
     202
     212
     193
     200
     221
     228
     229
     226
     212
     232
     210
     181
     210
     211
     211
     181
     201
     219
     200
     234
     212
     211
     201
     232
     185
     192
     204
     192
     197
     192
     216
     205
     180
     184
     237
     191
     215
     200
     214
     206
     212
     206
     208
     203
     185
     210
     214
     204
     185
     235
     198
     193
     208
     206
     207
     202
     227
     218
     188
     192
     201
     228
     202
     190
     213
     193
     194
     212
     198
     223
     177
     175
     182
     186
     208
     200
     177
     248
     198
     192
     211
     214
     193
     205
     201
     180
     194
     191
     207
     207
     209
     222
     214
     221
     198
     186
     204
     215
     195
     205
     203
     222
     214
     233
     210
     196
     213
     214
     193
     224
     214
     182
     216
     210
     221
     197
     187
     199
     203
     199
     223
     209
     212
     194
     225
     199
     212
     227
     239
     223
     216
     249
     194
     207
     194
     236
     209
     215
     245
     208
     224
     204
     229
     246
     211
     227
     234
     230
     227
     198
     230
     231
     245
     213
     214
     249
     239
     253
     220
     225
     232
     233
     242
     240
     238
     239
     272
     250
     256
     256
     264
     283
     304
     313
     315
     284
     325
     354
     342
     334
     346
     362
     367
     347
     341
     375
     382
     366
     364
     410
     416
     415
     406
     402
     413
     474
     406
     476
     452
     467
     468
     492
     523
     526
     543
     545
     556
     563
     539
     572
     582
     550
     561
     630
     607
     612
     597
     655
     701
     681
     655
     664
     688
     693
     654
     673
     715
     637
     654
     716
     723
     726
     703
     734
     721
     727
     704
     775
     786
     729
     751
     708
     729
     730
     709
     723
     713
     714
     717
     741
     688
     697
     756
     736
     737
     727
     725
     724
     677
     697
     758
     741
     675
     703
     677
     708
     738
     726
     727
     690
     750
     748
     682
     756
     678
     762
     725
     736
     706
     727
     720
     677
     743
     726
     686
     692
     747
     773
     744
     683
     733
     768
     724
     751
     707
     655
     716
     709
     753
     735
     751
     731
     698
     709
     711
     706
     739
     715
     728
     717
     716
     741
     777
     775
     730
     709
     746
     756
     743
     742
     736
     728
     736
     754
     690
     734
     742
     708
     736
     731
     710
     729
     734
     723
     693
     823
     736
     773
     741
     686
     768
     770
     707
     761
     714
     681
     729
     705
     738
     703
     703
     772
     762
     757
     742
     664
     763
     742
     763
     706
     795
     764
     779
     804
     724
     701
     676
     722
     775
     754
     743
     751
     702
     713
     722
     722
     736
     726
     688
     706
     682
     763
     711
     753
     707
     747
     766
     763
     732
     707
     747
     736
     728
     756
     786
     710
     742
     647
     704
     752
     724
     664
     734
     721
     697
     744
     744
     763
     736
     748
     756
     727
     750
     732
     728
     722
     788
     728
     788
     746
     754
     698
     750
     724
     761
     746
     776
     713
     776
     732
     776
     783
     731
     769
     781
     739
     707
     738
     752
     710
     752
     776
     849
     764
     784
     759
     811
     756
     789
     769
     738
     778
     757
     729
     737
     801
     766
     733
     812
     794
     725
     712
     749
     789
     799
     770
     791
     773
     774
     771
     800
     794
     768
     835
     792
     788
     787
     795
     866
     860
     810
     783
     780
     800
     854
     816
     798
     798
     777
     811
     866
     792
     854
     800
     756
     833
     809
     816
     810
     850
     824
     782
     819
     833
     773
     821
     845
     862
     845
     847
     875
     796
     823
     795
     844
     856
     848
     858
     825
     863
     832
     907
     862
     858
     861
     824
     898
     896
     898
     879
     882
     893
     867
     854
     862
     837
     875
     862
     866
     889
     902
     938
     913
     927
     881
     896
     904
     894
     949
     874
     953
     955
     933
     908
     920
     901
     889
     915
     902
     933
     949
    1009
     969
     958
     988
     987
     970
     987
     951
     984
     964
    1022
     947
    1047
     964
     956
     999
     987
    1015
    1037
    1022
     975
    1007
    1062
    1043
    1049
    1039
    1045
    1134
     999
    1074
     993
    1146
    1039
    1043
    1124
    1101
    1117
    1082
    1113
    1136
    1137
    1132
    1060
    1187
    1196
    1143
    1115
    1151
    1075
    1140
    1091
    1130
    1176
    1175
    1175
    1197
    1173
    1175
    1175
    1179
    1145
    1203
    1158
    1183
    1165
    1182
    1169
    1191
    1130
    1206
    1167
    1136
    1212
    1204
    1168
    1148
    1189
    1164
    1215
    1214
    1189
    1227
    1206
    1213
    1182
    1254
    1214
    1159
    1261
    1219
    1245
    1210
    1212
    1214
    1255
    1246
    1196
    1230
    1174
    1224
    1213
    1173
    1277
    1241
    1190
    1221
    1253
    1196
    1208
    1290
    1235
    1251
    1221
    1286
    1232
    1263
    1270
    1187
    1283
    1268
    1237
    1261
    1333
    1255
    1289
    1227
    1321
    1251
    1269
    1276
    1288
    1284
    1291
    1286
    1276
    1313
    1365
    1292
    1269
    1344
    1291
    1335
    1259
    1326
    1295
    1273
    1339
    1313
    1313
    1291
    1254
    1370
    1345
    1431
    1346
    1324
    1377
    1354
    1300
    1286
    1365
    1344
    1329
    1312
    1374
    1440
    1410
    1391
    1329
    1368
    1356
    1353
    1409
    1412
    1365
    1320
    1380
    1398
    1358
    1356
    1448
    1376
    1376
    1417
    1439
    1442
    1433
    1325
    1350
    1439
    1405
    1407
    1440
    1397
    1514
    1421
    1420
    1437
    1435
    1410
    1486
    1439
    1491
    1453
    1452
    1516
    1479
    1503
    1562
    1531
    1433
    1534
    1525
    1504
    1556
    1518
    1500
    1506
    1506
    1575
    1515
    1565
    1515
    1484
    1521
    1467
    1482
    1486
    1510
    1537
    1475
    1581
    1552
    1475
    1502
    1582
    1524
    1522
    1526
    1523
    1563
    1654
    1524
    1595
    1509
    1607
    1575
    1557
    1536
    1640
    1573
    1587
    1547
    1572
    1592
    1551
    1663
    1571
    1582
    1552
    1660
    1525
    1572
    1545
    1655
    1634
    1513
    1605
    1693
    1648
    1629
    1596
    1582
    1635
    1659
    1601
    1636
    1601
    1636
    1624
    1659
    1581
    1652
    1649
    1655
    1658
    1616
    1633
    1625
    1637
    1693
    1675
    1658
    1598
    1681
    1698
    1624
    1681
    1710
    1592
    1670
    1660
    1694
    1607
    1611
    1624
    1700
    1610
    1742
    1705
    1679
    1710
    1743
    1716
    1796
    1651
    1697
    1701
    1647
    1730
    1737
    1741
    1788
    1693
    1711
    1816
    1769
    1737
    1749
    1779
    1747
    1788
    1713
    1737
    1747
    1775
    1839
    1732
    1794
    1839
    1800
    1842
    1801
    1817
    1881
    1792
    1899
    1866
    1893
    1878
    1835
    1873
    1864
    1852
    1801
    1937
    1811
    1877
    1912
    1900
    1905
    1927
    1909
    1850
    1868
    1940
    1938
    2015
    1961
    1945
    1970
    1970
    1993
    1939
    1926
    2034
    1984
    2047
    2048
    2053
    2040
    2055
    2064
    2075
    2044
    2094
    2101
    2061
    2102
    2109
    2183
    2113
    2080
    2095
    2134
    2196
    2171
    2177
    2154
    2148
    2145
    2278
    2232
    2156
    2126
    2246
    2234
    2192
    2407
    2210
    2276
    2245
    2326
    2367
    2337
    2388
    2395
    2391
    2423
    2374
    2555
    2439
    2497
    2420
    2474
    2566
    2595
    2503
    2650
    2705
    2639
    2801
    2664
    2617
    2816
    2747
    2787
    2816
    2822
    2939
    2898
    2967
    3020
    3006
    2988
    3171
    3118
    3124
    3232
    3165
    3292
    3314
    3293
    3372
    3367
    3474
    3502
    3482
    3743
    3691
    3769
    3845
    3890
    3874
    3958
    4027
    4226
    4164
    4175
    4275
    4349
    4323
    4481
    4512
    4583
    4441
    4538
    4708
    4781
    4723
    4819
    4884
    5000
    4940
    4994
    5069
    5298
    5169
    5343
    5297
    5177
    5166
    5201
    5374
    5288
    5509
    5445
    5378
    5301
    5382
    5385
    5516
    5429
    5439
    5325
    5479
    5342
    5492
    5431
    5374
    5305
    5371
    5255
    5328
    5253
    5287
    5449
    5243
    5181
    5173
    5232
    4976
    4964
    4993
    4977
    5014
    4882
    4734
    4783
    4737
    4619
    4626
    4638
    4565
    4525
    4508
    4421
    4312
    4440
    4256
    4374
    4132
    4267
    4167
    4204
    3964
    4023
    3959
    3861
    3756
    3757
    3763
    3743
    3660
    3559
    3604
    3479
    3370
    3372
    3320
    3274
    3190
    2981
    2934
    2936
    2886
    2779
    2783
    2663
    2582
    2465
    2513
    2348
    2258
    2136
    2120
    2078
    1994
    1952
    1831
    1785
    1643
    1543
    1526
    1471
    1353
    1262
    1140
    1155
    1123
     989
     940
     918
     858
     770
     766
     651
     613
     559
     525
     449
     473
     421
     387
     314
     309
     287
     282
     249
     230
     221
     206
     190
     175
     182
     170
     144
     151
     158
     154
     137
     123
     121
     138
     126
     117
     137
     116
     144
     121
     130
     128
     132
     129
     126
     120
     116
     107
     108
     139
     129
     110
     107
     108
     133
     104
     132
     136
     100
     121
     113
     132
     134
     142
     137
     125
     128
     109
     118
     125
     114
     122
     133
     123
     124
     105
     115
     137
     124
     133
     139
     107
     134
     118
     133
     114
     123
     124
     110
      97
     132
     145
     124
     140
     133
     140
     133
     123
     130
     118
     131
     153
     127
     152
     145
     130
     152
     141
     149
     156
     163
     159
     153
     139
     156
     129
     181
     147
     150
     149
     164
     140
     175
     166
     170
     166
     169
     162
     168
     158
     176
     159
     165
     198
     186
     152
     211
     197
     186
     214
     201
     207
     202
     211
     203
     203
     195
     213
     222
     203
     235
     229
     236
     211
     224
     237
     222
     262
     227
     233
     237
     235
     253
     275
     223
     246
     259
     286
     240
     233
     258
     287
     274
     238
     263
     287
     269
     275
     289
     257
     270
     269
     279
     248
     273
     252
     262
     297
     263
     268
     287
     297
     263
     283
     266
     243
     276
     278
     297
     262
     241
     262
     279
     262
     280
     271
     264
     237
     241
     276
     224
     257
     238
     241
     270
     240
     230
     263
     242
     241
     231
     239
     231
     245
     257
     223
     238
     225
     217
     246
     226
     208
     209
     185
     205
     195
     198
     217
     196
     215
     167
     182
     207
     213
     203
     198
     179
     176
     165
     175
     173
     168
     158
     181
     151
     151
     138
     162
     139
     150
     157
     150
     150
     145
     138
     138
     144
     112
     132
     118
     112
     114
     124
     110
      99
     114
      85
     102
      89
      93
      93
      93
      70
      88
      76
      85
      74
      78
      61
      63
      63
      60
      54
      43
      43
      43
      57
      36
      29
      45
      33
      31
      30
      35
      24
      34
      18
      17
      27
      25
      27
      16
      14
      17
      18
      12
      15
       7
      14
      11
      14
      14
       7
      11
       9
       7
       6
       8
       8
       5
      10
       7
       4
       7
       2
       6
      10
       3
       4
       5
      11
       4
      13
       5
       8
       5
       2
       7
      10
       6
      12
       5
       5
      10
      10
       5
       7
       2
       6
      13
       9
       6
       8
       5
       8
      10
       8
       8
       5
       6
       3
       7
       5
       8
       8
       6
       7
      15
       7
       9
       8
       6
      11
       6
       9
       7
      10
      10
       3
       9
       5
       3
       7
       4
       7
       7
      11
      12
       7
       6
       6
      10
       9
       6
       7
       5
       6
       6
       8
       6
       2
       7
       2
       8
       5
       5
       8
       8
       9
       3
       6
       8
       5
       4
       8
       4
       6
       7
       9
       4
       7
       8
       7
       5
       8
       5
       8
      11
       8
       7
       6
       8
       7
       8
       7
       1
       9
       9
       3
      10
       6
       5
       4
       7
       5
      10
       8
       7
       1
       7
       4
       3
      15
       6
       2
      10
       5
       5
       8
       5
       7
       5
      10
      10
      10
       8
       5
       5
       3
      11
       7
       4
      10
       4
       5
       8
       7
       7
       9
       4
       5
       3
       7
      12
       8
       4
       4
       8
       9
       1
       5
       5
       5
      12
       5
       5
       4
       8
       7
       6
       5
       4
       7
       2
       5
       7
      10
      10
      10
       5
       7
      14
       8
       3
       6
       6
       3
       6
       6
       4
       4
       5
       3
      10
       6
       8
       4
       5
       7
       6
       5
       7
       7
      12
       7
       5
       7
       4
       3
       8
       8
       6
       7
       8
       2
       8
       4
       7
       5
       5
       8
       5
       7
       4
       3
       3
      12
       9
       7
       4
       3
       8
       7
       5
       1
       4
       6
       6
       7
       2
       5
       7
       7
       8
       5
       3
       5
       7
       6
       4
       8
       6
       4
       4
       7
       6
       7
       7
       1
       6
       2
       7
       3
       4
       6
       7
       5
       7
       5
       6
       5
       6
       7
       3
       9
       8
       6
       4
       3
       2
       7
       4
       3
       4
       6
       2
       7
       1
       1
       3
       4
       1
       2
       1
       0
       2
       0
       2
       0
       0
       0
       0
       0
       0
       0
       0
       0
       0
       0
       0
       0
       0
       0
       0
       0
       0
       0
       0
       0
       0
       0
       0
       0
       0
       0
       0
       0
       0
       0
       0
       0
       0
       0
       0
       0
       0
       0
       0
       0
       0
       0
       0
       0
       0
       0
       0
       0
       0
       0
       0
       0
       0
       0
       0
$ROI:
0
$PRESETS:
Live Time
600
0
$ENER_FIT:
0.000000 0.000000
$MCA_CAL:
3
0.000000E+000 0.000000E+000 0.000000E+000 
$SHAPE_CAL:
3
0.000000E+000 0.000000E+000 0.000000E+000
