$SPEC_ID:
No sample description was entered.
$SPEC_REM:
DET# 1
DETDESC# PHY-R11-37 MCB 129
AP# Maestro Version 7.01
$DATE_MEA:
11/29/2012 15:01:11
$MEAS_TIM:
1200 1200
$DATA:
0 2047
       0
       0
       0
       0
       0
       0
       0
       0
       0
       0
       0
       0
       0
       0
       0
       0
       0
       0
       0
       0
       0
       0
       0
       0
       0
       0
       0
       0
       0
       0
       0
       0
       0
       0
       0
       0
       0
       0
       0
       0
       0
       0
       0
       0
       0
       0
       0
       0
       0
       0
       0
       0
       0
       0
       0
       0
       0
       0
       0
       0
       0
       0
       0
       0
       0
       0
       0
       0
       0
       0
       0
       0
       0
       0
       0
       0
       0
       0
       0
       0
       0
       0
       0
       0
       0
       0
       0
       0
       0
       0
       0
       0
       0
       0
       0
       0
       0
      51
      36
      47
      43
      44
      46
      48
      34
      41
      33
      31
      29
      26
      30
      26
      25
      38
      26
      27
      25
      43
      33
      25
      27
      27
      28
      23
      32
      28
      34
      22
      21
      22
      31
      16
      30
      14
      20
      21
      16
      21
      18
      21
      19
      22
      17
      20
      18
      18
      26
      19
      20
      23
      25
      18
      20
      22
      27
      20
      21
      17
      25
      15
      16
      17
      17
      16
      18
      20
      20
      16
      16
      22
      11
      13
      17
      18
      14
      13
      19
      15
      20
      16
      16
      23
      20
      11
      16
      23
      21
      19
      16
      16
      12
      18
      21
      11
      20
      12
      23
      22
      21
      18
      21
      20
      16
      16
      19
      24
      14
      19
      21
      15
      11
      24
      12
      12
      19
      21
      17
      13
      13
      15
      22
      11
      17
      15
      19
      18
      11
      21
      14
       6
      10
      13
      14
      20
      19
      13
      19
      17
       8
      16
       9
      22
      16
      13
      17
      17
      17
      22
      10
      15
       8
      19
      16
      12
      13
      18
      15
      10
      12
      15
      14
      13
      13
      15
      11
      15
      21
      19
      10
      15
       7
       6
      12
      13
      10
       9
      15
      10
      11
      11
       9
      14
      16
       5
      16
      12
      16
      14
      12
      21
      14
      12
      12
      19
       8
       3
      13
      12
      11
      17
       9
      20
      10
      11
      15
      12
      14
      13
       9
      11
      15
      15
       8
      11
      12
      13
      11
       8
      18
      14
      11
      16
      12
      11
      14
      12
      16
       7
      14
      17
      16
      13
      18
      12
      19
       9
      14
      14
      11
      10
      12
      13
       9
      12
      13
      13
      15
       7
       6
      12
      13
      12
       8
       8
      12
      15
       7
      10
      11
      11
       8
      10
      11
       8
       8
      12
      11
      18
      15
      17
       6
      10
      15
      14
      12
      13
      17
       8
       4
       8
      20
      11
      16
       5
      15
      13
      18
      14
      16
       9
      13
       6
      16
      18
      15
      10
      22
      10
      18
      20
      14
      10
      18
      13
      13
      15
      18
      16
      11
      13
      24
      19
      11
      20
      14
      15
      19
      18
      15
       5
      11
      22
      17
      17
      21
      15
      18
      16
      21
      12
       8
      13
      15
      14
      21
      20
      16
      16
      12
      22
      23
      20
      31
      23
      24
      22
      18
      22
      22
      25
      27
      27
      25
      27
      24
      27
      30
      25
      20
      21
      23
      32
      22
      27
      22
      26
      27
      23
      26
      20
      30
      27
      29
      28
      20
      27
      33
      28
      32
      24
      38
      37
      28
      29
      37
      31
      31
      49
      29
      35
      33
      37
      34
      31
      30
      31
      31
      27
      23
      42
      34
      36
      24
      14
      25
      26
      29
      33
      28
      29
      30
      32
      33
      27
      26
      27
      29
      36
      31
      34
      23
      37
      29
      35
      25
      27
      29
      27
      30
      26
      38
      37
      32
      32
      33
      23
      32
      34
      25
      34
      22
      31
      29
      25
      26
      47
      31
      35
      37
      28
      30
      34
      30
      32
      29
      32
      24
      28
      32
      32
      25
      35
      40
      26
      29
      28
      35
      35
      27
      37
      25
      23
      28
      25
      35
      31
      31
      28
      30
      29
      38
      36
      39
      22
      42
      21
      26
      22
      36
      23
      24
      26
      33
      21
      30
      28
      34
      18
      25
      24
      22
      29
      36
      34
      30
      24
      33
      33
      30
      26
      38
      28
      27
      26
      23
      24
      31
      34
      24
      30
      23
      27
      35
      28
      37
      26
      30
      26
      25
      36
      36
      39
      19
      27
      31
      30
      32
      31
      29
      30
      25
      30
      35
      29
      34
      37
      41
      32
      38
      31
      42
      39
      24
      27
      38
      27
      27
      40
      40
      44
      31
      25
      26
      33
      35
      38
      23
      33
      41
      33
      27
      35
      38
      27
      41
      29
      29
      25
      33
      31
      39
      24
      28
      35
      28
      31
      26
      31
      34
      26
      59
      26
      37
      40
      37
      38
      40
      34
      37
      21
      40
      29
      34
      22
      38
      27
      35
      25
      29
      33
      30
      39
      29
      29
      29
      32
      43
      40
      37
      35
      26
      36
      36
      28
      36
      43
      31
      38
      29
      32
      28
      42
      28
      43
      32
      23
      40
      36
      39
      26
      27
      34
      44
      27
      40
      38
      25
      30
      31
      33
      31
      38
      28
      33
      29
      32
      36
      37
      29
      31
      37
      36
      44
      43
      38
      35
      43
      42
      42
      41
      30
      43
      45
      42
      36
      40
      21
      40
      36
      35
      27
      47
      40
      41
      39
      27
      37
      32
      29
      26
      25
      27
      27
      41
      28
      38
      45
      41
      37
      33
      37
      35
      27
      44
      43
      34
      32
      40
      41
      48
      39
      33
      32
      25
      37
      41
      41
      39
      46
      38
      37
      35
      42
      36
      36
      41
      41
      38
      33
      39
      44
      36
      28
      30
      38
      28
      40
      34
      32
      50
      36
      44
      47
      36
      43
      30
      45
      44
      38
      32
      48
      46
      44
      38
      55
      33
      31
      40
      39
      47
      43
      43
      34
      49
      42
      33
      46
      33
      42
      44
      48
      36
      56
      39
      38
      47
      53
      38
      60
      51
      46
      40
      48
      42
      47
      45
      42
      43
      40
      51
      42
      37
      51
      41
      38
      54
      45
      43
      44
      42
      45
      36
      35
      48
      57
      36
      44
      42
      41
      37
      50
      49
      49
      48
      49
      47
      41
      57
      58
      53
      48
      43
      51
      57
      39
      52
      51
      57
      52
      50
      44
      48
      50
      58
      52
      45
      47
      58
      37
      46
      50
      54
      47
      45
      59
      46
      63
      52
      47
      56
      53
      54
      48
      61
      54
      47
      57
      45
      59
      59
      52
      54
      51
      40
      51
      64
      55
      58
      53
      58
      59
      49
      56
      53
      48
      68
      54
      54
      50
      50
      55
      62
      52
      37
      60
      47
      56
      62
      56
      57
      65
      60
      57
      57
      68
      52
      60
      53
      36
      68
      45
      52
      59
      56
      58
      52
      48
      63
      34
      55
      55
      60
      65
      56
      54
      66
      61
      56
      50
      53
      54
      38
      60
      56
      56
      52
      61
      60
      61
      64
      48
      47
      62
      53
      61
      61
      57
      48
      54
      46
      65
      59
      59
      57
      56
      62
      62
      60
      53
      56
      59
      64
      53
      55
      55
      58
      50
      57
      64
      75
      54
      56
      62
      69
      54
      64
      51
      49
      47
      52
      55
      61
      53
      48
      71
      50
      61
      56
      55
      61
      59
      40
      65
      55
      59
      64
      62
      69
      53
      54
      60
      56
      47
      64
      65
      61
      55
      57
      63
      54
      46
      61
      71
      58
      33
      53
      50
      68
      66
      72
      56
      52
      51
      57
      66
      63
      51
      60
      67
      51
      66
      59
      58
      66
      71
      49
      59
      67
      61
      64
      63
      64
      66
      61
      46
      52
      66
      70
      74
      61
      67
      68
      65
      55
      60
      59
      65
      79
      82
      60
      51
      64
      57
      66
      63
      60
      52
      70
      59
      74
      58
      51
      73
      51
      60
      55
      75
      64
      57
      52
      63
      65
      74
      52
      66
      58
      54
      60
      71
      60
      58
      57
      69
      57
      59
      59
      69
      63
      66
      52
      70
      61
      66
      81
      58
      76
      80
      75
      76
      74
      79
      64
      61
      79
      79
      75
      74
      59
      80
      71
      73
      51
      58
      69
      65
      60
      62
      86
      69
      51
      87
      63
      70
      77
      54
      63
      67
      67
      58
      86
      74
      67
      67
      72
      70
      69
      61
      78
      78
      80
      81
      63
      77
      78
      66
      82
      67
      79
      68
      71
      80
      91
      67
      71
      73
      82
      82
      69
      76
      91
      76
      67
      63
      72
      78
      71
      72
      70
      71
      83
      73
      80
      61
      88
      60
      76
      68
      83
      82
      77
      89
      95
      77
      74
      85
      80
      78
      77
      84
     103
      87
      85
      97
      91
      84
      81
      72
      72
      93
      84
      70
      78
      92
      99
      81
      96
      79
     100
      96
      96
      76
      87
     108
      97
      87
     108
     101
      91
      85
      70
      72
      90
     104
     103
      94
     104
     102
      94
     114
     104
      98
     112
     119
      90
      99
     107
     103
     113
     114
     109
     110
     114
     120
     117
     110
     119
     120
     118
     112
     107
     114
     130
     130
     102
     124
     116
     109
     104
     133
     123
     121
     145
     150
     128
     161
     129
     118
     141
     141
     155
     168
     133
     137
     157
     152
     147
     154
     139
     129
     150
     159
     168
     173
     180
     179
     179
     171
     157
     203
     197
     176
     190
     198
     173
     193
     175
     197
     210
     193
     192
     227
     180
     198
     189
     206
     205
     184
     189
     209
     203
     189
     187
     193
     201
     192
     198
     192
     215
     194
     212
     187
     210
     223
     201
     194
     207
     187
     187
     214
     215
     210
     202
     218
     183
     173
     202
     179
     190
     201
     171
     172
     198
     182
     200
     213
     189
     173
     180
     187
     173
     169
     181
     175
     159
     180
     196
     172
     166
     171
     150
     155
     172
     151
     147
     146
     142
     157
     135
     164
     154
     119
     135
     131
     147
     171
     136
     117
     140
     133
     124
     126
     119
     119
     129
     128
     122
     100
     120
     120
     124
     121
     114
     101
      80
      85
      74
      86
      93
      85
      83
      80
      79
      99
      80
      57
      63
      67
      75
      66
      58
      59
      43
      59
      49
      49
      35
      51
      53
      33
      39
      30
      20
      33
      34
      21
      29
      23
      20
      16
      24
      18
      16
      15
      14
      14
       8
       8
      14
       5
      12
      10
       5
      11
      10
       7
       9
       8
       8
       6
      10
       6
       5
       4
       6
       4
       5
       5
       8
       5
       5
       5
       3
       5
       3
       3
       3
       2
       5
       6
       1
       7
       1
       4
       7
       1
       7
       3
       7
       7
       4
       5
       2
       1
       5
       6
       4
       5
       4
       5
       1
       5
       5
       9
       6
       3
       8
       1
       7
       5
       7
       2
       5
       5
       0
       4
       6
       4
       7
      12
       1
       3
       9
       6
       2
       4
       6
       7
       6
       2
       9
       8
       7
       5
       2
       5
       3
       5
       8
       6
       2
       4
       4
       2
       4
       4
       6
      10
       5
       8
       3
       5
       4
       4
       6
       4
       3
      10
       7
       7
       6
       3
       4
       6
       7
       7
       6
       6
       3
       3
       6
       5
       5
       9
      12
       6
       5
      11
       9
       4
       5
       9
       7
       3
       3
       4
       8
       4
      11
       8
      10
       5
       4
      14
      10
       7
       4
      10
       7
       9
       7
       3
      12
       6
      11
       9
       7
      12
      13
       7
       7
      11
      14
      10
       8
       7
      13
       6
      13
      21
      11
      10
      13
      12
      10
      10
      13
      11
      11
      12
       6
       6
       5
      12
       9
      12
       8
      14
       9
       7
      10
      10
      14
       8
      12
      23
       7
       8
       8
       8
       7
       9
      10
      11
      11
       7
       9
       9
      15
      11
       8
       4
      14
       8
       7
       9
      11
      13
      11
       6
      10
       5
       6
       8
       8
       6
      11
      10
       5
       3
       6
       6
       8
       9
       5
       9
      15
       4
      12
       4
       5
       8
       8
      10
       4
      10
       5
       8
       6
      11
       6
       4
      12
       4
       8
       3
       6
       8
       4
       3
       2
       6
       4
       5
       6
       4
       5
       5
       7
       6
       2
       4
       4
       5
       5
       6
       4
       1
       4
       8
       3
       1
       7
       6
       3
       5
       4
       4
       4
       3
       1
       2
       3
       2
       3
       4
       2
       5
       1
       0
       3
       2
       4
       4
       3
       2
       0
       5
       2
       2
       2
       1
       1
       4
       2
       1
       0
       0
       0
       1
       1
       0
       1
       0
       0
       0
       1
       1
       1
       0
       1
       0
       1
       0
       0
       0
       0
       0
       1
       0
       0
       2
       0
       0
       0
       0
       0
       0
       0
       0
       0
       2
       0
       0
       0
       0
       0
       0
       0
       0
       1
       0
       0
       0
       0
       0
       1
       0
       1
       0
       0
       0
       0
       0
       0
       0
       0
       1
       0
       0
       0
       0
       0
       0
       0
       1
       0
       0
       2
       0
       1
       1
       0
       0
       0
       0
       0
       0
       0
       0
       0
       0
       0
       0
       0
       0
       0
       0
       0
       0
       0
       0
       0
       0
       0
       0
       0
       0
       0
       0
       0
       0
       0
       1
       0
       0
       0
       1
       0
       0
       0
       0
       0
       0
       0
       1
       0
       0
       0
       0
       0
       0
       0
       0
       0
       0
       0
       0
       0
       0
       0
       0
       0
       0
       0
       0
       0
       0
       0
       0
       0
       0
       0
       0
       0
       0
       0
       0
       0
       0
       0
       0
       0
       0
       0
       0
       0
       0
       0
       0
       0
       0
       0
       0
       0
       0
       0
       0
       0
       0
       0
       0
       0
       0
       0
       0
       0
       0
       0
       0
       0
       0
       0
       0
       0
       0
       0
       0
       0
$ROI:
0
$PRESETS:
Live Time
1200
0
$ENER_FIT:
0.000000 0.000000
$MCA_CAL:
3
0.000000E+000 0.000000E+000 0.000000E+000 
$SHAPE_CAL:
3
0.000000E+000 0.000000E+000 0.000000E+000
