$SPEC_ID:
No sample description was entered.
$SPEC_REM:
DET# 1
DETDESC# PHY-R11-37 MCB 129
AP# Maestro Version 7.01
$DATE_MEA:
11/27/2012 14:37:04
$MEAS_TIM:
600 630
$DATA:
0 2047
       0
       0
       0
       0
       0
       0
       0
       0
       0
       0
       0
       0
       0
       0
       0
       0
       0
       0
       0
       0
       0
       0
       0
       0
       0
       0
       0
       0
       0
       0
       0
       0
       0
       0
       0
       1
       2
       1
       2
       7
      12
      17
      19
      24
      13
      27
      19
     301
    5262
    5467
    4980
    4292
    3877
    3465
    3165
    2803
    2531
    2326
    2052
    1851
    1740
    1598
    1495
    1330
    1283
    1181
    1117
    1085
    1060
     973
     973
     928
     945
     880
     903
     920
     862
     834
     836
     813
     766
     745
     754
     755
     776
     697
     725
     702
     772
     715
     701
     713
     655
     707
     676
     669
     691
     710
     697
     636
     667
     697
     617
     669
     662
     654
     616
     615
     641
     610
     668
     601
     640
     610
     622
     641
     618
     618
     627
     625
     636
     625
     601
     618
     558
     582
     562
     581
     529
     536
     563
     586
     587
     578
     548
     586
     500
     560
     510
     574
     540
     562
     550
     546
     544
     527
     587
     521
     564
     564
     557
     549
     550
     497
     518
     556
     537
     505
     507
     577
     516
     528
     530
     502
     531
     527
     514
     524
     490
     542
     520
     512
     505
     531
     525
     514
     550
     485
     507
     477
     512
     485
     479
     518
     487
     481
     510
     487
     518
     499
     490
     544
     491
     501
     517
     468
     497
     450
     474
     519
     482
     452
     482
     490
     495
     484
     464
     467
     444
     497
     508
     512
     502
     431
     513
     500
     517
     462
     477
     451
     434
     495
     438
     499
     516
     488
     450
     459
     455
     494
     499
     481
     445
     467
     434
     452
     499
     494
     485
     498
     505
     474
     489
     474
     453
     472
     492
     515
     445
     455
     482
     451
     478
     437
     484
     456
     486
     501
     463
     442
     502
     453
     500
     490
     472
     497
     454
     459
     482
     464
     451
     451
     478
     464
     467
     465
     445
     434
     453
     508
     488
     466
     450
     497
     520
     499
     466
     456
     458
     502
     507
     490
     494
     502
     512
     460
     496
     487
     464
     463
     473
     492
     484
     463
     489
     462
     475
     477
     462
     480
     519
     471
     485
     481
     455
     511
     526
     475
     445
     500
     519
     508
     507
     480
     514
     516
     509
     492
     483
     507
     518
     511
     515
     507
     508
     525
     490
     509
     498
     539
     489
     514
     533
     521
     524
     532
     461
     510
     518
     517
     519
     527
     516
     582
     525
     572
     536
     520
     533
     535
     523
     527
     517
     573
     551
     565
     540
     596
     559
     545
     608
     532
     580
     661
     579
     586
     589
     647
     603
     596
     623
     621
     662
     662
     692
     706
     701
     736
     740
     804
     734
     741
     778
     762
     815
     811
     789
     859
     819
     835
     819
     908
     863
     953
     923
     893
     980
     952
     970
     996
     994
    1055
    1055
    1094
    1105
    1116
    1090
    1143
    1149
    1142
    1251
    1174
    1211
    1267
    1234
    1333
    1335
    1405
    1379
    1343
    1487
    1475
    1448
    1474
    1527
    1545
    1518
    1517
    1593
    1572
    1524
    1614
    1624
    1613
    1656
    1615
    1683
    1617
    1728
    1590
    1580
    1703
    1644
    1669
    1654
    1699
    1710
    1575
    1649
    1665
    1701
    1641
    1647
    1605
    1646
    1684
    1655
    1631
    1624
    1595
    1719
    1707
    1642
    1573
    1665
    1694
    1675
    1661
    1614
    1676
    1578
    1616
    1681
    1623
    1636
    1630
    1633
    1649
    1695
    1607
    1696
    1642
    1661
    1727
    1625
    1729
    1727
    1575
    1608
    1737
    1702
    1657
    1593
    1631
    1660
    1617
    1646
    1656
    1733
    1634
    1593
    1694
    1671
    1736
    1709
    1649
    1706
    1684
    1669
    1690
    1624
    1719
    1648
    1719
    1749
    1618
    1634
    1703
    1670
    1655
    1673
    1660
    1691
    1646
    1693
    1718
    1664
    1727
    1641
    1673
    1665
    1652
    1654
    1752
    1746
    1689
    1715
    1678
    1684
    1723
    1623
    1690
    1698
    1640
    1722
    1703
    1735
    1762
    1648
    1696
    1699
    1739
    1801
    1623
    1704
    1730
    1700
    1688
    1657
    1773
    1697
    1715
    1691
    1668
    1704
    1652
    1673
    1666
    1693
    1699
    1679
    1708
    1689
    1694
    1703
    1696
    1701
    1719
    1740
    1661
    1686
    1664
    1710
    1633
    1691
    1742
    1640
    1743
    1669
    1692
    1650
    1644
    1730
    1697
    1684
    1667
    1685
    1650
    1744
    1764
    1670
    1694
    1644
    1711
    1707
    1701
    1744
    1611
    1734
    1704
    1698
    1723
    1629
    1678
    1724
    1716
    1661
    1722
    1792
    1715
    1719
    1797
    1684
    1632
    1667
    1715
    1657
    1646
    1729
    1693
    1619
    1799
    1726
    1727
    1732
    1749
    1680
    1734
    1761
    1777
    1754
    1765
    1801
    1812
    1656
    1765
    1712
    1757
    1783
    1749
    1764
    1800
    1775
    1771
    1781
    1662
    1763
    1702
    1812
    1736
    1711
    1776
    1876
    1703
    1809
    1821
    1845
    1838
    1787
    1823
    1829
    1852
    1818
    1864
    1784
    1801
    1816
    1779
    1806
    1822
    1807
    1855
    1899
    1870
    1840
    1814
    1843
    1778
    1807
    1808
    1791
    1837
    1854
    1855
    1779
    1796
    1837
    1870
    1757
    1921
    1910
    1895
    1954
    1901
    1896
    1833
    1895
    1957
    1836
    1913
    1872
    1955
    1926
    1988
    1876
    1924
    1979
    1943
    1907
    2002
    1850
    1906
    1893
    1934
    1949
    1934
    1973
    1991
    2011
    1957
    1941
    2043
    2001
    1986
    1990
    1964
    1955
    2012
    1967
    2013
    2028
    2046
    2025
    2064
    2016
    2103
    2058
    2097
    2041
    2004
    2081
    2101
    2005
    2050
    2018
    2139
    2114
    2070
    2081
    2112
    2051
    2135
    2067
    2159
    2093
    2115
    2110
    2050
    2195
    2100
    2225
    2135
    2160
    2186
    2246
    2150
    2138
    2254
    2197
    2221
    2253
    2200
    2293
    2270
    2244
    2192
    2205
    2419
    2254
    2231
    2306
    2394
    2319
    2348
    2306
    2323
    2376
    2408
    2376
    2491
    2336
    2388
    2405
    2427
    2398
    2418
    2429
    2475
    2445
    2418
    2470
    2507
    2533
    2508
    2698
    2581
    2583
    2592
    2485
    2464
    2624
    2668
    2541
    2604
    2663
    2598
    2689
    2701
    2652
    2591
    2737
    2590
    2700
    2706
    2682
    2757
    2661
    2698
    2651
    2734
    2660
    2761
    2763
    2672
    2715
    2807
    2655
    2855
    2762
    2783
    2856
    2753
    2689
    2850
    2785
    2636
    2744
    2781
    2844
    2796
    2833
    2787
    2858
    2784
    2839
    2805
    2711
    2819
    2753
    2809
    2776
    2844
    2885
    2845
    2834
    2743
    2861
    2787
    2791
    2873
    2825
    2808
    2850
    2883
    2889
    2869
    2829
    2949
    2889
    2895
    2813
    2949
    2795
    2894
    2899
    2983
    2894
    2900
    2936
    3056
    2912
    2997
    2951
    2863
    2914
    2939
    2850
    2843
    2942
    3035
    2982
    2953
    2943
    3015
    2976
    2893
    3059
    3019
    2941
    2989
    2952
    2900
    2951
    3025
    2956
    2904
    2954
    3024
    2977
    3047
    3093
    3041
    3067
    3062
    3212
    3005
    3091
    3024
    3054
    3117
    3102
    3129
    3141
    3003
    3179
    3086
    3237
    3046
    3167
    3127
    3098
    3260
    3152
    3136
    3058
    3218
    3108
    3129
    3191
    3232
    3210
    3126
    3219
    3312
    3316
    3170
    3332
    3120
    3390
    3378
    3220
    3457
    3281
    3390
    3346
    3310
    3343
    3313
    3394
    3438
    3437
    3307
    3387
    3476
    3331
    3395
    3371
    3376
    3417
    3427
    3385
    3366
    3402
    3502
    3453
    3514
    3433
    3499
    3466
    3498
    3461
    3540
    3449
    3559
    3525
    3670
    3598
    3542
    3557
    3528
    3531
    3571
    3581
    3496
    3599
    3406
    3510
    3513
    3700
    3535
    3531
    3664
    3490
    3498
    3533
    3578
    3635
    3489
    3617
    3701
    3611
    3679
    3603
    3587
    3504
    3603
    3576
    3692
    3637
    3608
    3699
    3672
    3569
    3738
    3611
    3647
    3630
    3727
    3722
    3691
    3626
    3753
    3746
    3769
    3611
    3652
    3769
    3740
    3680
    3645
    3777
    3711
    3777
    3652
    3753
    3892
    3741
    3815
    3871
    3711
    3814
    3710
    3811
    3765
    3817
    3745
    3973
    3869
    3799
    3969
    3767
    3703
    3699
    3823
    3842
    3860
    3925
    3809
    3803
    3806
    3873
    3926
    3788
    3985
    4004
    3863
    3839
    3821
    3923
    3977
    3966
    3947
    4040
    4020
    3981
    3994
    3966
    3927
    3919
    3959
    4026
    3985
    4069
    4084
    3993
    4058
    3997
    4201
    4150
    4095
    4159
    4151
    4090
    4114
    4128
    4253
    4137
    4167
    4089
    4315
    4163
    4121
    4283
    4186
    4294
    4386
    4434
    4372
    4268
    4316
    4368
    4467
    4261
    4326
    4388
    4272
    4225
    4456
    4386
    4451
    4512
    4487
    4525
    4353
    4625
    4373
    4562
    4515
    4622
    4528
    4582
    4540
    4470
    4737
    4666
    4609
    4688
    4728
    4620
    4711
    4702
    4688
    4735
    4766
    4769
    4793
    4959
    4826
    4900
    4834
    4959
    4999
    5037
    4955
    4993
    5058
    4923
    5032
    5099
    5157
    5113
    5074
    5135
    5173
    5279
    5284
    5270
    5285
    5456
    5335
    5425
    5541
    5361
    5538
    5599
    5594
    5509
    5696
    5680
    5792
    5783
    5742
    6020
    5874
    5860
    6119
    6059
    6216
    6131
    6160
    6316
    6306
    6531
    6553
    6571
    6469
    6618
    6843
    6746
    6891
    7118
    7144
    6949
    7228
    7225
    7533
    7461
    7395
    7546
    7725
    7547
    7900
    7996
    8224
    8238
    8288
    8393
    8577
    8665
    8653
    8858
    9119
    9280
    9240
    9192
    9434
    9346
    9624
    9983
    9919
    9940
   10125
   10429
   10332
   10565
   10574
   10770
   10747
   11149
   11240
   11223
   11313
   11419
   11650
   11708
   11850
   11610
   12022
   11860
   12059
   12140
   12206
   12132
   12388
   12175
   12341
   12216
   12455
   12275
   12236
   12508
   12452
   12300
   12558
   12275
   12351
   12452
   12187
   12273
   12278
   12279
   12138
   11928
   11967
   12027
   12054
   11845
   11639
   11727
   11750
   11665
   11530
   11296
   11372
   11192
   11238
   11210
   11137
   10805
   10965
   10613
   10756
   10278
   10392
   10218
   10244
    9931
    9922
    9842
    9616
    9666
    9720
    9335
    9486
    9196
    9132
    8936
    8808
    8664
    8614
    8325
    8275
    8209
    7857
    7904
    7887
    7686
    7345
    7373
    7008
    6890
    6842
    6742
    6579
    6538
    6166
    6022
    5926
    5664
    5689
    5414
    5236
    5134
    4878
    4728
    4562
    4447
    4227
    4126
    3928
    3840
    3779
    3458
    3198
    3150
    2852
    2787
    2697
    2664
    2431
    2209
    2145
    2011
    1933
    1769
    1611
    1486
    1406
    1331
    1215
    1113
    1038
     970
     898
     856
     779
     771
     691
     654
     612
     597
     532
     512
     469
     496
     466
     410
     390
     415
     362
     316
     318
     359
     289
     320
     326
     298
     334
     327
     311
     337
     284
     309
     327
     311
     299
     277
     295
     254
     276
     315
     296
     287
     273
     298
     304
     327
     274
     288
     268
     277
     297
     292
     302
     305
     280
     311
     314
     280
     284
     328
     297
     281
     278
     302
     307
     276
     331
     330
     294
     288
     297
     336
     296
     284
     318
     325
     342
     296
     321
     335
     303
     334
     329
     352
     297
     298
     335
     341
     326
     345
     368
     360
     325
     350
     314
     370
     366
     339
     371
     351
     353
     307
     352
     382
     366
     352
     333
     389
     375
     384
     358
     398
     387
     382
     396
     375
     409
     426
     414
     398
     419
     393
     419
     426
     439
     422
     441
     467
     441
     433
     424
     477
     412
     441
     461
     429
     418
     465
     514
     459
     506
     494
     540
     524
     497
     505
     499
     539
     513
     554
     566
     549
     551
     550
     541
     567
     601
     577
     570
     591
     597
     592
     616
     600
     627
     616
     611
     636
     631
     605
     608
     596
     648
     604
     640
     616
     682
     664
     606
     617
     652
     648
     618
     630
     664
     634
     655
     613
     631
     603
     677
     649
     661
     638
     681
     588
     685
     635
     628
     631
     621
     623
     598
     615
     619
     598
     572
     601
     643
     579
     555
     580
     600
     557
     525
     590
     547
     585
     557
     540
     484
     541
     515
     514
     507
     541
     534
     553
     519
     524
     568
     517
     535
     510
     471
     473
     485
     445
     489
     457
     406
     448
     450
     417
     468
     425
     402
     408
     408
     404
     401
     403
     390
     356
     332
     350
     352
     336
     346
     338
     334
     339
     326
     337
     294
     298
     290
     305
     242
     274
     237
     218
     260
     254
     241
     235
     233
     209
     201
     178
     196
     165
     182
     184
     166
     161
     141
     146
     140
     143
     128
     140
     110
      99
     125
     107
     114
     100
      81
      88
      93
      71
      68
      68
      67
      67
      62
      55
      62
      55
      58
      46
      37
      46
      47
      38
      46
      33
      49
      39
      34
      39
      40
      68
      35
      43
      46
      37
      42
      42
      28
      43
      33
      44
      24
      36
      31
      35
      34
      30
      37
      35
      38
      43
      37
      37
      40
      32
      38
      31
      38
      41
      40
      30
      22
      38
      37
      30
      40
      37
      35
      40
      26
      33
      32
      31
      30
      35
      37
      29
      36
      37
      30
      32
      41
      31
      45
      37
      44
      40
      32
      32
      27
      38
      37
      37
      40
      39
      42
      36
      37
      34
      22
      37
      26
      40
      29
      35
      46
      32
      36
      37
      38
      27
      25
      31
      36
      40
      26
      34
      36
      35
      33
      41
      37
      34
      36
      26
      28
      28
      31
      31
      32
      36
      34
      31
      39
      33
      24
      35
      41
      51
      28
      41
      34
      41
      41
      26
      39
      25
      41
      34
      37
      41
      33
      25
      35
      27
      36
      43
      33
      29
      34
      29
      37
      30
      41
      25
      31
      34
      36
      33
      43
      43
      28
      23
      30
      33
      33
      42
      41
      30
      29
      32
      21
      32
      36
      35
      21
      41
      44
      23
      30
      29
      33
      37
      51
      30
      40
      50
      37
      34
      39
      38
      40
      40
      37
      37
      38
      28
      33
      28
      36
      41
      36
      25
      35
      32
      27
      37
      27
      34
      37
      32
      29
      32
      34
      27
      29
      30
      28
      28
      45
      24
      36
      37
      30
      36
      41
      27
      54
      35
      26
      46
      32
      30
      32
      31
      40
      30
      34
      33
      35
      29
      28
      33
      37
      42
      24
      28
      46
      37
      48
      36
      26
      32
      35
      31
      34
      41
      29
      38
      27
      34
      40
      38
      37
      32
      28
      40
      24
      28
      32
      34
      28
      25
      18
      27
      16
      14
      10
      12
      14
      10
       5
      13
       7
      11
       5
       5
       2
       3
       2
       1
       1
       0
       0
       2
       0
       0
       1
       0
       0
       0
       0
       0
       0
       0
       0
       0
       0
       0
       0
       0
       0
       0
       0
       0
       0
       0
       0
       0
       0
       0
       0
       0
       0
       0
       0
       0
       0
       0
       0
       0
       0
       0
       0
       0
       0
       0
       0
       0
       0
       0
       0
       0
       0
$ROI:
0
$PRESETS:
Live Time
600
0
$ENER_FIT:
0.000000 0.000000
$MCA_CAL:
3
0.000000E+000 0.000000E+000 0.000000E+000 
$SHAPE_CAL:
3
0.000000E+000 0.000000E+000 0.000000E+000
