$SPEC_ID:
No sample description was entered.
$SPEC_REM:
DET# 1
DETDESC# PHY-R11-37 MCB 129
AP# Maestro Version 7.01
$DATE_MEA:
11/29/2012 15:31:49
$MEAS_TIM:
1200 1200
$DATA:
0 2047
       0
       0
       0
       0
       0
       0
       0
       0
       0
       0
       0
       0
       0
       0
       0
       0
       0
       0
       0
       0
       0
       0
       0
       0
       0
       0
       0
       0
       0
       0
       0
       0
       0
       0
       0
       0
       0
       0
       0
       0
       0
       0
       0
       0
       0
       0
       0
       0
       0
       0
       0
       0
       0
       0
       0
       0
       0
       0
       0
       0
       0
       0
       0
       0
       0
       0
       0
       0
       0
       0
       0
       0
       0
       0
       0
       0
       0
       0
       0
       0
       0
       0
       0
       0
       0
       0
       0
       0
       0
       0
       0
       0
       0
       0
       0
       0
       1
      18
      23
      22
      31
      15
      18
      21
      23
      13
       8
      15
      26
      24
      17
      18
      14
      15
      19
      14
      11
      11
      10
      11
      14
      20
      10
      11
       9
      10
      12
      13
      13
      14
       6
      15
      13
       9
       8
      18
      14
      16
       8
       7
      11
      10
       9
       8
       8
       9
      12
      11
       9
      11
       9
      14
      10
      12
       7
       8
       7
       6
       6
       8
       8
      13
      12
       7
       5
      10
       8
      10
       8
       6
       4
       7
       4
      17
      12
       8
       6
       7
       8
       8
       8
       8
       5
       6
      10
      11
       6
      12
       9
       9
       9
       6
      16
       7
       8
       3
      10
       9
       8
      10
       6
      10
       8
       8
       9
       8
       6
       4
       4
       5
       5
       2
      10
       3
       9
       5
       7
       3
       5
       9
       9
      10
       6
      10
       7
       5
       5
      10
       6
       6
       3
       4
       6
       3
       3
       8
       9
       4
       9
       4
       7
       6
       8
       5
      11
      10
       6
       7
       5
      10
       6
       9
       8
      10
       6
       7
       9
       5
      10
       5
       3
       3
       5
       6
       9
       8
       5
       7
       7
       5
       7
       8
       5
       2
       7
       7
       4
       9
       4
       5
       7
       9
       7
      16
       5
       2
       4
       7
       9
       6
       4
       9
       8
       8
       3
       6
       4
       8
       4
       6
       6
       8
       2
       4
       1
       5
       6
       6
       3
       8
       4
       7
       3
       3
       3
       2
       5
       9
       4
       5
       8
       2
       8
       4
       3
       8
       5
       3
       2
      10
       5
      10
       3
       7
       4
       8
       6
       8
       5
       6
       4
       9
       8
       5
      11
       5
       5
       3
       4
       4
       8
       3
       2
       8
       3
       7
       4
       5
       6
       6
       6
       6
       9
       7
       5
       3
       7
       7
       4
      13
       6
       3
       4
       4
      12
       9
       3
       5
       7
       7
       5
       5
       3
       4
       7
       7
       9
       7
       4
       4
       9
       2
       7
      10
       9
       4
       8
       6
       8
       5
       3
       8
       7
       9
       6
       7
       6
       2
       6
      13
       6
       5
       9
       7
       5
      10
       5
       4
       8
       9
       5
       5
      10
      10
       9
       7
       6
       7
       7
      11
       5
      10
       6
      11
      10
      10
       7
      12
      12
       9
      10
       9
       9
       9
       8
       3
       7
      10
      13
       8
       7
       9
      11
      12
       3
      11
       7
      13
      10
       6
      11
       8
      11
       2
       8
       8
      15
      13
      20
       9
      12
      15
      20
      19
      11
      14
      15
      12
      13
      13
      19
      19
      14
      14
      21
      13
      16
      12
      13
      15
      20
      17
      15
      12
      15
      14
      14
      18
      13
      20
      11
       9
       9
      18
       8
      18
      15
      18
      13
      16
      13
      18
      12
      19
      13
      12
       9
       9
      15
      20
      13
      14
       8
      11
      16
       9
      20
      13
      12
       8
      13
      13
      10
      15
      11
      16
      14
      11
      17
      15
      13
      10
      12
       8
       9
      15
       9
       8
      11
       9
      11
      13
      20
      16
      12
      17
      22
      12
      13
      10
      11
      19
      17
      16
      12
       6
      22
      16
       8
      13
      17
      12
      14
      24
      12
      18
      15
      12
      14
      15
      15
      15
       8
      14
      19
      15
      12
      12
      14
      21
      18
      11
      20
      10
      15
      11
      16
      14
      14
      13
      11
       9
       9
      13
       7
      15
      16
      23
       7
      19
      13
      17
      18
      11
      14
      16
      10
      13
      13
      10
      21
      13
      17
      10
       8
      10
      11
       8
      10
       7
      19
       8
      12
      23
      11
       6
      12
      13
      14
      11
      13
      19
      17
       9
      19
      16
       6
      20
      10
      16
      12
      17
       9
      18
      18
      10
      16
      20
       5
      11
      14
      16
       8
       6
      13
      22
      16
      11
      19
      20
      13
      18
      18
      15
       6
      11
      15
       9
      11
      12
      15
       6
      13
      16
      11
      15
      17
      17
      15
      13
      10
      16
      17
      13
      15
      16
      17
      12
      18
      12
      16
      11
      14
      10
      16
      15
      24
      14
      20
      13
      14
       8
      15
      13
      10
      11
      10
      16
      22
      10
      21
      19
      21
      13
      14
      14
      25
      14
      20
      15
      21
      13
      22
       9
      17
      10
      16
      18
      18
      17
      20
      17
      17
      18
      13
      13
      15
      22
      20
      15
       7
       9
      14
      16
      19
      13
      16
       9
      14
       9
      12
      14
      12
      13
      17
      17
      17
      12
      10
      17
      19
      14
      24
      15
      13
      13
      16
      16
      12
      17
      24
      17
      13
      12
      17
      13
      20
      20
      17
      19
      15
      17
      20
      18
      17
      20
      16
      15
      15
      12
      18
      16
      14
      31
      17
      12
      14
      11
      13
      10
      17
      15
      11
      19
      20
      21
      16
      13
      18
      12
      19
      18
      15
      15
      12
      14
      22
      18
      17
      13
      14
      16
      22
      21
      24
      17
      20
      22
      18
      15
      10
      19
      12
      26
      16
      17
      24
      25
      19
      20
      15
      19
      14
      18
      22
       9
      14
      19
      14
      19
      21
      21
      20
      16
      17
      19
      17
      22
      19
      24
      21
      15
      17
      20
      24
      21
      20
      30
      20
      17
      32
      23
      17
      18
      19
      17
      23
      17
      25
      23
      19
      19
       9
      24
      15
      21
      23
      19
      25
      25
      21
      17
      18
      16
      22
      17
      18
      19
      23
      27
      36
      19
      29
      18
      24
      17
      29
      20
      20
      19
      27
      18
      24
      21
      28
      26
      25
      25
      24
      19
      25
      19
      25
      28
      16
      33
      21
      20
      22
      32
      18
      29
      17
      15
      24
      24
      20
      24
      24
      21
      18
      31
      20
      27
      23
      22
      28
      37
      21
      17
      28
      25
      15
      23
      28
      24
      19
      21
      27
      28
      28
      25
      16
      33
      26
      18
      32
      19
      21
      25
      26
      33
      27
      27
      21
      21
      19
      21
      20
      21
      27
      24
      26
      20
      23
      19
      30
      25
      27
      23
      28
      25
      17
      26
      24
      20
      29
      33
      26
      34
      28
      22
      20
      16
      26
      20
      25
      22
      28
      20
      34
      19
      29
      21
      31
      25
      21
      31
      30
      27
      29
      29
      13
      32
      25
      22
      25
      29
      25
      24
      22
      34
      24
      22
      29
      22
      17
      13
      24
      25
      36
      24
      19
      24
      27
      20
      34
      27
      25
      26
      24
      26
      28
      18
      22
      23
      26
      24
      30
      22
      21
      25
      40
      32
      28
      17
      26
      24
      36
      18
      30
      35
      35
      21
      26
      25
      41
      22
      24
      25
      27
      25
      24
      21
      31
      31
      29
      26
      12
      35
      20
      27
      21
      18
      29
      26
      23
      28
      27
      30
      21
      32
      33
      25
      24
      27
      30
      24
      29
      18
      25
      19
      28
      28
      23
      23
      15
      23
      28
      29
      35
      19
      21
      22
      23
      29
      31
      33
      21
      25
      20
      26
      26
      25
      24
      31
      20
      33
      32
      31
      30
      30
      31
      23
      33
      38
      29
      30
      25
      21
      31
      27
      22
      31
      27
      31
      22
      36
      21
      31
      32
      38
      30
      31
      37
      27
      22
      24
      18
      30
      34
      30
      33
      34
      35
      28
      36
      27
      26
      29
      29
      24
      39
      21
      43
      36
      23
      39
      32
      34
      26
      25
      28
      31
      28
      23
      34
      33
      29
      30
      30
      27
      26
      31
      20
      38
      41
      28
      35
      30
      30
      40
      30
      40
      33
      36
      29
      27
      31
      28
      32
      35
      39
      33
      40
      36
      37
      29
      42
      26
      33
      29
      28
      25
      37
      31
      34
      26
      45
      27
      36
      31
      35
      33
      33
      41
      33
      43
      36
      39
      32
      38
      34
      38
      34
      40
      37
      36
      43
      44
      37
      40
      39
      37
      29
      40
      52
      42
      38
      41
      26
      34
      26
      41
      46
      37
      33
      31
      39
      37
      31
      35
      35
      37
      43
      34
      41
      33
      36
      50
      42
      38
      35
      45
      42
      39
      36
      41
      27
      47
      48
      35
      40
      29
      38
      31
      37
      33
      30
      51
      60
      43
      41
      45
      36
      57
      41
      31
      36
      40
      47
      52
      46
      44
      45
      30
      47
      50
      59
      54
      40
      51
      45
      59
      53
      56
      45
      49
      52
      48
      53
      58
      50
      46
      47
      49
      53
      56
      60
      57
      55
      61
      61
      67
      49
      69
      54
      67
      73
      59
      50
      73
      68
      61
      66
      62
      67
      77
      64
      73
      92
      68
      66
      76
      76
      78
      68
      87
      85
      71
      84
      86
      84
      73
      90
      79
      79
      97
      74
      93
      93
      94
      80
      84
      86
      97
      77
      92
     101
      81
      95
      82
     106
      86
      90
      97
      89
      67
      80
      90
      94
      89
      80
      88
     112
     101
      89
      98
      99
      77
      80
      83
      93
      94
      84
      79
      72
      85
      94
      83
      89
      70
      93
      85
      76
      94
      91
      90
      79
      63
      80
      68
      78
      79
      86
      64
      77
      69
      71
      76
      80
      67
      79
      65
      69
      63
      83
      63
      64
      75
      57
      66
      68
      52
      80
      69
      63
      52
      68
      71
      47
      52
      81
      43
      56
      53
      45
      50
      39
      42
      40
      44
      37
      46
      38
      43
      45
      40
      38
      37
      32
      38
      31
      33
      34
      29
      38
      40
      33
      34
      18
      33
      22
      18
      19
      20
      16
      22
      18
      12
      14
      14
      12
      13
      15
      12
      10
      10
      12
       9
       7
       4
       3
       5
       7
       4
       7
       5
       5
       6
       3
       4
       3
       4
       3
       5
       7
       3
       2
       6
       3
       3
       4
       3
       4
       2
       4
       7
       4
       0
       2
       3
       6
       2
       1
       2
       2
       3
       1
       2
       1
       1
       0
       1
       2
       4
       1
       1
       0
       2
       3
       1
       1
       1
       2
       3
       2
       3
       3
       1
       2
       0
       0
       3
       3
       1
       3
       0
       1
       2
       1
       2
       2
       1
       3
       1
       0
       4
       3
       2
       3
       1
       2
       2
       3
       2
       2
       3
       4
       4
       2
       4
       3
       4
       1
       2
       2
       0
       5
       5
       4
       2
       1
       2
       1
       1
       0
       0
       4
       1
       1
       4
       2
       0
       1
       0
       1
       2
       1
       4
       5
       4
       4
       3
       5
       3
       2
       2
       1
       3
       3
       2
       3
       3
       4
       2
       3
       1
       4
       4
       4
       4
       2
       7
       4
       2
       1
       4
       4
       5
       1
       5
       1
       2
       3
       8
       1
       2
       2
       2
       2
       3
       3
       6
       3
       3
       4
       1
       6
       5
       3
       4
       4
       2
       3
       2
       3
       4
       7
       5
       2
       5
       5
       4
       4
       3
       3
       5
       4
       6
       6
       2
       4
       4
       4
       6
       6
       7
       2
       5
       7
       4
       6
       4
       5
       2
       2
       5
       5
       7
       4
       4
       8
       7
       5
       4
       3
       7
       4
       4
       3
       6
       2
       9
       6
       4
       4
       1
       2
       4
       2
       5
       4
       2
       3
       3
       5
       4
       3
       3
       8
       3
       5
       2
       2
       3
       4
       5
       4
       5
       0
       2
       6
       4
       1
       2
       3
       2
       2
       3
       5
       1
       1
       2
       2
       2
       5
       3
       3
       4
       2
       3
       1
       2
       2
       4
       0
       2
       2
       1
       4
       1
       3
       4
       2
       2
       4
       2
       1
       2
       2
       0
       2
       1
       0
       0
       1
       2
       1
       0
       2
       0
       4
       1
       1
       0
       0
       0
       1
       0
       1
       1
       0
       1
       1
       0
       1
       2
       0
       0
       0
       2
       0
       2
       0
       0
       0
       0
       0
       0
       0
       0
       1
       0
       0
       1
       0
       1
       1
       0
       0
       0
       0
       0
       0
       0
       0
       1
       1
       0
       0
       0
       0
       1
       0
       0
       0
       0
       0
       0
       0
       0
       0
       0
       0
       0
       0
       0
       0
       0
       0
       0
       0
       0
       0
       0
       0
       0
       0
       0
       0
       0
       1
       0
       0
       0
       0
       0
       0
       0
       0
       0
       0
       0
       0
       0
       0
       0
       0
       0
       0
       0
       0
       0
       0
       0
       0
       0
       0
       0
       0
       0
       0
       0
       0
       0
       0
       0
       0
       0
       0
       0
       0
       0
       0
       0
       0
       0
       0
       0
       0
       0
       0
       0
       0
       0
       0
       0
       0
       0
       0
       0
       0
       0
       0
       0
       0
       0
       0
       0
       0
       0
       0
       0
       0
       0
       0
       0
       0
       0
       0
       0
       0
       0
       0
       0
       0
       0
       0
       0
       0
       0
       0
       0
       0
       0
       0
       0
       0
       0
       0
       0
       0
       0
       0
       0
       0
       0
       0
       0
       0
       0
       0
       0
       0
       0
       0
       0
       0
       0
       0
       0
       0
       0
       0
       0
       0
       0
       0
       0
       0
       0
       0
       0
       0
       0
       0
       0
$ROI:
0
$PRESETS:
Live Time
1200
0
$ENER_FIT:
0.000000 0.000000
$MCA_CAL:
3
0.000000E+000 0.000000E+000 0.000000E+000 
$SHAPE_CAL:
3
0.000000E+000 0.000000E+000 0.000000E+000
