$SPEC_ID:
No sample description was entered.
$SPEC_REM:
DET# 1
DETDESC# PHY-R11-37 MCB 129
AP# Maestro Version 7.01
$DATE_MEA:
11/27/2012 17:28:18
$MEAS_TIM:
600 602
$DATA:
0 2047
       0
       0
       0
       0
       0
       0
       0
       0
       0
       0
       0
       0
       0
       0
       0
       0
       0
       0
       0
       0
       0
       0
       0
       0
       0
       0
       0
       0
       0
       0
       0
       0
       0
       0
       0
       0
       0
       0
       0
       0
       0
       0
       0
       0
       0
       0
       0
      13
     185
     178
     165
     160
     156
     121
     124
     127
     103
     100
     103
      98
      98
      81
      91
      89
      83
      84
      90
      77
      60
      67
      64
      64
      68
      63
      55
      65
      79
      61
      54
      61
      57
      56
      51
      45
      43
      51
      47
      49
      47
      60
      57
      47
      49
      45
      53
      56
      59
      55
      37
      48
      45
      48
      71
      58
      53
      66
      45
      49
      50
      46
      57
      51
      55
      41
      45
      48
      30
      41
      45
      41
      53
      50
      46
      50
      62
      46
      38
      48
      48
      41
      32
      38
      37
      34
      37
      36
      38
      52
      40
      46
      41
      46
      41
      20
      42
      40
      36
      34
      45
      54
      38
      29
      35
      24
      45
      45
      41
      41
      39
      32
      49
      47
      48
      28
      31
      45
      34
      30
      31
      38
      33
      31
      42
      34
      39
      45
      47
      27
      33
      37
      39
      42
      38
      40
      46
      31
      37
      43
      30
      31
      38
      32
      37
      28
      47
      47
      36
      36
      51
      30
      36
      43
      38
      32
      44
      34
      37
      38
      41
      39
      30
      39
      31
      32
      22
      38
      31
      47
      30
      39
      43
      31
      37
      27
      46
      46
      46
      36
      38
      28
      33
      31
      29
      35
      29
      33
      35
      33
      29
      34
      38
      40
      40
      27
      43
      33
      42
      48
      31
      35
      41
      41
      31
      33
      45
      37
      38
      27
      28
      33
      49
      37
      35
      43
      39
      36
      35
      30
      24
      40
      42
      44
      30
      25
      38
      25
      31
      29
      27
      37
      44
      40
      29
      41
      31
      31
      40
      30
      22
      33
      32
      28
      39
      37
      23
      29
      27
      26
      32
      29
      44
      33
      39
      35
      36
      35
      29
      42
      27
      33
      35
      37
      36
      37
      32
      33
      31
      34
      25
      41
      31
      42
      39
      42
      37
      26
      39
      35
      35
      33
      21
      35
      45
      23
      34
      43
      38
      45
      42
      36
      37
      36
      44
      29
      31
      35
      34
      39
      42
      38
      30
      38
      37
      28
      39
      46
      44
      37
      25
      42
      46
      43
      46
      49
      38
      37
      46
      41
      55
      37
      42
      49
      58
      44
      56
      59
      51
      61
      57
      44
      52
      54
      57
      64
      64
      52
      57
      58
      60
      57
      53
      68
      59
      63
      71
      61
      59
      53
      80
      74
      64
      88
      67
      75
      71
      81
      91
      84
      69
      76
      85
     103
      89
      88
      74
     124
     115
     114
      93
      98
     107
     124
     117
     120
     135
     128
     110
     121
     129
     134
     127
     120
     129
     124
     124
     126
     125
     115
     101
     131
     130
     126
     121
     135
     128
     141
     135
     130
     112
     115
     108
     136
     128
     140
     115
     144
     130
     113
     126
     124
     102
     128
     115
     145
     128
     137
     104
     116
     129
     136
     118
     139
     113
     144
     134
     139
     145
     122
     134
     115
     118
     121
     116
     120
     121
     127
     128
     144
     118
     106
     133
     119
     118
     106
     128
     137
     123
     119
     131
      95
     116
     127
     109
     127
     114
     117
     121
     128
     105
     136
     127
     121
     140
     139
     121
     119
     148
     127
     127
     132
     139
     126
      99
     125
     126
     127
     113
     133
     137
     136
     147
     126
     132
     120
     123
     138
     126
     117
     112
     123
     128
     128
     131
     129
     123
     104
     112
     104
     118
     115
     155
     134
     122
     121
     153
     128
     116
     135
     118
     142
     119
     135
     116
     140
     114
     136
     123
     120
     140
     135
     136
     118
     123
     130
     126
     113
     122
     114
     113
     120
     119
     140
     125
     122
     135
     128
     147
     132
     131
     124
     139
     122
     138
     120
     117
     120
     126
     141
     129
     111
     118
     147
     136
     142
     119
     143
     135
     142
     124
     142
     148
     117
     107
     112
     122
     136
     122
     127
     141
     117
     135
     129
     132
     145
     144
     150
     142
     113
     130
     138
     141
     168
     125
     155
     135
     121
     123
     139
     130
     135
     134
     125
     107
     117
     141
     134
     128
     138
     139
     121
     135
     121
     136
     138
     138
     131
     145
     129
     127
     131
     132
     134
     123
     144
     124
     133
     155
     142
     121
     116
     138
     128
     130
     135
     139
     140
     128
     122
     131
     137
     151
     145
     151
     115
     128
     148
     148
     146
     126
     151
     156
     143
     156
     127
     142
     129
     124
     130
     132
     130
     139
     140
     126
     150
     147
     152
     153
     168
     154
     138
     149
     158
     155
     159
     130
     147
     138
     157
     149
     142
     155
     144
     145
     144
     151
     127
     125
     162
     154
     139
     150
     147
     170
     171
     151
     143
     164
     161
     157
     137
     186
     153
     144
     151
     166
     150
     149
     148
     147
     163
     150
     168
     139
     149
     149
     155
     158
     163
     163
     181
     152
     175
     161
     172
     170
     172
     146
     158
     152
     147
     150
     177
     155
     171
     177
     155
     171
     151
     179
     162
     164
     151
     149
     177
     176
     180
     161
     185
     197
     188
     194
     195
     176
     193
     175
     203
     170
     200
     192
     174
     183
     191
     202
     204
     163
     184
     196
     184
     191
     197
     199
     201
     193
     216
     212
     195
     212
     186
     178
     193
     208
     214
     208
     191
     200
     189
     206
     235
     181
     184
     211
     201
     196
     204
     175
     209
     204
     200
     211
     198
     218
     201
     197
     195
     202
     187
     199
     205
     226
     176
     209
     213
     189
     205
     210
     194
     181
     203
     251
     183
     201
     212
     197
     220
     214
     195
     213
     188
     223
     208
     229
     213
     206
     222
     214
     215
     214
     221
     223
     196
     229
     221
     221
     212
     219
     216
     244
     208
     224
     244
     198
     232
     219
     208
     264
     219
     217
     214
     210
     243
     223
     239
     214
     222
     229
     208
     225
     215
     223
     233
     223
     208
     253
     235
     231
     193
     215
     247
     239
     204
     227
     239
     214
     201
     242
     233
     223
     219
     241
     262
     222
     235
     241
     216
     247
     227
     236
     234
     229
     227
     231
     244
     239
     227
     240
     265
     240
     247
     261
     253
     246
     252
     275
     269
     219
     239
     259
     252
     235
     255
     219
     259
     254
     267
     248
     241
     258
     269
     278
     263
     248
     264
     259
     251
     259
     238
     244
     267
     263
     266
     256
     236
     267
     255
     247
     247
     266
     238
     290
     264
     255
     260
     300
     257
     263
     276
     254
     287
     257
     275
     288
     293
     259
     278
     238
     227
     256
     271
     260
     263
     276
     249
     248
     271
     257
     256
     271
     276
     265
     227
     283
     271
     261
     286
     277
     260
     268
     273
     259
     286
     283
     248
     274
     288
     274
     263
     286
     271
     288
     299
     257
     287
     266
     263
     286
     307
     306
     300
     283
     293
     272
     279
     279
     250
     277
     261
     262
     316
     289
     253
     299
     303
     295
     293
     282
     287
     281
     250
     299
     310
     265
     329
     285
     271
     282
     292
     292
     278
     298
     269
     286
     266
     292
     271
     315
     277
     293
     289
     293
     288
     273
     298
     297
     283
     301
     286
     263
     277
     286
     275
     318
     345
     323
     291
     313
     299
     314
     298
     295
     322
     293
     303
     304
     302
     342
     342
     325
     312
     318
     314
     287
     327
     288
     312
     295
     312
     327
     327
     328
     311
     319
     307
     354
     319
     324
     300
     302
     359
     354
     329
     366
     328
     369
     333
     312
     336
     360
     356
     359
     352
     360
     393
     334
     351
     356
     386
     343
     354
     348
     367
     337
     397
     383
     384
     350
     376
     342
     381
     364
     344
     378
     398
     401
     394
     400
     391
     408
     415
     387
     397
     401
     404
     374
     368
     386
     389
     406
     408
     434
     421
     420
     436
     434
     402
     404
     452
     416
     451
     432
     472
     448
     453
     469
     526
     457
     498
     530
     509
     521
     477
     498
     536
     479
     537
     592
     575
     553
     572
     555
     590
     591
     631
     609
     610
     623
     654
     612
     648
     665
     626
     638
     650
     682
     725
     737
     702
     684
     755
     741
     794
     814
     812
     784
     757
     808
     830
     812
     823
     872
     917
     884
     898
     889
     919
     894
     901
     908
     956
     939
     878
     908
     961
     945
     894
     962
     976
     897
     939
     936
     914
     912
     977
     981
     905
     958
     881
     910
     886
     926
     866
     943
     898
     861
     909
     900
     868
     905
     854
     860
     920
     836
     859
     814
     833
     836
     811
     847
     831
     810
     800
     862
     821
     804
     816
     796
     736
     760
     692
     762
     750
     727
     709
     687
     688
     683
     620
     671
     669
     693
     700
     623
     630
     616
     595
     610
     585
     596
     592
     560
     556
     554
     528
     551
     486
     502
     480
     459
     397
     426
     432
     422
     380
     381
     357
     339
     330
     309
     322
     286
     273
     265
     229
     291
     242
     188
     175
     199
     187
     160
     159
     172
     134
     112
     121
     113
     113
      99
      98
      78
      85
      52
      62
      58
      45
      42
      47
      45
      28
      38
      36
      40
      29
      29
      24
      30
      24
      23
      17
      24
      27
      30
      20
      24
      23
      19
      21
      24
      22
      18
      25
      16
      18
      18
      26
      26
      19
      12
      18
      16
      26
      20
      18
      26
      18
      16
      20
      19
      14
      25
      15
      24
      18
      25
      28
      17
      24
      26
      17
      17
      27
      19
      16
      25
      34
      19
      29
      20
      19
      26
      24
      23
      12
      27
      22
      25
      14
      17
      18
      17
      28
      20
      16
      26
      17
      27
      20
      27
      19
      29
      24
      20
      22
      16
      23
      23
      24
      16
      20
      16
      24
      27
      21
      31
      20
      19
      17
      27
      23
      29
      24
      28
      18
      28
      26
      28
      20
      34
      35
      27
      27
      28
      29
      22
      24
      33
      43
      23
      37
      23
      33
      35
      27
      28
      44
      36
      33
      52
      37
      39
      38
      32
      28
      28
      34
      42
      48
      34
      43
      34
      44
      44
      46
      40
      39
      41
      53
      35
      42
      40
      42
      47
      43
      58
      36
      50
      42
      47
      47
      51
      39
      41
      48
      48
      48
      45
      51
      52
      54
      52
      53
      39
      49
      44
      37
      53
      41
      45
      37
      50
      43
      56
      37
      46
      47
      52
      46
      54
      40
      41
      42
      40
      40
      41
      35
      53
      30
      31
      39
      38
      37
      44
      38
      43
      36
      39
      41
      39
      38
      44
      47
      38
      34
      40
      31
      43
      42
      25
      29
      37
      28
      33
      40
      29
      34
      29
      19
      34
      29
      35
      25
      39
      30
      41
      32
      30
      17
      29
      24
      22
      23
      18
      24
      26
      23
      19
      15
      19
      24
      24
      23
      22
      19
      17
      12
      20
      18
      16
      18
      12
      17
      15
      15
      14
      11
      10
       9
       8
       6
      13
      10
      14
      10
       7
      10
       4
       8
       7
       7
       5
       8
       4
       2
       8
       4
       1
       1
       3
       3
       2
       2
       2
       4
       1
       2
       2
       1
       0
       1
       1
       1
       0
       0
       0
       2
       1
       0
       0
       0
       1
       1
       0
       1
       1
       0
       1
       0
       0
       0
       0
       1
       0
       0
       0
       0
       0
       1
       0
       1
       0
       0
       0
       1
       0
       0
       0
       1
       0
       0
       0
       0
       0
       0
       1
       0
       1
       0
       0
       1
       0
       1
       0
       2
       1
       0
       1
       0
       0
       0
       0
       0
       1
       0
       0
       0
       0
       1
       1
       1
       0
       1
       0
       0
       0
       0
       0
       0
       0
       0
       0
       0
       0
       0
       1
       0
       0
       0
       0
       0
       0
       0
       0
       0
       0
       0
       1
       0
       0
       0
       0
       0
       0
       0
       0
       0
       0
       0
       0
       0
       0
       0
       1
       1
       0
       0
       0
       0
       0
       0
       0
       0
       0
       1
       0
       0
       1
       0
       0
       1
       0
       1
       1
       0
       0
       0
       1
       0
       0
       0
       0
       0
       0
       0
       0
       0
       0
       0
       0
       0
       0
       0
       0
       0
       0
       0
       1
       0
       0
       0
       0
       0
       0
       2
       1
       1
       0
       0
       0
       1
       0
       0
       0
       1
       0
       0
       0
       0
       0
       0
       1
       0
       0
       0
       0
       0
       0
       0
       0
       0
       0
       2
       3
       0
       0
       0
       0
       0
       0
       0
       0
       1
       0
       0
       0
       0
       0
       0
       0
       0
       1
       0
       0
       1
       0
       0
       0
       0
       0
       0
       0
       0
       0
       0
       0
       2
       0
       1
       0
       0
       0
       1
       0
       1
       0
       0
       0
       1
       0
       0
       0
       0
       0
       0
       0
       0
       0
       0
       1
       0
       0
       0
       0
       0
       1
       0
       0
       0
       0
       0
       1
       0
       0
       0
       0
       1
       0
       0
       0
       0
       0
       0
       0
       0
       0
       0
       0
       0
       0
       0
       0
       0
       0
       0
       1
       0
       0
       0
       0
       1
       0
       0
       0
       0
       0
       1
       0
       0
       0
       0
       0
       0
       0
       0
       0
       0
       0
       0
       0
       0
       0
       0
       0
       0
       0
       0
       0
       0
       0
       0
       0
       0
       0
       0
       0
       0
       0
       0
       0
       0
       0
       0
       0
       0
       0
       0
       0
       0
       0
       0
       0
       0
       0
       0
       0
       0
       0
       0
       0
       0
       0
       0
       0
       0
       0
       0
       0
       0
       0
       0
       0
       0
       0
       0
       0
       0
       0
       0
       0
       0
$ROI:
0
$PRESETS:
Live Time
600
0
$ENER_FIT:
0.000000 0.000000
$MCA_CAL:
3
0.000000E+000 0.000000E+000 0.000000E+000 
$SHAPE_CAL:
3
0.000000E+000 0.000000E+000 0.000000E+000
