$SPEC_ID:
No sample description was entered.
$SPEC_REM:
DET# 1
DETDESC# PHY-R11-37 MCB 129
AP# Maestro Version 7.01
$DATE_MEA:
11/27/2012 16:25:40
$MEAS_TIM:
600 603
$DATA:
0 2047
       0
       0
       0
       0
       0
       0
       0
       0
       0
       0
       0
       0
       0
       0
       0
       0
       0
       0
       0
       0
       0
       0
       0
       0
       0
       0
       0
       0
       0
       0
       0
       0
       0
       0
       0
       0
       0
       0
       0
       0
       1
       0
       0
       0
       1
       0
       1
      14
     228
     231
     264
     238
     220
     194
     209
     170
     157
     142
     138
     149
     131
     139
     124
     130
     127
     126
     102
     100
     113
     101
     101
     114
      89
      93
      82
     102
      91
      82
      93
      92
      74
      90
      82
      82
      72
      72
      71
      79
      73
      70
      79
      82
      80
      92
      70
      84
      69
      86
      80
      75
      90
      89
      69
      77
      85
      80
      65
      66
      63
      59
      73
      64
      61
      73
      66
      64
      64
      74
      59
      57
      70
      76
      62
      71
      53
      73
      61
      57
      61
      62
      58
      66
      48
      74
      66
      66
      63
      47
      80
      58
      62
      70
      56
      49
      59
      60
      73
      70
      45
      76
      68
      51
      70
      62
      59
      57
      70
      54
      56
      55
      63
      54
      62
      48
      58
      60
      63
      47
      54
      53
      64
      70
      62
      63
      64
      59
      65
      66
      68
      56
      64
      59
      59
      55
      48
      57
      53
      48
      63
      34
      55
      51
      51
      50
      42
      60
      49
      56
      63
      62
      55
      69
      39
      50
      50
      43
      57
      53
      53
      57
      43
      47
      45
      53
      55
      66
      57
      51
      60
      55
      46
      56
      60
      74
      55
      55
      46
      59
      61
      54
      69
      51
      58
      59
      44
      50
      55
      54
      55
      49
      49
      64
      48
      55
      56
      45
      54
      54
      58
      50
      71
      54
      45
      47
      51
      57
      58
      41
      56
      49
      57
      48
      59
      47
      64
      67
      67
      54
      66
      68
      60
      51
      49
      41
      49
      63
      51
      52
      58
      50
      43
      59
      51
      43
      45
      55
      45
      50
      62
      44
      45
      56
      46
      46
      51
      38
      42
      55
      55
      49
      56
      53
      57
      44
      52
      60
      65
      58
      59
      47
      42
      50
      59
      63
      55
      53
      48
      80
      48
      58
      59
      59
      57
      64
      59
      46
      57
      57
      61
      49
      53
      71
      60
      62
      55
      50
      56
      53
      56
      53
      59
      55
      52
      54
      55
      65
      54
      50
      50
      75
      48
      43
      66
      65
      40
      59
      50
      62
      50
      44
      62
      53
      52
      61
      64
      73
      58
      70
      72
      63
      73
      69
      70
      66
      70
      87
      81
      91
      65
      75
      77
      76
      85
      75
      80
      99
      96
      82
      98
     104
      92
      90
     113
     120
      92
     119
     126
     103
     110
     119
     118
     111
     119
     113
     115
     123
     138
     134
     103
     143
     128
     145
     166
     142
     129
     153
     150
     170
     164
     174
     178
     154
     205
     167
     148
     180
     193
     178
     167
     178
     203
     180
     186
     201
     181
     175
     176
     221
     179
     197
     176
     186
     183
     188
     181
     203
     187
     203
     209
     216
     186
     169
     196
     196
     192
     178
     195
     190
     202
     187
     183
     189
     183
     176
     183
     201
     171
     178
     197
     190
     159
     220
     184
     191
     174
     205
     187
     222
     191
     180
     167
     192
     174
     177
     182
     195
     180
     187
     213
     184
     193
     192
     176
     191
     203
     174
     196
     202
     193
     197
     191
     179
     190
     175
     187
     176
     192
     204
     223
     210
     197
     183
     194
     179
     204
     186
     203
     176
     203
     180
     177
     171
     212
     179
     185
     180
     195
     174
     175
     198
     187
     184
     181
     192
     180
     218
     181
     195
     213
     191
     177
     186
     192
     190
     177
     181
     192
     174
     230
     171
     191
     179
     195
     191
     187
     180
     192
     184
     200
     201
     185
     186
     167
     194
     177
     197
     211
     171
     199
     190
     179
     200
     196
     185
     181
     205
     211
     188
     179
     202
     187
     193
     202
     179
     192
     191
     181
     183
     192
     214
     195
     184
     176
     173
     188
     197
     203
     180
     196
     181
     205
     178
     189
     188
     183
     190
     215
     179
     198
     186
     193
     194
     188
     178
     162
     188
     182
     192
     202
     208
     193
     210
     197
     199
     201
     189
     207
     198
     191
     178
     174
     203
     173
     178
     201
     191
     202
     194
     202
     202
     205
     218
     160
     207
     177
     222
     196
     189
     217
     185
     202
     208
     201
     200
     193
     191
     199
     175
     168
     206
     177
     205
     195
     200
     177
     215
     193
     198
     214
     213
     202
     196
     220
     198
     227
     224
     224
     207
     186
     221
     196
     209
     204
     221
     227
     205
     212
     201
     218
     215
     198
     192
     220
     217
     229
     215
     213
     217
     239
     228
     200
     240
     198
     238
     211
     222
     209
     203
     212
     167
     220
     218
     227
     225
     214
     235
     216
     202
     218
     221
     211
     182
     236
     208
     215
     222
     220
     245
     228
     215
     218
     223
     211
     221
     241
     221
     227
     242
     231
     220
     228
     216
     223
     228
     250
     242
     246
     223
     243
     245
     217
     246
     234
     232
     250
     225
     248
     224
     243
     239
     235
     274
     242
     270
     255
     263
     234
     243
     260
     249
     247
     283
     262
     238
     258
     240
     245
     251
     249
     241
     250
     262
     254
     271
     287
     274
     286
     272
     260
     289
     260
     258
     303
     304
     246
     287
     294
     272
     269
     272
     293
     280
     300
     284
     277
     286
     281
     293
     298
     279
     293
     292
     308
     312
     285
     296
     335
     279
     284
     294
     302
     320
     291
     296
     309
     291
     287
     266
     319
     307
     312
     337
     314
     303
     285
     286
     303
     291
     328
     295
     316
     280
     320
     319
     307
     341
     310
     299
     292
     310
     280
     291
     289
     342
     269
     284
     324
     303
     294
     320
     300
     320
     333
     345
     319
     307
     315
     350
     317
     317
     320
     287
     331
     343
     331
     292
     294
     293
     299
     294
     310
     314
     336
     289
     323
     316
     314
     302
     324
     341
     310
     312
     347
     346
     343
     318
     293
     339
     323
     336
     351
     331
     335
     352
     337
     327
     335
     349
     297
     345
     314
     340
     362
     324
     349
     337
     344
     314
     336
     337
     342
     308
     365
     302
     373
     351
     319
     334
     332
     340
     356
     365
     328
     351
     328
     345
     342
     340
     367
     353
     367
     324
     350
     371
     377
     332
     370
     394
     365
     367
     383
     380
     367
     379
     374
     381
     394
     363
     386
     395
     338
     373
     397
     400
     372
     404
     361
     396
     369
     378
     425
     404
     396
     434
     378
     385
     387
     373
     381
     360
     376
     359
     354
     400
     389
     404
     392
     383
     396
     441
     386
     382
     415
     381
     434
     390
     416
     357
     397
     415
     429
     394
     402
     421
     404
     423
     417
     440
     410
     383
     446
     456
     412
     429
     391
     417
     453
     403
     398
     370
     390
     374
     416
     386
     412
     409
     398
     423
     394
     356
     424
     440
     439
     416
     415
     401
     398
     428
     430
     433
     362
     395
     428
     426
     401
     382
     406
     419
     391
     427
     415
     438
     398
     392
     434
     466
     442
     415
     450
     432
     416
     440
     473
     419
     473
     410
     425
     428
     422
     435
     468
     449
     428
     384
     418
     405
     403
     443
     430
     448
     432
     431
     437
     441
     473
     458
     435
     469
     417
     483
     446
     431
     430
     457
     452
     441
     452
     454
     471
     481
     473
     475
     436
     458
     513
     481
     507
     474
     462
     441
     488
     451
     467
     443
     486
     475
     466
     443
     514
     457
     494
     488
     476
     495
     470
     507
     495
     490
     475
     499
     497
     502
     519
     496
     509
     513
     498
     505
     527
     512
     490
     492
     509
     496
     501
     498
     527
     515
     557
     549
     516
     554
     513
     556
     529
     536
     499
     548
     559
     570
     564
     520
     552
     533
     527
     539
     562
     587
     537
     560
     566
     616
     616
     589
     598
     584
     567
     546
     625
     639
     618
     648
     630
     605
     667
     649
     641
     589
     617
     657
     624
     670
     681
     705
     698
     655
     686
     688
     676
     711
     689
     683
     741
     760
     739
     726
     744
     716
     799
     778
     795
     779
     780
     817
     858
     805
     793
     784
     874
     876
     895
     860
     922
     936
     954
     962
    1008
    1033
     972
    1058
    1035
    1072
    1001
    1052
    1045
    1095
    1092
    1152
    1175
    1199
    1182
    1151
    1155
    1190
    1251
    1233
    1258
    1209
    1306
    1320
    1316
    1326
    1331
    1308
    1373
    1331
    1376
    1273
    1427
    1462
    1375
    1365
    1433
    1473
    1438
    1427
    1400
    1462
    1438
    1411
    1356
    1368
    1490
    1495
    1403
    1391
    1440
    1425
    1435
    1391
    1345
    1413
    1436
    1306
    1400
    1335
    1320
    1342
    1325
    1299
    1327
    1275
    1261
    1313
    1291
    1265
    1278
    1222
    1304
    1202
    1240
    1213
    1223
    1176
    1163
    1187
    1103
    1111
    1097
    1024
    1084
    1102
    1073
    1032
    1022
    1000
     958
     974
     932
     991
     998
     964
     890
     843
     882
     837
     843
     837
     822
     824
     731
     764
     759
     758
     736
     741
     726
     655
     657
     625
     606
     549
     556
     524
     537
     498
     439
     468
     430
     421
     444
     386
     370
     347
     349
     269
     292
     266
     249
     228
     206
     237
     160
     168
     148
     155
     141
     106
     104
      99
     103
      84
      90
      71
      68
      73
      65
      53
      46
      57
      34
      36
      50
      35
      33
      44
      32
      30
      39
      29
      28
      30
      35
      20
      38
      26
      34
      26
      15
      25
      24
      23
      28
      33
      33
      28
      34
      26
      31
      18
      27
      35
      30
      43
      35
      30
      27
      22
      34
      25
      28
      36
      26
      21
      24
      27
      33
      30
      25
      26
      24
      32
      30
      29
      30
      35
      33
      37
      33
      25
      15
      36
      18
      33
      26
      38
      38
      31
      39
      42
      35
      39
      28
      37
      36
      29
      40
      43
      30
      30
      34
      38
      34
      30
      32
      38
      33
      35
      34
      34
      40
      49
      31
      33
      39
      43
      40
      40
      36
      36
      36
      53
      43
      33
      36
      48
      44
      52
      38
      44
      51
      44
      46
      62
      39
      52
      38
      47
      48
      44
      61
      63
      40
      53
      49
      51
      53
      58
      51
      59
      56
      47
      50
      64
      59
      55
      64
      50
      62
      65
      66
      73
      73
      70
      75
      54
      71
      70
      61
      59
      63
      68
      55
      64
      60
      68
      72
      69
      75
      55
      76
      58
      73
      61
      72
      73
      64
      52
      66
      69
      77
      74
      69
      66
      75
      65
      67
      74
      83
      79
      74
      69
      60
      49
      53
      69
      73
      79
      68
      57
      67
      65
      63
      63
      57
      56
      62
      46
      57
      55
      54
      63
      64
      42
      59
      50
      53
      59
      65
      66
      60
      64
      61
      63
      59
      58
      48
      54
      64
      41
      47
      45
      54
      58
      63
      57
      43
      39
      40
      49
      47
      47
      45
      46
      43
      45
      30
      37
      54
      43
      33
      33
      22
      31
      27
      37
      40
      42
      33
      29
      36
      27
      25
      18
      28
      27
      33
      15
      23
      21
      14
      25
      21
      24
      13
      19
      11
      13
      12
      11
       7
      16
      14
      11
       5
       7
      13
      10
      10
       4
       5
       6
       4
       5
       5
       7
       5
       3
       5
       1
       3
       1
       6
       3
       0
       1
       1
       3
       1
       1
       1
       0
       1
       0
       0
       2
       2
       1
       1
       1
       0
       1
       1
       1
       0
       2
       1
       0
       0
       0
       1
       2
       2
       0
       0
       0
       2
       0
       1
       1
       1
       0
       1
       1
       0
       0
       2
       1
       1
       0
       1
       2
       0
       1
       0
       0
       0
       2
       1
       0
       0
       0
       0
       0
       0
       0
       0
       1
       2
       0
       0
       0
       1
       1
       0
       1
       0
       0
       0
       1
       0
       0
       0
       0
       1
       0
       0
       0
       1
       1
       1
       1
       1
       0
       0
       1
       4
       0
       0
       0
       0
       0
       1
       0
       0
       0
       0
       0
       0
       1
       0
       1
       1
       1
       1
       0
       1
       1
       0
       3
       1
       0
       0
       0
       0
       0
       0
       1
       0
       0
       0
       1
       1
       0
       0
       0
       2
       0
       2
       1
       0
       0
       1
       1
       0
       1
       1
       0
       0
       1
       0
       0
       0
       0
       0
       0
       0
       1
       1
       0
       1
       1
       1
       1
       0
       0
       0
       1
       0
       0
       1
       0
       0
       0
       1
       0
       0
       0
       0
       2
       0
       0
       0
       0
       0
       2
       0
       0
       0
       1
       0
       0
       0
       0
       0
       0
       0
       0
       0
       0
       0
       1
       1
       0
       0
       0
       0
       0
       0
       0
       0
       1
       1
       0
       3
       0
       0
       0
       1
       0
       1
       0
       0
       3
       1
       0
       0
       1
       0
       0
       0
       0
       0
       4
       0
       0
       0
       0
       2
       3
       0
       0
       1
       1
       0
       1
       1
       0
       0
       0
       0
       0
       1
       1
       0
       1
       0
       0
       0
       0
       1
       1
       0
       0
       0
       0
       1
       0
       2
       1
       0
       1
       0
       0
       0
       0
       1
       1
       0
       0
       0
       0
       0
       1
       1
       0
       0
       0
       2
       1
       0
       0
       0
       0
       0
       3
       1
       1
       2
       1
       1
       0
       0
       1
       0
       1
       0
       0
       1
       0
       0
       0
       0
       0
       0
       0
       0
       0
       1
       0
       0
       0
       0
       0
       0
       0
       0
       0
       0
       0
       0
       0
       0
       0
       0
       0
       0
       0
       0
       0
       0
       0
       0
       0
       0
       0
       0
       0
       0
       0
       0
       0
       0
       0
       0
       0
       0
       0
       0
       0
       0
       0
       0
       0
       0
       0
       0
       0
       0
       0
       0
       0
       0
       0
       0
       0
       0
       0
$ROI:
0
$PRESETS:
Live Time
600
0
$ENER_FIT:
0.000000 0.000000
$MCA_CAL:
3
0.000000E+000 0.000000E+000 0.000000E+000 
$SHAPE_CAL:
3
0.000000E+000 0.000000E+000 0.000000E+000
