$SPEC_ID:
No sample description was entered.
$SPEC_REM:
DET# 1
DETDESC# PHY-R11-37 MCB 129
AP# Maestro Version 7.01
$DATE_MEA:
11/29/2012 16:46:20
$MEAS_TIM:
1200 1200
$DATA:
0 2047
       0
       0
       0
       0
       0
       0
       0
       0
       0
       0
       0
       0
       0
       0
       0
       0
       0
       0
       0
       0
       0
       0
       0
       0
       0
       0
       0
       0
       0
       0
       0
       0
       0
       0
       0
       0
       0
       0
       0
       0
       0
       0
       0
       0
       0
       0
       0
       0
       0
       0
       0
       0
       0
       0
       0
       0
       0
       0
       0
       0
       0
       0
       0
       0
       0
       0
       0
       0
       0
       0
       0
       0
       0
       0
       0
       0
       0
       0
       0
       0
       0
       0
       0
       0
       0
       0
       0
       0
       0
       0
       0
       0
       0
       0
       0
       0
       0
       6
       3
       1
       2
       2
       1
       3
       0
       1
       0
       5
       3
       1
       2
       1
       2
       3
       3
       4
       4
       4
       3
       2
       1
       0
       1
       2
       2
       1
       0
       1
       1
       4
       1
       1
       2
       3
       2
       1
       3
       0
       3
       2
       1
       2
       0
       2
       2
       4
       1
       0
       6
       0
       0
       3
       1
       1
       2
       1
       2
       0
       2
       1
       4
       1
       0
       0
       1
       0
       1
       0
       1
       1
       1
       0
       0
       2
       0
       1
       1
       0
       1
       0
       3
       2
       1
       1
       1
       2
       0
       0
       2
       0
       1
       0
       0
       2
       0
       1
       2
       2
       2
       1
       1
       1
       0
       1
       1
       1
       0
       0
       1
       1
       1
       2
       2
       1
       2
       1
       0
       0
       1
       0
       1
       2
       0
       1
       0
       2
       0
       1
       0
       0
       0
       0
       1
       0
       2
       2
       1
       1
       0
       0
       1
       0
       0
       0
       1
       1
       1
       1
       1
       0
       1
       0
       0
       1
       1
       1
       0
       1
       1
       0
       3
       2
       1
       2
       1
       0
       1
       1
       1
       0
       2
       0
       0
       0
       1
       0
       1
       0
       0
       2
       0
       0
       1
       0
       1
       2
       1
       0
       0
       0
       0
       0
       1
       2
       1
       2
       2
       1
       0
       1
       1
       1
       0
       0
       1
       0
       0
       1
       2
       0
       0
       0
       2
       1
       0
       0
       0
       0
       1
       1
       0
       0
       0
       0
       0
       0
       1
       3
       0
       1
       1
       2
       0
       1
       0
       2
       0
       1
       1
       1
       1
       0
       0
       4
       0
       2
       0
       0
       0
       0
       0
       0
       1
       0
       1
       1
       0
       2
       2
       0
       2
       1
       1
       0
       0
       0
       0
       1
       0
       0
       0
       0
       0
       1
       1
       1
       1
       0
       0
       0
       0
       1
       0
       2
       0
       1
       1
       1
       1
       0
       1
       0
       1
       2
       1
       2
       2
       0
       1
       0
       1
       1
       0
       1
       1
       3
       1
       0
       2
       1
       1
       1
       0
       1
       1
       2
       3
       1
       0
       1
       0
       0
       2
       1
       2
       0
       2
       1
       0
       0
       1
       0
       1
       0
       0
       1
       2
       2
       1
       1
       1
       0
       0
       1
       1
       0
       2
       0
       2
       2
       0
       3
       0
       0
       0
       1
       1
       1
       1
       0
       3
       0
       5
       1
       2
       2
       2
       1
       3
       3
       1
       0
       2
       0
       2
       3
       0
       2
       1
       3
       1
       1
       3
       2
       2
       5
       3
       0
       3
       1
       2
       2
       3
       3
       5
       1
       6
       0
       2
       3
       3
       1
       0
       2
       2
       0
       0
       1
       3
       1
       1
       1
       2
       1
       2
       1
       1
       2
       0
       0
       3
       1
       5
       3
       2
       2
       2
       2
       2
       1
       2
       1
       4
       3
       1
       1
       1
       1
       3
       1
       2
       0
       0
       1
       1
       2
       2
       3
       1
       2
       1
       1
       2
       1
       0
       1
       0
       3
       0
       0
       2
       1
       3
       4
       0
       2
       2
       1
       3
       3
       0
       0
       2
       2
       2
       3
       6
       0
       1
       0
       0
       0
       4
       1
       4
       1
       5
       0
       1
       2
       3
       3
       0
       0
       3
       2
       2
       3
       2
       0
       1
       1
       0
       0
       0
       5
       0
       2
       2
       3
       1
       1
       1
       1
       4
       0
       3
       1
       1
       0
       1
       1
       4
       1
       1
       2
       3
       1
       2
       5
       5
       1
       1
       1
       3
       2
       4
       3
       0
       1
       2
       0
       0
       0
       1
       0
       3
       1
       0
       2
       1
       0
       1
       1
       1
       3
       0
       3
       0
       2
       1
       4
       2
       4
       3
       2
       1
       2
       0
       2
       2
       0
       4
       1
       3
       3
       1
       2
       2
       1
       3
       1
       2
       0
       1
       1
       0
       1
       1
       0
       1
       1
       1
       2
       1
       1
       1
       3
       1
       1
       0
       2
       1
       4
       2
       2
       1
       3
       0
       1
       3
       6
       3
       2
       0
       0
       2
       0
       1
       1
       4
       0
       1
       2
       3
       2
       3
       1
       1
       2
       1
       0
       0
       0
       1
       4
       1
       1
       2
       3
       2
       0
       1
       4
       4
       1
       3
       3
       2
       2
       0
       1
       2
       1
       3
       4
       2
       2
       2
       3
       2
       2
       0
       2
       2
       5
       1
       1
       2
       2
       3
       1
       0
       1
       1
       1
       0
       1
       0
       1
       2
       3
       0
       1
       4
       3
       3
       2
       0
       3
       4
       5
       2
       1
       2
       4
       3
       4
       3
       3
       1
       1
       2
       2
       2
       0
       5
       0
       0
       1
       2
       3
       2
       2
       5
       2
       1
       4
       1
       1
       5
       2
       7
       5
       1
       0
       0
       3
       3
       4
       1
       4
       0
       2
       4
       1
       2
       2
       2
       4
       2
       3
       1
       0
       3
       1
       1
       2
       2
       4
       0
       2
       0
       0
       2
       2
       2
       1
       1
       3
       1
       1
       4
       4
       3
       2
       1
       2
       1
       3
       2
       3
       2
       3
       2
       3
       2
       3
       1
       5
       1
       0
       3
       0
       3
       1
       1
       3
       2
       2
       2
       3
       2
       1
       2
       2
       5
       2
       4
       1
       4
       2
       4
       4
       2
       7
       3
       0
       0
       3
       0
       2
       5
       2
       2
       2
       1
       1
       2
       4
       3
       3
       3
       1
       2
       2
       0
       1
       2
       3
       5
       1
       0
       4
       1
       3
       1
       2
       4
       1
       0
       4
       5
       3
       3
       6
       3
       2
       2
       2
       2
       3
       3
       3
       4
       3
       4
       3
       5
       2
       2
       1
       3
       2
       4
       3
       2
       5
       2
       4
       3
       4
       5
       4
       3
       2
       2
       0
       4
       1
       2
       4
       4
       6
       2
       1
       3
       2
       1
       1
       3
       3
       1
       3
       0
       2
       7
       3
       3
       4
       4
       2
       3
       3
       4
       4
       7
       5
       1
       8
       5
       3
       3
       2
       3
       1
       2
       1
       2
       5
       3
       3
       1
       2
       2
       3
       1
       1
       2
       5
       3
       4
       3
       2
       0
       4
       3
       5
       5
       3
       0
       3
       5
       3
       5
       1
       1
       2
       4
       3
       0
       1
       4
       1
       1
       4
       6
       8
       1
       2
       3
       1
       1
       3
       1
       1
       3
       1
       6
       1
       4
       3
       2
       6
       7
       6
       2
       2
       7
       3
       2
       2
       2
       6
       1
       7
       3
       2
       3
       3
       1
       3
       2
       1
       1
       1
       4
       3
       1
       3
       3
       0
       6
       5
       1
       6
       2
       1
       3
       4
       0
       2
       1
       3
       3
       2
       3
       1
       2
       4
       2
       3
       1
       2
       6
       3
       1
       4
       6
       6
       4
       3
       4
       3
       1
       3
       2
       3
       7
       1
       6
       6
       5
       3
       3
       2
       6
       2
       3
       4
       5
       2
       3
       3
       3
       5
       5
       7
       3
       5
       6
       4
       2
       3
       3
       3
       4
       6
       2
       3
       1
       1
       5
       3
       5
       0
       2
       3
       4
       2
       3
       4
       3
       1
       3
       1
       3
       3
       6
       3
       1
       4
       2
       2
       0
       4
       2
       4
       4
       7
       4
       3
       2
       7
       3
       2
       3
       3
       2
       4
       3
       3
       1
       6
       4
       1
       2
       3
       2
       6
       7
       4
       3
       3
       8
       3
       2
       8
       6
       1
       5
       6
       5
       3
       5
       2
       6
       4
       4
       6
       2
       3
       2
       5
       4
       0
       5
       2
       2
       2
      11
       4
       6
       5
       3
       6
       7
       3
       4
       2
       3
       5
       4
       7
       7
       1
       2
       8
       7
       8
       3
       2
       1
       7
       6
       6
       6
       2
       4
       5
       3
       2
       3
       4
       5
       6
       3
       3
       2
       3
       7
       4
       5
       6
       5
       5
       8
       8
       2
       7
       5
       4
       7
       3
       5
       3
       6
       5
       1
       6
       3
       4
       1
       3
       2
       5
       9
       4
       9
       7
       4
       7
       7
       4
       9
       7
       4
       8
       3
      11
       6
       3
       6
      10
       4
       3
       5
       4
       5
       5
       4
       8
       5
       3
       1
       7
       3
      17
      10
       5
       6
       8
       2
       9
       6
      10
       2
       5
       9
       5
       4
       7
       7
       7
       6
       9
      12
       9
       7
       8
       4
       8
       3
      13
       5
      13
      10
       3
       9
      10
      14
       9
      16
       4
       9
      14
       6
       6
       5
       9
      15
       5
       6
       9
      17
      15
      16
      17
       9
      13
       6
       6
       8
       7
       8
       5
      11
      16
      11
      10
      11
      11
      12
      13
      11
       7
      11
      12
      10
       7
      12
       8
      13
      10
      15
       8
      13
      12
       8
      13
      10
       5
       6
      11
      10
      11
       8
       8
       7
       9
       6
       8
       9
       9
      13
      11
       9
       5
       7
       7
      15
       5
       4
       7
      12
       9
       8
       9
      11
       7
       5
       7
       9
       2
       7
      11
       7
       8
       9
       8
       9
      10
       4
       5
       5
       5
      11
       9
      10
       8
       7
       7
       3
       3
       3
       6
       6
       6
       8
       7
       6
       7
       5
       4
       6
       6
       3
       6
       5
       4
       5
       4
       7
       3
       2
       1
       7
       4
       2
       1
       6
       0
       1
       2
       3
       4
       2
       2
       2
       0
       1
       2
       2
       4
       1
       1
       1
       2
       1
       0
       1
       0
       1
       0
       1
       0
       0
       0
       0
       0
       0
       1
       0
       0
       0
       0
       0
       0
       0
       1
       1
       2
       0
       0
       0
       1
       0
       1
       0
       0
       0
       0
       2
       0
       2
       0
       0
       0
       0
       0
       1
       0
       0
       0
       0
       3
       1
       0
       0
       0
       2
       1
       0
       1
       0
       1
       0
       0
       0
       0
       0
       0
       0
       0
       0
       0
       0
       0
       0
       0
       0
       0
       0
       0
       0
       1
       0
       0
       0
       0
       0
       0
       1
       0
       0
       0
       1
       0
       2
       0
       1
       0
       1
       1
       0
       1
       1
       1
       1
       0
       0
       1
       0
       0
       1
       0
       0
       0
       1
       1
       0
       0
       0
       0
       1
       0
       0
       0
       1
       0
       0
       0
       0
       1
       0
       1
       0
       0
       1
       0
       0
       0
       1
       0
       0
       1
       0
       0
       0
       0
       0
       1
       3
       0
       2
       1
       0
       0
       0
       0
       0
       0
       0
       1
       1
       0
       0
       0
       1
       1
       1
       1
       1
       0
       0
       0
       1
       1
       1
       0
       0
       1
       0
       0
       2
       0
       1
       1
       0
       0
       0
       0
       0
       1
       1
       0
       1
       0
       0
       1
       0
       0
       0
       1
       1
       1
       0
       1
       2
       1
       0
       1
       0
       0
       0
       0
       0
       1
       0
       0
       0
       1
       1
       2
       1
       4
       2
       1
       2
       1
       0
       1
       1
       1
       2
       0
       1
       0
       0
       3
       1
       2
       0
       0
       0
       1
       0
       1
       1
       0
       0
       0
       1
       0
       1
       0
       0
       1
       1
       0
       0
       2
       1
       0
       0
       0
       0
       0
       1
       1
       0
       2
       0
       0
       0
       1
       0
       0
       0
       0
       0
       0
       1
       0
       0
       0
       0
       0
       0
       0
       0
       0
       1
       0
       0
       0
       0
       0
       0
       0
       0
       0
       1
       1
       0
       0
       0
       0
       1
       1
       0
       0
       0
       0
       0
       0
       1
       0
       1
       0
       0
       0
       2
       0
       0
       0
       0
       0
       1
       0
       0
       0
       0
       0
       0
       0
       0
       0
       0
       0
       0
       0
       0
       0
       0
       0
       0
       0
       0
       0
       0
       0
       0
       0
       0
       0
       0
       0
       0
       0
       0
       0
       0
       0
       0
       0
       0
       0
       0
       0
       0
       0
       0
       0
       0
       0
       0
       0
       0
       1
       0
       0
       0
       0
       0
       0
       0
       1
       0
       0
       0
       0
       0
       0
       0
       0
       0
       0
       0
       0
       0
       0
       0
       0
       0
       0
       0
       0
       0
       0
       0
       0
       0
       0
       0
       0
       0
       0
       0
       0
       0
       0
       0
       0
       0
       0
       0
       0
       0
       0
       0
       0
       0
       0
       0
       0
       0
       0
       0
       0
       0
       0
       0
       0
       0
       0
       0
       0
       0
       0
       0
       0
       0
       0
       0
       0
       0
       0
       0
       0
       0
       0
       0
       0
       0
       0
       0
       0
       0
       0
       0
       0
       0
       0
       0
       0
       0
       0
       0
       0
       0
       0
       0
       0
       0
       0
       0
       0
       0
       0
       0
       0
       0
       0
       0
       0
       0
       0
       0
       0
       0
       0
       0
       0
       0
       0
       0
       0
       0
       0
       0
       0
       0
       0
       0
       0
       0
       0
       0
       0
       0
       0
       0
       0
       0
       0
       0
       0
$ROI:
0
$PRESETS:
Live Time
1200
0
$ENER_FIT:
0.000000 0.000000
$MCA_CAL:
3
0.000000E+000 0.000000E+000 0.000000E+000 
$SHAPE_CAL:
3
0.000000E+000 0.000000E+000 0.000000E+000
