$SPEC_ID:
No sample description was entered.
$SPEC_REM:
DET# 1
DETDESC# PHY-R11-37 MCB 129
AP# Maestro Version 7.01
$DATE_MEA:
11/27/2012 16:58:58
$MEAS_TIM:
600 601
$DATA:
0 2047
       0
       0
       0
       0
       0
       0
       0
       0
       0
       0
       0
       0
       0
       0
       0
       0
       0
       0
       0
       0
       0
       0
       0
       0
       0
       0
       0
       0
       0
       0
       0
       0
       0
       0
       0
       0
       0
       0
       0
       0
       0
       0
       0
       0
       0
       0
       0
       5
     116
     102
      96
      79
      79
      82
      75
      76
      50
      63
      48
      53
      42
      53
      41
      65
      49
      51
      38
      46
      44
      37
      28
      29
      35
      25
      22
      36
      34
      28
      30
      45
      32
      25
      29
      32
      22
      29
      32
      32
      28
      32
      16
      27
      26
      24
      21
      26
      37
      28
      20
      24
      42
      24
      33
      22
      27
      25
      35
      23
      26
      25
      25
      28
      18
      24
      22
      25
      26
      17
      33
      21
      20
      29
      26
      20
      35
      23
      20
      18
      21
      18
      16
      22
      20
      25
      17
      24
       9
      36
      17
      18
      33
      23
      24
      17
      17
      21
      25
      25
      20
      18
      18
      12
      19
      12
      22
      19
      15
      16
      12
      21
      22
      23
      19
      22
      24
      19
      21
      24
      19
      20
      17
      24
      23
      13
      20
      15
      23
      16
      18
      14
      17
      18
      13
      14
      18
      20
      21
      25
       9
      18
      13
      20
      24
      22
      22
      16
      18
      17
      24
      19
      16
      24
      24
      12
      22
      14
      23
      15
      18
      19
      15
      19
      15
      27
      13
      21
      19
      11
      12
      17
      17
      17
      17
      20
      19
      17
      16
      17
      17
      18
      16
      19
      21
      21
      17
      14
      20
      20
      15
      12
      15
      16
      11
      14
      21
      19
      18
      23
      17
      18
      20
      14
      20
      13
      14
      13
      21
      23
      17
      13
      12
      20
      19
      21
      19
      17
      19
      15
      12
      19
      18
      20
      20
      17
      20
      24
      16
      17
      21
      15
      22
      24
      21
      20
      17
      17
      15
      10
      16
      13
      28
      20
      17
      19
      17
      12
      13
      21
      19
      22
      14
      18
      13
      25
      19
      18
      19
      22
      12
      17
      21
      14
      14
      17
      18
      24
      16
      28
      18
      18
      16
      19
      12
      25
      20
      20
      20
      22
      18
      17
      18
      15
      25
      15
      21
      13
      27
      16
      12
      14
      20
      24
      17
      20
      13
      25
      21
      20
      17
      14
      24
      20
      22
      28
      13
      19
      18
      23
      26
      19
      14
      32
      20
      20
      30
      16
      19
      14
      25
      21
      34
      17
      29
      23
      26
      30
      33
      21
      27
      20
      27
      18
      30
      28
      29
      30
      30
      26
      41
      32
      26
      38
      32
      35
      35
      33
      27
      39
      43
      29
      41
      42
      35
      37
      29
      47
      38
      45
      50
      53
      32
      39
      40
      53
      42
      55
      54
      45
      45
      44
      50
      61
      71
      60
      58
      52
      56
      67
      72
      51
      55
      64
      78
      62
      60
      62
      52
      62
      72
      73
      74
      53
      56
      58
      60
      51
      65
      57
      67
      60
      66
      60
      64
      54
      56
      62
      57
      70
      74
      55
      73
      54
      69
      53
      61
      81
      61
      48
      67
      59
      61
      59
      66
      53
      63
      60
      61
      60
      57
      69
      68
      74
      75
      61
      55
      52
      57
      52
      60
      63
      58
      56
      79
      72
      66
      68
      62
      70
      53
      57
      80
      70
      62
      63
      57
      56
      58
      60
      64
      63
      45
      56
      52
      66
      68
      76
      51
      58
      59
      63
      58
      68
      58
      59
      51
      63
      70
      68
      75
      72
      50
      63
      61
      88
      55
      72
      66
      71
      51
      78
      69
      77
      74
      77
      89
      75
      57
      66
      56
      58
      69
      72
      54
      72
      62
      69
      60
      74
      61
      57
      58
      75
      48
      61
      79
      78
      54
      69
      74
      55
      64
      66
      69
      50
      44
      74
      73
      65
      59
      61
      60
      56
      54
      70
      65
      55
      61
      60
      55
      68
      77
      57
      58
      68
      48
      74
      71
      66
      60
      53
      69
      60
      60
      65
      62
      44
      70
      56
      62
      56
      65
      56
      56
      67
      59
      57
      65
      76
      58
      84
      72
      63
      57
      51
      50
      65
      65
      69
      69
      90
      68
      61
      51
      81
      70
      75
      64
      60
      59
      71
      62
      72
      58
      59
      65
      86
      53
      72
      64
      63
      82
      68
      65
      59
      66
      72
      75
      80
      63
      77
      71
      79
      69
      66
      62
      69
      74
      52
      67
      71
      55
      83
      64
      58
      67
      61
      59
      68
      76
      71
      69
      62
      58
      70
      73
      80
      61
      66
      76
      64
      70
      73
      78
      76
      66
      68
      95
      73
      60
      74
      59
      73
      74
      74
      50
      66
      80
      72
      72
      85
      58
      73
      69
      62
      85
      43
      66
      79
      75
      64
      75
      81
      67
      84
      72
      85
      68
      80
      86
      88
      75
      84
      83
      77
      74
      78
      61
      70
      65
      77
      81
      68
      78
      53
      54
      71
      79
      72
      82
      69
      98
      73
      75
      93
      97
      65
      76
      76
      81
      76
      82
      78
      89
      86
      73
      88
      73
      87
      72
      75
      88
      80
      96
      95
      75
      81
      85
      95
      97
      85
      81
      88
      75
      88
      85
      78
      88
      83
      94
      94
      88
      90
      93
      94
      85
      95
     111
      75
      89
      85
     104
     106
      82
      94
      79
      91
      98
      94
      90
     121
      78
      93
      84
     111
      79
      94
      97
      88
      90
     102
     103
      89
      99
      89
     105
     105
     105
     103
      98
     108
     102
     105
     105
     100
     107
     104
     112
     103
      97
     114
      97
     109
     108
      91
      91
     120
     115
     114
     110
     100
      94
     100
      89
      89
      91
     109
     100
     100
     102
      86
     121
      95
     101
      87
     109
     108
     108
     108
     110
     115
     116
      98
     109
      96
     109
     113
     109
     110
     109
     110
     110
     123
     110
     107
     114
     120
     102
     104
     104
     127
     118
     103
     105
      95
     109
     117
     113
     116
     131
     112
     111
      81
     121
     122
     109
     123
     123
     112
     114
      94
     117
     130
     109
     108
     104
     117
     120
     131
     113
     121
     130
     108
     124
     115
     127
      98
     107
     129
     130
     124
     109
     140
     118
     119
     127
     136
     111
     114
     130
     118
     116
     123
     110
     108
     133
     117
     132
     111
     134
     113
     118
     126
     116
     113
     113
     116
     121
     135
     133
     131
     141
     115
     116
     132
     122
     109
     133
     120
     150
     129
     117
     122
     128
     115
     115
     116
     122
     129
     138
     108
     137
     116
     119
     135
     127
     127
     141
     121
     135
     139
     117
     122
     124
     112
     138
     154
     141
     136
     165
     153
     148
     140
     129
     135
     146
     121
     142
     149
     121
     134
     139
     137
     137
     149
     139
     133
     141
     144
     146
     130
     143
     135
     137
     130
     126
     129
     134
     152
     133
     134
     131
     138
     146
     122
     116
     146
     142
     158
     118
     138
     148
     151
     151
     143
     129
     136
     119
     144
     137
     135
     153
     162
     143
     139
     126
     128
     142
     145
     153
     155
     123
     152
     132
     136
     116
     155
     143
     139
     134
     148
     139
     146
     137
     143
     152
     141
     135
     142
     119
     148
     152
     159
     133
     138
     141
     161
     169
     127
     148
     147
     160
     152
     155
     158
     149
     163
     130
     158
     159
     166
     158
     122
     148
     150
     176
     156
     159
     146
     174
     146
     154
     173
     142
     136
     147
     170
     159
     166
     154
     147
     150
     167
     187
     173
     151
     130
     157
     146
     170
     161
     169
     139
     150
     185
     157
     177
     168
     174
     170
     184
     172
     157
     177
     171
     191
     155
     188
     182
     181
     155
     186
     196
     210
     159
     170
     183
     178
     176
     169
     167
     178
     192
     172
     188
     183
     189
     193
     190
     194
     183
     211
     192
     166
     183
     184
     168
     201
     215
     220
     216
     221
     205
     170
     206
     203
     202
     214
     234
     212
     241
     209
     222
     229
     225
     227
     217
     211
     228
     224
     233
     243
     222
     253
     246
     254
     250
     262
     242
     238
     231
     285
     275
     257
     266
     272
     269
     294
     303
     307
     300
     303
     298
     288
     299
     306
     319
     304
     281
     321
     337
     322
     327
     324
     358
     365
     397
     363
     364
     359
     369
     436
     388
     377
     389
     354
     419
     434
     454
     402
     409
     434
     449
     430
     419
     455
     455
     434
     455
     486
     464
     458
     427
     507
     478
     467
     454
     479
     483
     487
     479
     439
     483
     509
     475
     455
     433
     484
     471
     520
     473
     493
     444
     444
     468
     461
     443
     458
     469
     427
     411
     425
     444
     428
     432
     409
     472
     403
     406
     410
     415
     401
     384
     373
     387
     412
     382
     419
     390
     371
     364
     337
     343
     351
     347
     373
     350
     338
     335
     327
     333
     340
     312
     309
     286
     289
     299
     310
     302
     260
     236
     282
     231
     269
     252
     235
     234
     217
     227
     225
     203
     185
     198
     207
     175
     189
     164
     131
     156
     145
     145
     151
     128
     149
      99
     122
      91
      84
      90
     101
      63
      63
      61
      54
      77
      53
      44
      42
      49
      42
      47
      32
      31
      23
      33
      25
      25
      16
      24
      19
       8
      10
      12
      15
      17
      13
      14
      12
      15
      10
       9
      13
       8
       9
      11
       9
      12
       9
      10
       8
       4
       9
      12
       5
      11
      11
       8
      11
       5
       8
      10
       9
       7
      10
      11
       6
       8
       5
       9
      15
       8
       9
      10
      10
       8
      15
       8
       9
       8
       7
       8
      14
      13
       3
      13
       9
      10
      16
      15
      10
      12
       4
       8
      15
      13
       9
      14
       6
      10
      15
      10
      11
       9
      12
      12
      14
      11
       7
       7
       8
      12
       7
      20
      12
      15
      12
      10
       9
      13
       6
      12
      10
      12
      12
      10
      18
      10
       9
      12
      12
      12
      20
      19
      16
      16
      15
       6
      14
      10
      12
       9
      13
      10
      20
      16
      20
      15
      16
      17
      16
      15
      19
      15
      17
      16
      17
      14
      20
      20
      22
      17
      20
      21
      26
      22
      26
      17
      20
      20
      22
      21
      16
      19
      26
      17
      18
      34
      15
      14
      21
      21
      20
      24
      24
      28
      22
      21
      22
      28
      23
      22
      16
      24
      25
      20
      17
      32
      20
      24
      23
      21
      26
      17
      26
      31
      22
      26
      23
      20
      28
      22
      27
      24
      11
      23
      18
      27
      26
      20
      20
      21
      18
      14
      19
      29
      21
      22
      17
      19
      16
      14
      21
      20
       9
      20
      21
      21
      16
      15
      22
      25
      22
      20
      11
      19
      14
      24
      22
      13
      12
      16
      18
       9
      21
      15
      11
      17
      12
      11
      23
      22
      23
      20
       9
       7
      17
       9
      14
      12
      10
      20
      11
       5
      14
      15
       7
      12
      10
      13
      11
      10
      11
       9
      10
       9
      11
       5
       9
       5
       6
       4
       8
      10
       5
       7
       5
       8
       2
       6
       4
       5
       5
       7
       3
       2
       4
       3
       4
       5
       0
       1
       1
       1
       2
       1
       0
       1
       2
       1
       1
       0
       3
       0
       3
       0
       0
       2
       0
       0
       1
       0
       0
       0
       1
       0
       0
       0
       0
       0
       0
       0
       0
       0
       0
       2
       0
       0
       0
       0
       0
       0
       0
       0
       0
       0
       0
       0
       0
       0
       0
       0
       0
       0
       0
       0
       0
       1
       0
       0
       0
       0
       0
       0
       0
       0
       0
       0
       0
       0
       0
       0
       0
       0
       0
       0
       0
       1
       0
       0
       0
       0
       0
       0
       0
       0
       0
       0
       1
       0
       0
       0
       0
       0
       0
       0
       0
       0
       0
       0
       0
       0
       0
       0
       0
       0
       0
       0
       0
       1
       0
       0
       0
       0
       0
       1
       0
       0
       0
       0
       0
       0
       2
       0
       1
       0
       0
       0
       0
       0
       0
       1
       0
       0
       0
       0
       0
       0
       0
       0
       0
       1
       0
       0
       0
       0
       0
       0
       0
       0
       0
       0
       0
       0
       0
       0
       0
       0
       0
       0
       0
       0
       1
       0
       0
       0
       0
       0
       0
       0
       0
       0
       0
       0
       0
       0
       0
       0
       0
       0
       0
       0
       0
       0
       0
       0
       0
       0
       0
       0
       0
       0
       0
       0
       0
       0
       0
       0
       0
       0
       1
       0
       0
       0
       0
       0
       0
       0
       0
       0
       0
       0
       0
       0
       0
       0
       0
       0
       0
       0
       1
       0
       0
       0
       0
       0
       0
       0
       0
       0
       0
       0
       0
       0
       0
       0
       0
       0
       0
       0
       0
       0
       0
       0
       0
       0
       0
       0
       0
       0
       0
       0
       0
       0
       0
       0
       0
       0
       0
       0
       0
       1
       0
       0
       0
       0
       0
       0
       0
       1
       0
       0
       0
       0
       0
       0
       0
       0
       0
       0
       0
       0
       0
       0
       0
       0
       0
       0
       0
       0
       0
       0
       0
       0
       0
       0
       1
       0
       0
       0
       0
       0
       0
       0
       0
       0
       1
       0
       0
       0
       0
       0
       0
       0
       0
       0
       0
       0
       0
       0
       0
       0
       0
       0
       0
       0
       0
       0
       0
       0
       0
       0
       0
       0
       0
       0
       0
       0
       0
       0
       0
       0
       0
       0
       0
       0
       0
       0
       0
       0
       0
       0
       0
       0
       0
       0
       0
       0
       0
       0
       0
       0
       0
       0
       0
       0
       0
       0
       0
       0
       0
       0
       0
       0
       0
       0
       0
       0
       0
       0
       0
       0
       0
       0
       0
       0
       0
       0
       0
       0
$ROI:
0
$PRESETS:
Live Time
600
0
$ENER_FIT:
0.000000 0.000000
$MCA_CAL:
3
0.000000E+000 0.000000E+000 0.000000E+000 
$SHAPE_CAL:
3
0.000000E+000 0.000000E+000 0.000000E+000
