$SPEC_ID:
No sample description was entered.
$SPEC_REM:
DET# 1
DETDESC# PHY-R11-37 MCB 129
AP# Maestro Version 7.01
$DATE_MEA:
11/29/2012 14:33:25
$MEAS_TIM:
1200 1201
$DATA:
0 2047
       0
       0
       0
       0
       0
       0
       0
       0
       0
       0
       0
       0
       0
       0
       0
       0
       0
       0
       0
       0
       0
       0
       0
       0
       0
       0
       0
       0
       0
       0
       0
       0
       0
       0
       0
       0
       0
       0
       0
       0
       0
       0
       0
       0
       0
       0
       0
       0
       0
       0
       0
       0
       0
       0
       0
       0
       0
       0
       0
       0
       0
       0
       0
       0
       0
       0
       0
       0
       0
       0
       0
       0
       0
       0
       0
       0
       0
       0
       0
       0
       0
       0
       0
       0
       0
       0
       0
       0
       0
       0
       0
       0
       0
       0
       0
       0
       6
      93
      98
      90
      80
      93
      76
      74
      75
      63
      84
      60
      64
      56
      65
      71
      57
      66
      56
      53
      61
      53
      57
      50
      64
      57
      63
      53
      56
      51
      52
      48
      64
      48
      57
      45
      50
      40
      52
      45
      55
      58
      45
      45
      55
      38
      47
      48
      46
      46
      42
      43
      44
      44
      47
      51
      53
      43
      41
      37
      50
      38
      52
      33
      52
      34
      40
      44
      51
      51
      35
      36
      42
      37
      30
      43
      39
      31
      37
      29
      38
      44
      42
      35
      30
      27
      38
      31
      29
      40
      36
      43
      35
      44
      40
      42
      37
      44
      42
      46
      29
      37
      36
      28
      29
      25
      35
      32
      26
      27
      40
      35
      30
      39
      28
      35
      32
      31
      29
      33
      35
      35
      44
      37
      30
      33
      20
      26
      34
      28
      29
      36
      25
      24
      39
      34
      26
      36
      27
      42
      19
      29
      26
      32
      25
      35
      31
      25
      28
      38
      25
      26
      18
      18
      24
      36
      35
      22
      27
      31
      30
      32
      36
      25
      38
      36
      34
      25
      26
      23
      30
      46
      38
      30
      32
      25
      24
      27
      26
      26
      34
      23
      22
      25
      33
      24
      23
      27
      24
      33
      30
      22
      27
      22
      27
      31
      30
      29
      16
      24
      24
      26
      32
      30
      30
      25
      21
      22
      28
      24
      24
      20
      26
      24
      28
      16
      18
      32
      19
      19
      26
      18
      29
      28
      24
      17
      22
      24
      30
      26
      26
      17
      21
      31
      18
      34
      22
      29
      24
      19
      26
      23
      22
      23
      28
      18
      34
      29
      27
      21
      23
      20
      27
      32
      27
      28
      16
      25
      19
      26
      22
      28
      27
      20
      22
      30
      22
      30
      14
      26
      34
      24
      23
      26
      28
      25
      19
      16
      22
      27
      26
      29
      22
      24
      32
      26
      21
      20
      20
      20
      24
      34
      30
      25
      23
      28
      31
      19
      30
      28
      39
      29
      28
      29
      32
      34
      26
      31
      39
      33
      27
      30
      35
      32
      35
      34
      37
      21
      27
      32
      42
      30
      34
      25
      30
      34
      29
      28
      32
      38
      38
      49
      36
      32
      41
      37
      37
      36
      43
      35
      29
      43
      43
      39
      39
      42
      48
      42
      45
      44
      47
      45
      43
      46
      42
      53
      46
      35
      41
      51
      38
      48
      47
      35
      66
      45
      47
      47
      52
      43
      43
      62
      49
      45
      38
      52
      40
      56
      59
      71
      53
      63
      57
      49
      55
      59
      53
      51
      63
      61
      59
      69
      61
      71
      75
      61
      62
      57
      62
      65
      61
      50
      58
      59
      54
      42
      46
      53
      68
      46
      54
      56
      52
      60
      55
      59
      70
      68
      55
      50
      63
      59
      62
      64
      59
      51
      64
      42
      72
      49
      60
      55
      63
      73
      59
      61
      59
      53
      66
      54
      62
      56
      58
      71
      75
      47
      56
      73
      58
      69
      59
      71
      56
      65
      74
      59
      58
      65
      58
      65
      56
      72
      61
      62
      61
      67
      67
      48
      51
      60
      43
      62
      61
      56
      64
      68
      62
      68
      71
      72
      59
      62
      55
      56
      67
      80
      54
      63
      79
      47
      62
      70
      55
      51
      51
      68
      53
      55
      62
      46
      56
      60
      50
      53
      54
      59
      70
      63
      52
      54
      55
      56
      51
      63
      70
      66
      59
      53
      62
      70
      46
      53
      43
      59
      62
      43
      66
      76
      57
      65
      54
      60
      63
      70
      58
      54
      71
      62
      52
      51
      62
      53
      68
      57
      73
      64
      55
      64
      51
      52
      49
      58
      34
      67
      59
      57
      54
      66
      67
      65
      56
      53
      68
      54
      61
      59
      64
      54
      70
      67
      62
      69
      55
      64
      70
      65
      60
      63
      50
      56
      72
      68
      58
      63
      73
      50
      66
      64
      65
      51
      61
      59
      71
      67
      63
      67
      55
      67
      70
      65
      73
      61
      74
      69
      75
      54
      74
      67
      69
      73
      46
      68
      66
      66
      64
      58
      56
      68
      72
      69
      54
      59
      63
      69
      61
      57
      66
      63
      67
      63
      63
      61
      59
      55
      72
      62
      50
      62
      67
      69
      54
      70
      67
      77
      75
      66
      63
      58
      64
      58
      70
      58
      67
      65
      71
      69
      85
      75
      74
      47
      64
      70
      62
      55
      72
      58
      39
      69
      70
      70
      81
      70
      55
      64
      90
      91
      62
      80
      87
      56
      61
      69
      74
      66
      70
      73
      71
      67
      68
      74
      70
      54
      68
      51
      51
      72
      70
      80
      73
      72
      78
      72
      75
      62
      69
      75
      65
      77
      68
      84
      78
      69
      91
      76
      85
      65
      83
      68
      70
      69
      77
      76
      69
      80
      75
      71
      84
      65
      59
      74
      75
      77
      75
      75
      90
      92
      82
      63
      73
      81
      69
      71
      74
      83
      75
      95
      70
      74
      87
      57
      80
      73
      75
      80
      99
      74
      81
      87
      91
      97
      75
      78
      86
      69
      83
      71
      98
      85
      72
      90
      90
      53
      75
      85
      69
      78
      88
     104
      98
      78
      93
     102
      99
      88
      93
      94
      93
      80
      89
      72
      89
      90
      97
      78
      86
      74
     104
     102
     118
      80
     106
      88
      87
     102
      78
      93
      93
     103
      97
     112
      90
     106
      81
     102
      90
      94
      90
      96
     101
      99
     106
      75
      81
     105
      84
      87
      89
     112
     100
      93
      97
      91
     113
     104
      99
      98
      95
      83
      86
      90
      98
      79
     106
      84
      92
     107
      91
     108
     102
      84
      93
     105
      86
     108
     116
      99
     114
      85
      95
     115
     101
      93
     115
     111
      95
     104
      93
     120
     106
      89
      90
     100
      86
     109
      95
     125
      88
      98
     121
      91
      88
      90
     105
     116
      99
     102
     107
     102
     106
     126
     101
      91
     108
     110
      97
     130
     104
     105
     129
     121
     113
      92
      93
     105
     121
     107
     109
     113
      96
     103
     120
      93
     112
     107
     100
      86
      96
     125
     106
     115
     115
      94
     123
     114
      99
     117
     121
     121
     110
     124
     113
     104
     109
     114
     133
     122
     115
     111
     120
     108
     127
     105
      92
     108
     101
     123
     109
     117
     108
     141
      96
     112
      96
     117
     112
     105
     119
     102
     100
     116
     119
     106
     104
     120
     107
     101
     120
     107
     111
     130
     108
     124
     119
     115
     115
     111
     113
     116
     113
     119
     109
     123
     123
     109
     109
     114
     121
     128
     106
     106
     125
     110
     101
     130
     116
     112
     110
     121
     115
     116
     132
     109
     128
     112
     117
     116
     102
     109
     107
     105
     104
     115
     119
     136
     113
     125
      93
     104
     111
     133
     103
     116
     111
     120
     120
     120
     106
     123
     109
     111
     115
     118
     117
     119
     117
     112
     115
     118
     127
     136
     119
     131
     113
     106
     130
     106
     107
     127
     134
     113
     113
     133
     121
     115
     120
     109
     127
     135
     119
     126
     130
     136
     116
     112
     120
     132
     137
     114
     106
     123
     125
     115
     115
     113
     121
     140
     114
     126
     109
     128
     125
     124
     102
     119
     122
     143
     129
     147
     118
     135
     120
     121
     113
     118
     129
     135
     138
     117
     125
     139
     131
     145
     150
     128
     132
     144
     126
     132
     136
     125
     115
     136
     140
     110
     134
     141
     133
     132
     131
     147
     128
     136
     130
     138
     120
     125
     147
     119
     152
     144
     141
     148
     143
     136
     143
     131
     143
     135
     139
     134
     142
     148
     118
     134
     128
     123
     141
     145
     139
     147
     151
     160
     150
     150
     145
     148
     158
     141
     140
     148
     137
     150
     136
     154
     138
     130
     165
     145
     145
     157
     155
     139
     144
     145
     138
     152
     135
     155
     144
     179
     172
     141
     170
     170
     156
     162
     162
     151
     151
     149
     149
     176
     155
     167
     170
     165
     169
     176
     165
     179
     147
     186
     162
     165
     169
     175
     182
     157
     177
     174
     161
     157
     165
     184
     191
     161
     180
     187
     207
     207
     194
     193
     175
     188
     177
     179
     168
     188
     209
     189
     210
     213
     201
     209
     207
     211
     187
     186
     182
     215
     205
     217
     206
     229
     245
     216
     207
     250
     226
     215
     224
     209
     197
     238
     245
     237
     227
     217
     245
     248
     256
     239
     247
     246
     259
     232
     252
     240
     279
     296
     246
     280
     252
     295
     277
     273
     312
     263
     290
     273
     303
     276
     286
     322
     320
     327
     342
     326
     335
     329
     357
     327
     353
     378
     365
     334
     356
     369
     330
     355
     401
     395
     403
     384
     370
     361
     358
     363
     399
     388
     384
     391
     417
     400
     387
     412
     395
     392
     401
     401
     400
     408
     381
     393
     401
     421
     378
     385
     405
     394
     408
     400
     369
     397
     401
     369
     365
     381
     386
     413
     354
     337
     388
     378
     387
     377
     362
     379
     364
     347
     363
     375
     360
     362
     338
     359
     348
     343
     349
     368
     322
     359
     323
     335
     302
     337
     310
     288
     317
     306
     283
     319
     280
     277
     274
     283
     287
     317
     268
     259
     278
     288
     242
     237
     256
     246
     253
     236
     255
     243
     214
     239
     227
     213
     204
     198
     201
     179
     190
     191
     176
     173
     143
     168
     187
     137
     174
     147
     141
     114
     114
     138
     111
      97
     100
      97
     107
     106
     102
      91
      84
      61
      74
      67
      59
      51
      56
      51
      57
      40
      40
      41
      28
      46
      30
      27
      33
      27
      22
      15
      22
      22
      11
      25
      19
      14
      16
      12
      17
      12
      15
      12
       9
       8
      15
       8
       8
       8
      17
      18
      11
       8
      12
      12
      14
       5
      11
       9
       9
      14
      14
       6
       7
       6
      12
      12
      10
      12
       8
       9
       6
       9
      14
      11
       7
      14
      16
      17
      10
       3
      11
       9
      10
       8
       8
      12
       6
      11
       9
      14
      10
      17
       8
      11
      12
       5
       8
      12
      12
       9
       8
      16
      17
      14
      12
      12
      12
      11
       9
      12
      12
       3
       7
      12
       9
      17
      12
      16
      12
      14
       9
      10
       9
       6
      14
       6
      13
       9
      10
       7
      10
       8
      12
      18
       9
      15
       9
      14
      13
      10
      12
      16
       6
       9
       7
      16
      10
      12
      13
      15
      13
      10
      15
      13
      15
      12
       9
      14
      10
      22
      11
      14
      14
      13
      14
      15
       9
      11
      15
      13
      17
       9
      18
      16
      14
      17
      18
      24
      18
      16
      15
       8
      23
      15
      18
      13
      14
      10
      13
      15
      20
      16
      16
      23
      17
      23
      20
      20
      15
      20
      22
      19
      21
      17
      17
      21
      17
      22
      20
      30
      24
      18
      21
      25
      18
      18
      23
      18
      14
      14
      29
      16
      14
      20
      19
      21
      24
      26
      20
      19
      14
      15
      17
      19
      24
      21
      17
      15
      21
      22
      14
      19
      27
      25
      27
      13
      16
      24
      20
      15
      16
      17
      20
      25
      22
      16
      17
      16
      21
      15
      10
      11
      16
      17
      13
      14
      22
      14
      19
      22
      14
      14
      18
      22
      20
      10
      20
       9
      13
      18
      17
      11
      13
      15
      11
      16
      12
      16
      14
      10
      18
      15
      14
      14
      14
      12
       9
      11
      13
       9
      16
      18
       7
      12
      14
      13
      13
       8
      11
       6
       8
      10
       7
       6
       9
       7
       8
       5
       3
       7
       6
       8
      10
       6
       8
       8
       9
       4
       4
      10
       5
       3
       7
      10
       2
       5
       1
       3
       1
       2
       2
       1
       5
       3
       4
       1
       2
       3
       3
       3
       5
       1
       1
       3
       1
       2
       3
       1
       1
       3
       1
       0
       2
       1
       1
       1
       1
       0
       1
       1
       0
       0
       0
       1
       2
       2
       1
       1
       2
       1
       0
       1
       0
       0
       1
       1
       0
       0
       0
       0
       0
       1
       1
       0
       0
       0
       1
       0
       1
       1
       0
       0
       1
       1
       2
       0
       1
       0
       0
       0
       0
       1
       1
       0
       0
       0
       0
       0
       0
       1
       1
       0
       0
       0
       2
       0
       1
       0
       0
       1
       2
       1
       0
       2
       0
       0
       0
       1
       0
       1
       2
       1
       0
       1
       2
       2
       0
       0
       0
       0
       0
       0
       1
       0
       0
       1
       0
       1
       0
       0
       0
       0
       1
       0
       0
       1
       0
       0
       0
       0
       1
       0
       0
       0
       0
       0
       0
       0
       0
       0
       0
       0
       0
       0
       0
       0
       0
       0
       0
       0
       0
       0
       0
       0
       0
       0
       0
       0
       0
       0
       0
       0
       0
       0
       0
       0
       0
       0
       0
       0
       0
       0
       0
       0
       0
       0
       0
       0
       0
       0
       0
       0
       0
       0
       0
       0
       0
       0
       0
       0
       0
       0
       0
       0
       0
       0
       0
       0
       0
       0
       0
       0
$ROI:
0
$PRESETS:
Live Time
1200
0
$ENER_FIT:
0.000000 0.000000
$MCA_CAL:
3
0.000000E+000 0.000000E+000 0.000000E+000 
$SHAPE_CAL:
3
0.000000E+000 0.000000E+000 0.000000E+000
