$SPEC_ID:
No sample description was entered.
$SPEC_REM:
DET# 1
DETDESC# PHY-R11-37 MCB 129
AP# Maestro Version 7.01
$DATE_MEA:
11/29/2012 16:22:10
$MEAS_TIM:
1200 1200
$DATA:
0 2047
       0
       0
       0
       0
       0
       0
       0
       0
       0
       0
       0
       0
       0
       0
       0
       0
       0
       0
       0
       0
       0
       0
       0
       0
       0
       0
       0
       0
       0
       0
       0
       0
       0
       0
       0
       0
       0
       0
       0
       0
       0
       0
       0
       0
       0
       0
       0
       0
       0
       0
       0
       0
       0
       0
       0
       0
       0
       0
       0
       0
       0
       0
       0
       0
       0
       0
       0
       0
       0
       0
       0
       0
       0
       0
       0
       0
       0
       0
       0
       0
       0
       0
       0
       0
       0
       0
       0
       0
       0
       0
       0
       0
       0
       0
       0
       0
       1
       5
      13
       6
       9
       4
       3
       4
       6
       2
       6
       3
       4
       6
       5
       3
       6
       4
       2
       6
       4
       1
       6
       2
       5
       4
       4
       2
       2
       3
       1
       1
       4
       5
       5
       2
       1
       2
       0
       3
       2
       2
       2
       5
       7
       4
       1
       0
       2
       0
       3
       4
       1
       1
       3
       1
       4
       4
       6
       1
       3
       1
       2
       3
       0
       2
       4
       5
       1
       2
       2
       0
       0
       3
       2
       4
       1
       3
       4
       3
       2
       1
       4
       4
       2
       1
       5
       4
       2
       0
       0
       3
       0
       2
       2
       0
       6
       1
       2
       2
       2
       2
       3
       2
       1
       3
       6
       0
       2
       6
       2
       6
       0
       1
       3
       2
       1
       4
       4
       0
       1
       0
       0
       2
       1
       2
       1
       0
       4
       1
       1
       1
       0
       1
       1
       1
       1
       2
       0
       2
       3
       3
       1
       0
       3
       2
       3
       3
       3
       3
       1
       2
       2
       2
       0
       5
       1
       0
       1
       0
       3
       0
       1
       2
       2
       1
       2
       2
       2
       2
       2
       2
       1
       2
       1
       0
       2
       0
       0
       1
       1
       1
       2
       2
       2
       3
       1
       1
       1
       3
       2
       1
       0
       3
       2
       3
       3
       1
       1
       3
       3
       1
       1
       1
       0
       1
       1
       0
       2
       1
       3
       2
       0
       2
       2
       2
       1
       1
       3
       0
       1
       3
       1
       2
       1
       2
       1
       2
       1
       2
       2
       1
       1
       1
       1
       1
       2
       4
       3
       0
       2
       1
       0
       0
       2
       2
       1
       0
       3
       0
       3
       3
       2
       3
       2
       2
       2
       1
       1
       1
       1
       1
       2
       3
       3
       4
       1
       2
       2
       1
       1
       1
       1
       1
       2
       2
       1
       2
       1
       3
       3
       3
       1
       2
       0
       1
       2
       3
       1
       3
       0
       3
       1
       0
       0
       2
       1
       2
       1
       0
       0
       2
       2
       3
       1
       2
       2
       0
       2
       3
       2
       2
       1
       0
       3
       3
       4
       0
       4
       1
       2
       5
       6
       0
       1
       3
       2
       0
       1
       1
       1
       3
       1
       3
       2
       0
       0
       2
       4
       2
       3
       3
       0
       2
       2
       4
       0
       6
       1
       1
       1
       4
       6
       3
       4
       1
       2
       2
       3
       0
       3
       4
       1
       3
       3
       0
       2
       1
       6
       2
       2
       0
       2
       1
       7
       0
       3
       3
       1
       5
       2
       1
       6
       5
       4
       2
       5
       3
       2
       3
       4
       4
       3
       5
       2
       4
       3
       5
       3
       4
       3
       1
       2
       6
       2
       4
       3
       3
       5
       1
       1
       4
       3
       4
       0
       5
       2
       3
       2
       7
       6
       2
       2
       5
       2
       3
       3
       4
       7
       3
       1
      10
       3
       5
       1
       1
       2
       6
       4
       4
       2
       6
       3
       5
       3
       4
       3
       7
       4
       4
       2
       3
       3
       1
       2
       2
       3
       5
       3
       2
       2
       5
       1
       0
       0
       4
       3
       2
       4
       5
       4
       6
       5
       4
       1
       4
       3
       6
       5
       2
       5
       0
       6
       1
       3
       4
       3
       2
       3
       3
       6
       3
       2
       3
       3
       4
       3
       4
       1
       4
       4
       1
       4
       5
       2
       5
       6
       6
       5
       2
       4
       7
       3
       1
       2
       3
       4
       0
       4
       3
       2
       3
       2
       7
       4
       3
       3
       3
       3
       3
       1
       2
       2
       2
       6
       2
       3
       5
       2
       1
       3
       4
       5
       2
       4
       4
       3
       4
       3
       2
       4
       0
       3
       3
       2
       3
       0
       5
       2
       3
       3
       3
       2
       6
       1
       5
       7
       2
       1
       4
       2
       2
       4
       1
       0
       4
       6
       2
       3
       1
       4
       4
       2
       3
       4
       3
       0
       5
       2
       3
       2
       3
       6
       3
       7
       4
       4
       3
       3
       0
       3
       3
       4
       2
       3
       2
       6
       3
       2
       2
       6
       4
       2
       4
       3
       2
       5
       3
       3
       8
       4
       2
       5
       4
       1
       2
       0
       6
       3
       2
       4
       2
       2
       3
       4
       5
       5
       7
       1
       4
       5
       3
       1
       4
       4
       2
       0
       4
       0
       2
       5
       3
       3
       5
       3
       2
       3
       2
       1
       6
       3
       4
       4
       2
       5
       3
       7
       5
       3
       3
       2
       6
       7
       4
       2
       1
       6
       3
       2
       6
       2
       9
       3
       4
       5
       8
       6
       1
       3
       4
       2
       5
       7
       2
       6
       4
       8
       8
       7
       1
       3
       3
       2
       6
       4
       2
       5
       4
       4
      10
       4
       2
       3
       3
       2
       5
       6
       3
       2
       3
       7
       5
       3
       2
       2
       7
       9
       1
       8
       3
       5
       6
       3
       1
       3
       6
       3
       5
       3
       4
       5
       2
       5
       4
       3
       2
       5
       3
       2
       5
       1
       3
       6
       6
       4
       3
       5
       5
       5
       2
       5
       7
       2
       4
       6
       3
       5
       4
       5
       2
       6
       2
       5
       5
       5
       3
       5
       5
       6
       6
       6
       6
       2
       4
       1
       8
       5
       3
       4
       7
       5
       4
       4
       5
       8
       1
       5
       5
      13
       4
       6
       5
       7
       2
       3
       9
       4
      12
       1
       4
       6
       8
       6
       4
       3
       5
       6
       5
       9
       8
       3
       2
       2
       9
       6
       6
       4
       9
       6
       8
       5
       5
       5
       3
       6
       0
       6
       2
       7
       4
       6
       1
       7
       5
       3
       5
       6
       3
       6
       5
       8
       4
       6
       4
       6
       4
       5
       2
       3
       5
       4
       6
       7
       5
       3
      10
       3
       6
       2
       4
       5
       5
       3
       9
       7
       9
       1
       3
       5
       3
       4
       7
       8
       4
       7
       5
       1
       6
       3
       3
       7
       6
      10
       5
       7
       3
       8
       4
       7
       5
       5
       8
       9
       9
       4
       6
       6
       7
       3
      10
       6
       3
       8
       8
      12
       5
       3
       6
      12
       6
       9
       4
       9
       8
      16
       9
       8
       7
       5
       3
       1
       3
       1
      10
       8
       2
       5
       5
       7
      10
       8
       8
       5
       7
       5
       7
       8
       9
       5
       7
       5
       4
       9
       6
       6
       9
       6
       8
       6
       4
       9
       5
       5
       4
       2
       8
       5
       8
       6
       7
       0
       7
       5
       8
       3
       6
       6
       9
       8
       5
       6
      12
       4
       7
      11
       9
       3
       4
       8
       8
      13
       6
       6
       8
       8
       8
       5
       4
       5
       8
      10
       6
       3
       7
       8
       3
       6
       4
       6
      10
       8
      11
       6
       4
       6
       6
       5
       5
       6
       9
       7
       9
       5
       9
       2
       8
       9
       8
       9
       7
       5
       6
       6
       5
       6
       6
       6
      10
       2
       3
       4
       6
       7
       5
       8
       8
      13
       9
       8
       8
       9
       7
       9
       6
       5
       9
       5
      11
       7
       8
      10
       9
      10
       3
       2
       6
      10
       3
       8
       7
       7
       8
       3
       4
       6
       5
       6
      11
       4
       9
       4
       4
       7
       5
       2
       4
       5
       9
       8
       6
       5
       6
       2
       4
       6
       7
       8
       5
       3
       8
       4
       5
       7
       3
       6
       8
       9
       7
       6
       7
       9
      10
       4
       6
       6
       9
       8
      18
       4
       6
       9
       7
       9
       5
       9
      11
       4
       9
       6
       8
       4
       2
       3
      10
       3
       7
       3
       6
      12
       4
      11
       3
       8
      10
       5
       6
       6
       9
      11
       9
       8
       5
       6
       8
       8
       5
       8
       7
       9
       8
       9
      12
      12
       3
       7
      12
      10
      12
      13
      11
       6
       6
       8
       7
       5
       7
       7
       6
      12
       9
       8
      12
      10
      11
       9
       7
      10
      11
       5
       7
       9
       4
      11
      10
       9
       9
       6
       8
       8
      10
       3
       6
       8
      11
       3
      13
       5
       9
       8
      18
      10
      13
      18
      10
      12
       9
      12
       9
       6
       3
      12
       9
       9
       8
       9
      10
       9
      16
       7
       5
      11
      11
      13
      11
       8
      18
       7
      11
      11
      10
      13
       9
       9
      10
       7
      11
      12
      17
      13
      13
      13
      13
      10
      12
      15
       9
       4
      14
       7
      11
       7
       7
      16
      10
      12
      14
      24
      12
      18
      12
       7
      17
      11
      24
      15
      14
      28
      25
      17
       7
      18
      11
      24
      20
      17
      24
      15
      16
      20
      21
      15
      16
      12
      24
      23
      28
      19
      13
      20
      22
      20
      28
      16
      18
      20
      28
      15
      19
      21
      22
      19
      36
      29
      20
      21
      17
      22
      13
      24
      18
      29
      22
      21
      22
      22
      23
      25
      19
      17
      19
      19
      26
      15
      24
      11
      15
      18
      21
      25
      20
      22
      18
      23
      21
      15
      19
      25
      18
      23
      21
      23
      19
      25
      25
      20
      21
      17
      17
      14
      14
      23
      15
      15
      28
      19
      18
      15
      16
      21
      23
      13
      19
      12
      18
      16
      12
       9
      20
      12
      15
       7
       9
      11
      12
      14
      16
      13
      13
      10
      12
       8
      14
       8
      13
      15
       9
       7
       7
      11
       8
       6
      11
       8
       7
      11
       5
      10
       6
       4
       9
      11
       6
       8
       7
       7
       9
       9
       5
       1
       4
       5
       2
       3
       2
       4
       4
       4
       1
       2
       1
       1
       0
       2
       3
       2
       4
       0
       1
       1
       1
       0
       0
       1
       0
       2
       1
       0
       0
       1
       2
       0
       0
       1
       4
       0
       1
       0
       0
       0
       1
       0
       0
       0
       1
       0
       0
       1
       0
       0
       0
       0
       0
       0
       1
       1
       1
       1
       1
       0
       0
       0
       0
       0
       0
       1
       1
       0
       0
       1
       0
       1
       0
       0
       2
       0
       1
       0
       0
       0
       1
       0
       2
       0
       0
       1
       2
       0
       0
       0
       1
       1
       1
       0
       1
       0
       0
       0
       1
       0
       0
       1
       0
       2
       1
       0
       0
       0
       0
       0
       1
       0
       1
       2
       0
       0
       1
       0
       1
       0
       0
       2
       1
       1
       0
       0
       0
       1
       0
       2
       1
       0
       1
       0
       0
       0
       0
       0
       0
       1
       0
       0
       0
       0
       2
       0
       1
       1
       1
       0
       0
       0
       0
       2
       1
       2
       0
       3
       2
       3
       0
       1
       1
       1
       1
       0
       1
       1
       3
       0
       1
       1
       1
       1
       0
       0
       1
       0
       0
       2
       2
       0
       0
       0
       2
       0
       0
       1
       0
       0
       1
       2
       0
       1
       1
       4
       1
       2
       5
       1
       2
       2
       2
       0
       2
       0
       2
       1
       1
       0
       1
       0
       1
       1
       0
       2
       0
       2
       2
       2
       0
       1
       0
       2
       3
       0
       0
       1
       0
       1
       0
       0
       1
       3
       1
       0
       2
       3
       4
       0
       2
       2
       0
       2
       0
       1
       2
       1
       2
       3
       0
       0
       2
       0
       1
       0
       3
       0
       1
       2
       1
       0
       0
       1
       0
       0
       1
       1
       0
       2
       0
       0
       0
       1
       1
       1
       1
       0
       1
       1
       0
       0
       1
       2
       0
       2
       0
       1
       0
       0
       1
       1
       1
       0
       0
       0
       0
       0
       1
       0
       1
       0
       1
       1
       1
       1
       0
       1
       0
       0
       0
       2
       1
       0
       1
       1
       0
       1
       0
       0
       0
       0
       0
       0
       0
       1
       0
       0
       0
       0
       1
       0
       1
       1
       0
       0
       0
       0
       0
       0
       0
       0
       0
       0
       0
       0
       0
       0
       0
       0
       0
       0
       0
       0
       0
       0
       0
       0
       0
       0
       0
       0
       0
       0
       0
       0
       0
       0
       0
       0
       0
       0
       0
       0
       0
       0
       0
       0
       0
       0
       0
       0
       0
       0
       0
       0
       0
       0
       0
       0
       0
       0
       0
       0
       0
       0
       0
       0
       0
       0
       0
       0
       0
       0
       0
       0
       0
       0
       0
       0
       0
       0
       0
       0
       0
       0
       0
       0
       0
       0
       0
       0
       0
       0
       0
       0
       0
       0
       0
       0
       1
       0
       0
       0
       0
       0
       0
       0
       0
       0
       0
       0
       0
       0
       0
       0
       0
       0
       0
       0
       0
       0
       0
       0
       1
       0
       0
       0
       0
       0
       0
       0
       0
       0
       0
       0
       0
       0
       0
       0
       0
       0
       0
       0
       0
       0
       0
       0
       0
       0
       0
       0
       0
       0
       0
       0
       0
       0
       0
       0
       0
       0
       0
       0
       0
       0
       0
       0
       0
       0
       0
       0
       0
       0
       0
       0
       0
       0
       0
       0
       0
       0
       0
       0
       0
       0
       0
       0
       0
       0
       0
       0
       0
       0
       0
       0
       0
       0
       0
       0
       0
       0
       0
$ROI:
0
$PRESETS:
Live Time
1200
0
$ENER_FIT:
0.000000 0.000000
$MCA_CAL:
3
0.000000E+000 0.000000E+000 0.000000E+000 
$SHAPE_CAL:
3
0.000000E+000 0.000000E+000 0.000000E+000
