$SPEC_ID:
No sample description was entered.
$SPEC_REM:
DET# 1
DETDESC# PHY-R11-37 MCB 129
AP# Maestro Version 7.01
$DATE_MEA:
11/13/2012 15:42:18
$MEAS_TIM:
39 41
$DATA:
0 2047
       0
       0
       0
       0
       0
       0
       0
       0
       0
       0
       0
       0
       0
       0
       0
       0
       0
       0
       0
       0
       0
       0
       0
       0
       0
       0
       0
       0
       0
       0
       0
       0
       0
       0
       0
       0
       0
       0
       0
       0
       0
       0
       0
       0
       0
       0
       0
       0
       0
       0
       0
       0
       0
       0
       0
       0
       0
       0
       0
       0
       0
       0
       0
       4
       4
       2
      23
     303
     468
     389
     383
     363
     327
     287
     258
     246
     221
     217
     186
     180
     154
     153
     139
     131
     108
     112
     112
      96
      94
      93
     100
     105
      87
      91
      79
      86
      87
      78
      89
      77
      87
      87
      88
      61
      89
      75
      63
      82
      66
      72
      61
      88
      97
      64
      64
      81
      71
      77
      53
      81
      73
      79
      71
      83
      78
      69
      73
      70
      79
      62
      63
      61
      69
      66
      70
      63
      76
      64
      71
      87
      64
      64
      64
      78
      68
      75
      74
      69
      60
      66
      71
      68
      57
      60
      64
      82
      84
      63
      54
      79
      63
      77
      61
      64
      70
      76
      89
      53
      69
      74
      85
      67
      71
      56
      71
      80
      72
      77
      53
      81
      73
      68
      55
      78
      79
      74
      83
      84
      78
      88
      65
      86
      79
      97
      83
      65
      84
     107
      87
      86
      84
     115
      90
     110
     122
     117
     115
     135
     117
     112
     113
     120
     157
     149
     144
     148
     151
     140
     186
     171
     166
     173
     165
     188
     210
     195
     169
     209
     202
     185
     215
     210
     208
     233
     199
     186
     213
     200
     204
     227
     212
     215
     221
     234
     230
     218
     201
     239
     256
     245
     222
     207
     209
     221
     224
     194
     230
     225
     218
     236
     233
     221
     202
     201
     261
     230
     209
     242
     227
     227
     238
     247
     230
     220
     240
     231
     210
     220
     209
     237
     199
     230
     226
     220
     233
     226
     228
     250
     210
     224
     222
     210
     223
     235
     223
     239
     211
     215
     216
     220
     222
     191
     234
     257
     232
     214
     232
     228
     219
     207
     228
     213
     243
     212
     212
     226
     211
     207
     215
     218
     231
     228
     229
     201
     212
     186
     240
     227
     212
     192
     233
     235
     203
     236
     223
     223
     188
     210
     202
     230
     234
     216
     238
     221
     253
     223
     223
     214
     222
     218
     208
     189
     228
     245
     213
     239
     213
     231
     248
     229
     221
     222
     232
     238
     220
     220
     236
     229
     239
     240
     228
     225
     220
     237
     253
     229
     222
     234
     224
     240
     237
     218
     227
     243
     236
     239
     277
     222
     248
     241
     234
     277
     252
     255
     235
     229
     260
     240
     263
     246
     240
     242
     233
     273
     259
     296
     266
     296
     264
     278
     324
     294
     272
     290
     301
     310
     325
     319
     334
     296
     291
     348
     297
     341
     301
     326
     352
     332
     352
     337
     355
     340
     366
     310
     322
     327
     346
     318
     357
     374
     353
     362
     372
     338
     361
     353
     375
     367
     392
     364
     333
     378
     363
     344
     363
     361
     311
     367
     370
     363
     339
     343
     374
     390
     375
     344
     353
     383
     366
     344
     382
     388
     358
     357
     385
     385
     384
     380
     354
     338
     380
     366
     376
     363
     366
     394
     414
     421
     401
     406
     368
     408
     387
     399
     389
     426
     379
     403
     386
     394
     390
     424
     414
     364
     411
     419
     360
     390
     415
     430
     420
     408
     431
     429
     420
     411
     397
     393
     426
     380
     406
     425
     406
     375
     426
     432
     444
     429
     447
     418
     426
     441
     443
     407
     448
     432
     448
     467
     485
     474
     469
     470
     431
     469
     495
     425
     488
     452
     443
     467
     485
     461
     457
     472
     488
     483
     497
     468
     481
     523
     488
     485
     537
     482
     509
     498
     520
     547
     533
     537
     523
     526
     581
     551
     474
     542
     553
     595
     588
     602
     576
     593
     613
     555
     618
     651
     592
     573
     640
     612
     606
     629
     660
     668
     681
     684
     678
     704
     687
     702
     707
     724
     799
     770
     766
     768
     851
     824
     801
     828
     843
     850
     932
     858
     963
     955
     937
     998
    1016
    1003
    1106
    1063
    1151
    1173
    1161
    1266
    1198
    1232
    1249
    1296
    1423
    1531
    1495
    1542
    1527
    1586
    1624
    1658
    1742
    1722
    1806
    1890
    1827
    1902
    1835
    1939
    1943
    1951
    1910
    2151
    2084
    2035
    2106
    2097
    2103
    2155
    2146
    2193
    2145
    2079
    2146
    2109
    2077
    2095
    1975
    2085
    2043
    1991
    1900
    1916
    1875
    1862
    1793
    1787
    1670
    1568
    1605
    1535
    1433
    1357
    1346
    1282
    1181
    1085
     987
    1011
     925
     843
     801
     746
     707
     656
     586
     544
     512
     447
     368
     332
     311
     284
     239
     194
     194
     159
     166
     148
     134
     105
     106
      93
      85
      65
      58
      59
      61
      59
      61
      49
      42
      45
      39
      44
      48
      47
      48
      45
      55
      39
      33
      42
      41
      34
      37
      44
      37
      31
      43
      43
      52
      56
      68
      47
      44
      47
      54
      50
      69
      53
      57
      51
      44
      70
      42
      49
      56
      69
      53
      49
      59
      52
      65
      71
      74
      70
      70
      63
      93
      70
      83
      68
      77
      86
      89
      79
      91
      87
      80
      83
     100
      90
      77
      77
      89
     116
     103
     100
     106
     114
      81
     105
      91
     111
     130
     112
     116
     114
     118
     119
     111
     117
     104
     107
     112
     113
     114
     115
     106
     111
     120
     106
     114
     109
     122
      86
     102
      88
      88
      91
      76
      88
      80
     113
      80
      85
      81
      76
      64
      53
      74
      57
      59
      55
      54
      50
      48
      50
      64
      41
      31
      43
      30
      29
      41
      34
      24
      34
      22
      21
      18
      12
      12
       8
      17
      12
       8
       8
      11
       8
      17
       8
       6
       5
       6
       7
      10
       7
       7
       5
       6
       8
       5
       2
       1
       7
       6
       7
       5
       7
       5
       7
       4
       2
       4
       2
      10
       4
       4
       5
       4
       4
       7
       5
       6
       7
       3
      10
       3
       4
       4
       6
       5
       3
       4
       8
       4
       7
       7
       5
       2
       7
       4
       7
       6
      11
       4
       4
       9
      10
       8
       6
       6
       6
       7
       9
       5
       5
       7
       4
       6
       5
       5
       1
       5
      10
       5
       5
       3
       7
       5
       1
       4
       6
       9
       2
       8
       4
       7
       4
       6
       5
       3
       2
       4
       5
       5
       5
       5
      11
       5
       4
       3
       7
       5
       4
       6
       2
       3
       6
       3
       7
       6
       9
       8
       7
       4
       8
       4
       4
       4
       4
       4
       6
       4
       4
       7
       9
       5
       4
       6
       3
       5
       4
       5
       9
       4
       3
       6
       7
       8
       6
       4
       5
       5
       3
       4
       7
       7
       4
       3
       3
       4
       2
       6
       5
      11
       5
       2
       3
       2
       3
      10
       5
       9
       3
       4
       8
       6
       2
       1
       4
       6
       6
       3
       5
       7
       5
       4
       6
       4
       4
       8
       7
       5
       2
       6
       4
       5
       2
       4
       5
       3
       9
       7
       8
       4
       6
       4
       5
       4
       8
       5
       5
       6
      10
       5
       3
       6
       8
       6
       3
       2
       7
       3
       7
       2
       7
       2
       9
       5
       3
       4
       7
       4
       8
       2
       7
       7
       5
       1
       4
       8
       4
       6
       6
       3
       6
       2
       1
       4
       9
       4
       7
       4
       7
       3
       5
       4
       4
       4
       0
       3
       2
       7
       5
       8
       7
       5
       5
       5
       4
       5
       2
       2
       1
       7
       5
       2
       3
       3
       5
       3
       2
       2
       4
       2
       2
       2
       2
       5
       2
       2
       3
      10
       3
       4
       7
       7
       3
       3
       4
       5
       5
       3
       4
       3
       6
       5
       5
       3
       6
       5
       3
       5
       5
       6
       1
       4
       5
       6
       2
       9
       5
       5
       6
       3
       4
       1
       3
       3
       5
       5
       7
       2
       2
       3
       2
       5
       3
       3
       5
       4
       2
       1
       2
       2
       4
       4
       5
       3
       1
       4
       1
       4
       4
       2
       3
       4
       2
       2
       5
       6
       3
       2
       4
       5
       2
       1
       1
       4
       3
       1
       5
       4
       4
       3
       6
       2
       1
       4
       4
       2
       3
       6
       5
       2
       6
       3
       5
       3
       4
       2
       4
       6
       6
       5
       4
       3
       8
       5
       3
       3
       6
       1
       3
       2
       2
       5
       9
       2
       3
       5
       2
       2
       4
       4
       4
       3
       4
       6
       5
       5
       4
       7
       4
       4
       3
       1
       2
       4
       8
       9
       7
       4
       2
       4
       3
       4
       7
       3
       3
       5
       5
       3
       2
       5
       4
       2
       4
       3
       4
       3
       2
       4
       2
       1
       2
       0
       3
       4
       2
       2
       5
       4
       2
       2
       0
       1
       4
       3
       1
       1
       4
       3
       2
       3
       1
       0
       1
       5
       3
       3
       2
       0
       5
       1
       2
       1
       2
       2
       3
       4
       2
       2
       0
       2
       2
       0
       1
       1
       0
       4
       1
       0
       2
       1
       2
       2
       0
       0
       0
       1
       1
       0
       0
       0
       1
       1
       1
       1
       0
       0
       2
       0
       1
       0
       1
       0
       0
       1
       1
       1
       0
       0
       0
       1
       0
       0
       0
       0
       0
       0
       0
       0
       1
       0
       1
       1
       0
       0
       1
       0
       0
       0
       0
       0
       0
       0
       1
       1
       1
       0
       0
       0
       0
       1
       1
       1
       0
       0
       0
       1
       0
       0
       0
       0
       0
       0
       0
       0
       2
       0
       0
       0
       0
       0
       0
       0
       0
       0
       0
       0
       1
       1
       0
       0
       1
       0
       1
       0
       0
       1
       0
       1
       0
       0
       1
       0
       0
       0
       0
       0
       0
       0
       0
       0
       1
       0
       0
       0
       0
       0
       0
       1
       0
       0
       0
       0
       1
       1
       0
       0
       0
       0
       0
       0
       0
       0
       0
       0
       0
       0
       2
       1
       0
       0
       0
       1
       0
       1
       0
       0
       0
       0
       0
       0
       0
       0
       0
       0
       0
       0
       0
       0
       1
       1
       0
       0
       0
       0
       0
       0
       0
       0
       0
       0
       0
       0
       0
       0
       0
       0
       0
       0
       1
       0
       1
       0
       0
       0
       0
       0
       0
       0
       0
       0
       1
       0
       0
       0
       0
       0
       0
       0
       0
       0
       0
       0
       0
       0
       0
       0
       0
       1
       0
       0
       0
       0
       0
       0
       0
       0
       0
       0
       0
       0
       0
       0
       0
       0
       0
       0
       0
       0
       0
       0
       0
       0
       0
       0
       0
       0
       0
       0
       0
       0
       0
       0
       0
       0
       0
       0
       1
       0
       0
       0
       0
       0
       0
       0
       0
       0
       0
       0
       0
       0
       0
       0
       0
       0
       0
       0
       0
       0
       0
       0
       0
       0
       0
       0
       0
       0
       0
       0
       0
       0
       0
       0
       0
       0
       0
       0
       0
       0
       0
       0
       0
       0
       0
       0
       0
       0
       0
       0
       1
       0
       0
       0
       0
       0
       0
       0
       0
       0
       0
       0
       0
       0
       0
       0
       0
       0
       0
       0
       0
       0
       0
       0
       0
       0
       0
       0
       0
       0
       0
       0
       0
       0
       1
       0
       0
       0
       0
       0
       0
       0
       0
       0
       0
       0
       0
       0
       0
       0
       0
       0
       0
       1
       0
       0
       0
       0
       0
       0
       1
       0
       0
       0
       0
       0
       0
       0
       0
       0
       0
       0
       0
       0
       0
       0
       0
       0
       0
       0
       0
       0
       0
       0
       0
       0
       0
       0
       0
       1
       0
       0
       0
       0
       0
       0
       0
       0
       0
       0
       0
       0
       0
       0
       0
       0
       0
       0
       0
       0
       0
       0
       0
       0
       0
       0
       0
       0
       0
       0
       0
       1
       0
       1
       0
       0
       0
       0
       0
       0
       0
       0
       0
       0
       0
       0
       0
       0
       0
       0
       0
       0
       0
       0
       0
       0
       0
       0
       0
       0
       0
       0
       0
       0
       0
       0
       0
       0
       0
       0
       0
       0
       0
       0
       0
       0
       0
       0
       0
       0
       0
       0
       0
       0
       0
       0
       0
       0
       0
       0
       0
       0
       0
       0
       0
       0
       0
       0
       0
       0
       0
       0
       0
       0
       0
       0
       0
       0
       0
       0
       0
       0
       0
       0
       0
       0
       0
       0
       0
       0
       0
       0
       0
       0
       0
       0
       0
       0
       0
       0
       0
       0
       0
       0
       0
       0
       0
       0
       0
       0
       0
       0
       0
       0
       0
       0
       0
       0
       0
       0
       0
       0
       0
       0
       0
       0
       0
       0
       0
       0
       0
       0
       0
       0
       0
       0
       0
       0
       0
       0
       1
       0
       0
       0
       0
       0
       0
       0
       0
       0
       0
       0
       0
       0
       0
       0
       0
       0
       0
       0
       0
       0
       0
       0
       0
       0
       0
       0
       0
       0
       0
       0
       0
       0
       0
       0
       0
       0
       0
       0
       0
       0
       0
       0
       0
       0
       0
       0
       0
       0
       0
       0
       0
       0
       0
       0
       0
       0
       0
       0
       0
       0
       0
       0
       0
       0
       0
       0
       0
       0
       0
       0
       0
       0
       0
       0
       0
       0
       0
       0
       0
       0
       0
       0
       0
       0
       0
       0
       0
       0
       0
       0
       0
       0
       0
       0
       0
       0
       0
       0
       0
       0
       0
       0
       0
       0
       0
       0
       0
       0
       0
       0
       0
       0
       0
       0
       0
       0
       0
       0
       0
       0
       0
       0
       0
       0
       0
       0
       0
       0
       0
       0
       0
       0
       0
$ROI:
0
$PRESETS:
Live Time
300
0
$ENER_FIT:
0.000000 0.000000
$MCA_CAL:
3
0.000000E+000 0.000000E+000 0.000000E+000 
$SHAPE_CAL:
3
0.000000E+000 0.000000E+000 0.000000E+000
