$SPEC_ID:
No sample description was entered.
$SPEC_REM:
DET# 1
DETDESC# PHY-R11-37 MCB 129
AP# Maestro Version 7.01
$DATE_MEA:
11/22/2012 17:53:59
$MEAS_TIM:
600 601
$DATA:
0 2047
       0
       0
       0
       0
       0
       0
       0
       0
       0
       0
       0
       0
       0
       0
       0
       0
       0
       0
       0
       0
       0
       0
       0
       0
       0
       0
       0
       0
       0
       0
       0
       0
       0
       0
       0
       0
       0
       0
       0
       0
       0
       0
       0
       0
       0
       0
       0
       2
      88
     101
     106
     104
      99
      87
      54
      63
      69
      63
      57
      56
      48
      51
      53
      49
      35
      51
      51
      36
      47
      30
      39
      29
      28
      33
      23
      25
      35
      36
      26
      27
      31
      32
      27
      33
      28
      24
      19
      29
      25
      26
      26
      31
      25
      33
      22
      19
      21
      13
      24
      19
      23
      23
      23
      27
      19
      18
      20
      21
      34
      21
      18
      22
      25
      25
      16
      20
      25
      21
      27
      29
      25
      15
      19
      26
      21
      25
      23
      20
      23
      34
      30
      13
      26
      29
      26
      16
      27
      15
      19
      21
      16
      19
      23
      29
      13
      25
      17
      18
      23
      22
      20
      17
      19
      14
      18
      16
      20
      17
      18
      19
      15
      15
      27
      16
      11
      22
      20
      20
      11
      19
      17
      27
      24
      22
      16
      16
      20
      17
      12
      14
      13
      16
      13
      18
      23
      18
      19
      11
      16
      24
       9
      23
      19
      16
      14
      22
      20
      23
      14
      23
      23
      10
      11
      14
      18
      20
      22
      13
      15
      16
      16
      24
      18
      17
      13
      18
      18
      12
      16
      14
      20
      21
      22
      12
      19
      19
      19
      21
      18
      18
      16
      16
      17
      16
      11
      25
      14
      18
      16
      16
      17
      20
      14
      12
      20
      16
      15
      16
      17
      14
      14
      11
      15
      15
      17
      17
      13
      24
      25
      22
      22
      19
      18
      24
      18
      20
      11
      13
      17
      18
      11
      11
      17
      25
      15
      21
      23
      15
      21
      12
      15
      19
      20
      14
      17
      24
      17
      19
      22
      16
      18
      14
      16
      21
      15
      15
      18
      17
      20
      19
      15
      18
      24
      17
      22
      15
      17
      21
      18
      20
      16
      17
      16
      25
      20
      18
      18
      15
      14
      16
      22
      11
      18
      12
      24
      17
      15
      17
      14
      13
      22
      21
      17
      15
      21
      16
      26
      19
      16
      22
      26
      17
      23
      22
      13
      12
      19
      13
      20
      21
      13
      18
      20
      19
      19
      19
      24
      27
      22
      25
      15
      19
      22
      18
      20
      22
      22
      20
      27
      18
      14
      24
      24
      20
      27
      22
      28
      21
      20
      22
      25
      19
      24
      20
      31
      24
      21
      36
      28
      23
      25
      26
      34
      29
      21
      35
      31
      27
      38
      30
      30
      39
      34
      26
      32
      25
      25
      22
      35
      46
      25
      28
      42
      38
      34
      45
      35
      45
      48
      59
      46
      32
      35
      49
      35
      50
      39
      40
      41
      55
      56
      55
      48
      47
      47
      54
      61
      51
      59
      64
      51
      64
      65
      63
      53
      56
      38
      64
      60
      65
      67
      51
      51
      63
      73
      54
      72
      66
      61
      66
      68
      67
      74
      60
      56
      50
      54
      55
      58
      58
      60
      61
      73
      52
      68
      79
      61
      51
      64
      64
      59
      59
      54
      62
      68
      66
      66
      58
      62
      67
      66
      64
      51
      69
      62
      51
      53
      71
      68
      48
      67
      57
      76
      62
      63
      63
      66
      67
      61
      57
      70
      55
      57
      71
      59
      55
      55
      57
      41
      58
      42
      66
      68
      66
      55
      74
      84
      66
      72
      70
      53
      47
      58
      58
      72
      61
      70
      66
      59
      40
      71
      51
      64
      54
      64
      54
      61
      65
      55
      67
      54
      72
      72
      70
      66
      63
      58
      59
      69
      59
      54
      57
      63
      68
      75
      61
      62
      66
      54
      57
      62
      67
      59
      56
      48
      65
      76
      65
      70
      62
      65
      47
      76
      58
      80
      63
      58
      63
      53
      55
      72
      62
      68
      65
      46
      65
      63
      65
      65
      61
      50
      71
      55
      74
      66
      74
      52
      57
      65
      57
      58
      66
      67
      68
      61
      64
      57
      66
      56
      78
      69
      59
      55
      71
      65
      61
      53
      78
      55
      72
      66
      71
      58
      54
      62
      73
      64
      71
      70
      78
      50
      64
      66
      59
      64
      70
      55
      57
      64
      71
      68
      62
      51
      70
      69
      64
      65
      64
      62
      65
      51
      63
      65
      79
      62
      68
      64
      65
      65
      81
      69
      65
      69
      57
      73
      69
      79
      71
      68
      72
      52
      58
      76
      65
      69
      56
      62
      81
      63
      60
      63
      74
      65
      62
      61
      82
      69
      73
      72
      60
      73
      63
      70
      59
      81
      52
      56
      72
      67
      69
      75
      63
      81
      74
      68
      90
      56
      67
      77
     104
      68
      72
      79
      48
      72
      79
      63
      70
      85
      87
      84
      80
      92
      76
      81
      68
      59
      61
      70
      86
      75
      79
      85
      78
      80
      68
      74
      78
      72
      78
      62
      81
      69
      75
      67
      71
      68
      78
      59
      79
      69
      70
      72
      87
      87
      78
      64
      70
      62
      78
      80
      87
      87
      84
      72
      78
      89
      87
      72
      69
     102
      76
      80
      91
      65
      73
      76
      72
      71
      70
      84
      88
      75
     101
      93
      99
      70
      77
      83
      97
      66
      80
      74
      88
      82
      81
      90
      92
      91
      92
      87
      72
      88
     105
      95
      98
      85
      95
     105
      90
      87
      97
      81
      94
      78
     103
      85
      97
      83
      90
     104
      89
     106
      84
     110
      93
      84
      94
      78
      94
      95
      95
     102
      99
     101
      98
     103
      97
      93
     101
      95
      95
     118
     103
     101
     108
      94
     101
     107
     105
     105
     100
     127
     112
      99
      90
      78
     108
     116
     107
     106
      95
     100
     105
     108
      85
     108
      85
     110
     101
     127
     107
     108
      98
     109
     116
     129
      90
     101
     114
     107
     116
      89
      93
      91
     107
     110
     108
     105
     110
      97
      95
      75
     112
     112
      99
      93
     121
     109
     100
     105
     120
     120
     103
     111
     134
      99
     122
     117
     108
      90
     112
      93
     112
     115
     103
     109
     103
     100
     126
     110
     107
     111
     113
     113
     126
      90
     118
     123
     122
     112
     102
     119
     125
     133
     108
     106
     105
      94
     126
     100
     104
     121
     120
     127
     104
     122
     112
     113
     122
     102
     118
     106
     118
     105
     120
     124
     130
     138
     114
     127
     121
     113
     109
     127
     116
     112
     113
     133
     128
     111
     119
     106
     112
     143
     124
     121
     118
     108
     122
     111
     132
     124
     126
     104
     125
     113
     122
     114
     110
     111
     115
     146
     114
     136
     160
     112
     116
     121
     114
     141
     131
     101
     136
     130
     108
     116
     123
     117
     127
     116
     105
     117
     130
     135
     117
     113
     119
     108
     117
     136
     125
     102
     132
     119
     146
     126
     105
     114
     116
     126
     118
     114
     122
     115
     125
     126
     120
     133
     114
     125
     111
     130
     125
     104
     123
     123
     117
     149
     134
     151
     116
     119
     117
     122
     119
     121
     139
     111
     123
     125
     123
     136
     140
     128
     126
     135
     138
     120
     135
     132
     135
     121
     123
     132
     137
     129
     120
     115
     143
     137
     124
     146
     125
     134
     130
     127
     142
     132
     135
     154
     144
     137
     127
     136
     151
     129
     129
     131
     132
     139
     137
     130
     133
     154
     119
     143
     135
     137
     130
     141
     137
     155
     126
     145
     131
     129
     140
     119
     133
     125
     169
     150
     161
     152
     124
     144
     125
     131
     143
     153
     149
     146
     160
     157
     135
     135
     116
     148
     141
     147
     126
     142
     146
     145
     166
     142
     147
     158
     151
     147
     134
     141
     156
     159
     131
     152
     153
     148
     157
     142
     168
     170
     157
     142
     171
     135
     165
     163
     149
     166
     147
     154
     156
     169
     142
     167
     152
     151
     157
     167
     142
     161
     166
     136
     166
     167
     175
     143
     161
     170
     184
     180
     167
     176
     180
     187
     183
     162
     177
     161
     174
     154
     184
     185
     181
     169
     181
     173
     162
     180
     176
     194
     188
     205
     154
     170
     198
     173
     164
     165
     180
     165
     169
     213
     193
     180
     194
     199
     187
     216
     197
     193
     193
     206
     184
     212
     227
     215
     219
     243
     209
     207
     238
     220
     237
     211
     250
     227
     238
     225
     243
     220
     209
     244
     217
     266
     254
     276
     250
     248
     270
     283
     258
     256
     245
     272
     287
     308
     262
     319
     285
     306
     322
     273
     306
     293
     335
     317
     315
     364
     351
     364
     384
     365
     333
     392
     351
     370
     342
     384
     357
     429
     342
     419
     414
     412
     400
     429
     421
     381
     407
     455
     430
     423
     437
     416
     445
     438
     418
     412
     378
     410
     436
     451
     386
     378
     422
     464
     414
     428
     422
     447
     432
     447
     431
     391
     391
     412
     403
     366
     417
     431
     389
     409
     382
     360
     384
     374
     339
     360
     377
     372
     353
     389
     350
     382
     388
     323
     334
     341
     379
     342
     323
     310
     376
     314
     333
     329
     309
     335
     307
     317
     314
     306
     322
     286
     272
     268
     291
     244
     277
     257
     302
     231
     268
     229
     242
     272
     237
     209
     268
     201
     224
     221
     203
     202
     213
     214
     194
     182
     180
     161
     154
     157
     137
     153
     141
     136
     131
     146
     141
     120
     126
     119
     106
      71
     100
     101
      78
      75
      75
      71
      62
      64
      63
      53
      43
      48
      52
      47
      42
      42
      39
      30
      20
      26
      33
      15
      21
      23
      21
      18
      16
      14
      10
      17
       9
       8
       7
      14
      12
      13
      12
       7
      10
      14
      11
      17
      13
       7
       9
       9
       3
       9
       7
       7
       8
       8
      11
      11
       7
      11
       7
      11
       7
       9
       8
       5
       6
      11
      13
       7
       8
       8
      13
      14
       5
       7
      11
       7
       7
       4
      12
      10
      13
       9
      15
       7
      15
      13
       4
      12
       8
      11
       7
       8
       9
       6
       5
       4
       8
       4
       8
       6
       7
       8
      11
      14
       8
       8
       7
       7
       5
      10
       8
       9
      12
      15
      13
      14
      14
      13
      14
      13
      12
      11
      16
      22
      10
      15
       9
      10
       8
      12
      11
      16
      11
      19
       6
      18
      12
      12
      22
       8
      15
      10
      17
      18
      11
      16
      10
      18
      11
      14
      10
      13
      15
      17
      16
      14
      12
      10
      18
      21
      20
      14
      14
      16
      19
      21
      22
      21
      15
      24
      18
      19
      18
      21
      14
      16
      21
      18
      27
      19
      18
      14
      26
      18
      16
      25
      34
      25
      21
      31
      26
      22
      28
      19
      25
      19
      24
      18
      20
      28
      18
       9
      23
      17
      23
      24
      13
      27
      24
      26
      28
      22
      18
      12
      18
      23
      24
      24
      27
      18
      15
      25
      17
      17
      15
      20
      17
      15
      21
      15
      18
      16
      21
      25
      15
      14
       8
      19
      22
      17
      23
      17
      16
      18
      16
      22
      18
      15
      18
      10
      15
      15
      12
      17
      13
      14
      15
      18
      18
      14
      15
      12
      13
      14
      14
      11
      17
      24
      15
       7
      11
      15
      11
      14
      18
      12
      14
       9
       7
      16
       8
       9
      12
       9
       1
      14
      12
       8
       6
      15
      16
       9
       5
      12
      10
       7
       6
       6
       7
      10
       6
       2
       4
       6
      10
      10
       3
       3
       2
       5
       8
       5
       6
       4
       3
       2
       1
       2
       2
       3
       2
       1
       3
       2
       3
       0
       1
       1
       3
       0
       2
       1
       2
       0
       1
       0
       0
       1
       1
       0
       1
       0
       1
       0
       2
       0
       0
       0
       1
       1
       0
       1
       0
       1
       0
       0
       0
       0
       0
       0
       0
       0
       0
       0
       0
       0
       0
       0
       1
       0
       0
       0
       0
       0
       0
       0
       0
       0
       0
       0
       0
       0
       0
       0
       1
       0
       0
       1
       0
       0
       0
       0
       0
       0
       0
       0
       0
       0
       0
       0
       0
       0
       0
       0
       0
       0
       0
       0
       0
       0
       0
       0
       0
       0
       0
       0
       0
       0
       0
       0
       0
       0
       0
       0
       1
       0
       1
       0
       0
       0
       0
       0
       0
       0
       1
       0
       0
       0
       0
       0
       0
       0
       0
       0
       0
       0
       0
       1
       0
       0
       0
       0
       0
       0
       0
       0
       0
       0
       0
       0
       0
       0
       0
       0
       0
       0
       0
       0
       0
       0
       0
       1
       0
       0
       0
       0
       0
       0
       0
       0
       0
       0
       0
       0
       0
       0
       0
       0
       0
       0
       0
       0
       0
       0
       0
       0
       0
       0
       0
       0
       0
       0
       0
       0
       0
       0
       0
       0
       1
       0
       0
       0
       1
       0
       0
       0
       0
       0
       0
       0
       0
       0
       0
       0
       0
       0
       0
       0
       1
       0
       0
       0
       0
       0
       0
       0
       0
       0
       0
       0
       0
       1
       0
       0
       0
       0
       0
       0
       0
       0
       0
       0
       0
       0
       0
       0
       0
       0
       0
       0
       0
       0
       0
       0
       0
       0
       0
       0
       0
       0
       0
       0
       0
       0
       0
       0
       0
       0
       0
       0
       0
       0
       0
       0
       0
       0
       0
       0
       0
       0
       0
       0
       0
       0
       0
       0
       0
       0
       0
       0
       0
       0
       0
       0
       0
       0
       0
       0
       0
       0
       0
       0
       0
       0
       0
       0
       0
       0
       0
       0
       0
       0
       0
       0
       0
       0
       0
       0
       0
       0
       0
       0
       0
$ROI:
0
$PRESETS:
Live Time
600
0
$ENER_FIT:
0.000000 0.000000
$MCA_CAL:
3
0.000000E+000 0.000000E+000 0.000000E+000 
$SHAPE_CAL:
3
0.000000E+000 0.000000E+000 0.000000E+000
