$SPEC_ID:
No sample description was entered.
$SPEC_REM:
DET# 1
DETDESC# PHY-R11-37 MCB 129
AP# Maestro Version 7.01
$DATE_MEA:
11/22/2012 15:13:13
$MEAS_TIM:
600 630
$DATA:
0 2047
       0
       0
       0
       0
       0
       0
       0
       0
       0
       0
       0
       0
       0
       0
       0
       0
       0
       0
       0
       0
       0
       0
       0
       0
       0
       0
       0
       1
       0
       0
       1
       1
       0
       3
       1
       2
       2
       1
       5
      10
       8
      12
      25
      22
      22
      20
      32
     217
    5185
    5358
    4741
    4208
    3882
    3446
    2995
    2748
    2500
    2262
    1976
    1773
    1635
    1480
    1375
    1307
    1197
    1145
    1031
    1050
     959
     867
     912
     866
     900
     865
     842
     870
     783
     789
     787
     757
     699
     786
     730
     747
     748
     712
     712
     732
     722
     714
     699
     692
     675
     633
     660
     637
     666
     650
     660
     641
     597
     611
     633
     645
     616
     629
     616
     605
     656
     634
     619
     685
     565
     596
     581
     603
     601
     590
     614
     594
     574
     586
     548
     594
     564
     546
     570
     604
     579
     571
     559
     578
     579
     565
     543
     564
     541
     556
     544
     547
     506
     564
     541
     561
     554
     561
     529
     500
     502
     528
     560
     545
     541
     503
     526
     505
     519
     508
     532
     526
     521
     539
     506
     481
     516
     522
     522
     510
     525
     529
     514
     483
     496
     450
     524
     547
     526
     513
     482
     500
     501
     515
     505
     484
     511
     441
     536
     440
     465
     507
     456
     471
     489
     508
     515
     500
     515
     487
     484
     507
     475
     458
     469
     524
     483
     493
     475
     501
     465
     470
     482
     445
     509
     450
     458
     459
     484
     488
     464
     467
     450
     489
     479
     492
     479
     468
     463
     479
     480
     476
     489
     467
     479
     445
     504
     475
     493
     440
     440
     465
     489
     505
     463
     458
     467
     491
     471
     472
     475
     421
     499
     414
     524
     456
     474
     457
     475
     459
     436
     475
     493
     482
     455
     446
     439
     510
     454
     487
     479
     512
     472
     490
     438
     501
     471
     491
     466
     506
     494
     497
     468
     495
     492
     454
     508
     480
     465
     471
     505
     470
     494
     458
     473
     462
     470
     498
     489
     475
     474
     487
     515
     503
     456
     486
     485
     487
     482
     493
     461
     495
     469
     495
     490
     509
     458
     474
     460
     504
     496
     494
     484
     511
     507
     466
     501
     506
     467
     479
     494
     478
     489
     509
     488
     494
     532
     541
     555
     510
     498
     520
     475
     524
     519
     477
     469
     479
     563
     509
     515
     512
     559
     496
     560
     549
     498
     530
     546
     553
     617
     572
     533
     580
     605
     571
     598
     594
     590
     610
     652
     602
     610
     671
     672
     643
     607
     667
     673
     655
     755
     708
     717
     677
     768
     739
     691
     776
     777
     783
     802
     815
     869
     790
     837
     873
     851
     897
     865
     881
     858
     889
     950
     903
     924
     922
     976
     951
    1002
    1062
     956
    1008
    1024
    1099
    1058
    1108
    1070
    1100
    1183
    1139
    1185
    1197
    1228
    1256
    1246
    1281
    1298
    1354
    1312
    1285
    1338
    1372
    1413
    1472
    1412
    1444
    1479
    1516
    1554
    1479
    1526
    1549
    1535
    1491
    1546
    1655
    1563
    1589
    1638
    1642
    1656
    1639
    1681
    1710
    1602
    1656
    1656
    1720
    1688
    1649
    1618
    1715
    1672
    1627
    1700
    1636
    1682
    1716
    1662
    1774
    1677
    1753
    1703
    1677
    1630
    1694
    1613
    1692
    1673
    1690
    1650
    1708
    1630
    1736
    1691
    1680
    1659
    1673
    1635
    1675
    1742
    1634
    1696
    1631
    1650
    1771
    1672
    1680
    1702
    1656
    1680
    1646
    1682
    1652
    1671
    1769
    1751
    1747
    1679
    1731
    1655
    1718
    1698
    1706
    1739
    1624
    1654
    1734
    1709
    1719
    1771
    1709
    1729
    1706
    1680
    1671
    1735
    1654
    1737
    1765
    1724
    1735
    1729
    1691
    1774
    1788
    1777
    1675
    1719
    1690
    1700
    1762
    1695
    1774
    1751
    1691
    1788
    1709
    1724
    1711
    1712
    1707
    1665
    1695
    1671
    1720
    1748
    1741
    1699
    1668
    1693
    1758
    1748
    1717
    1723
    1755
    1672
    1725
    1689
    1792
    1679
    1780
    1754
    1757
    1663
    1739
    1672
    1714
    1794
    1756
    1677
    1697
    1685
    1701
    1708
    1710
    1756
    1642
    1704
    1709
    1688
    1674
    1757
    1767
    1782
    1689
    1772
    1804
    1706
    1753
    1692
    1785
    1741
    1795
    1758
    1737
    1728
    1757
    1761
    1794
    1770
    1710
    1766
    1788
    1743
    1758
    1740
    1775
    1709
    1732
    1847
    1728
    1794
    1787
    1757
    1768
    1827
    1763
    1776
    1779
    1748
    1794
    1761
    1844
    1847
    1844
    1902
    1846
    1795
    1801
    1792
    1743
    1757
    1783
    1850
    1879
    1785
    1874
    1814
    1806
    1898
    1750
    1855
    1812
    1902
    1886
    1775
    1858
    1890
    1838
    1859
    1899
    1809
    1846
    1830
    1923
    1814
    1874
    1842
    1850
    1912
    1813
    1891
    1916
    1909
    1854
    1816
    1968
    1842
    1860
    1903
    1936
    1893
    1917
    1905
    1874
    1875
    1900
    1961
    1863
    1942
    1887
    1829
    1882
    1910
    1928
    1980
    1880
    1990
    1887
    1923
    1893
    1894
    1954
    1916
    1932
    2007
    1966
    1921
    1926
    1981
    1978
    1995
    2018
    1931
    1906
    2022
    1979
    1930
    2065
    1921
    2022
    1983
    1968
    1940
    1978
    1995
    2031
    1989
    2094
    1983
    2136
    1949
    2096
    1964
    2053
    2028
    2019
    2031
    2064
    2124
    2036
    2084
    2082
    2041
    2011
    2070
    2076
    2041
    2056
    2069
    2048
    2158
    2161
    2184
    2077
    2204
    2152
    2194
    2166
    2141
    2117
    2218
    2197
    2102
    2139
    2147
    2130
    2140
    2239
    2179
    2132
    2168
    2188
    2218
    2225
    2330
    2215
    2211
    2254
    2160
    2247
    2321
    2360
    2244
    2165
    2275
    2360
    2227
    2278
    2275
    2401
    2285
    2346
    2357
    2359
    2374
    2428
    2376
    2416
    2405
    2480
    2370
    2398
    2341
    2345
    2323
    2414
    2470
    2380
    2467
    2531
    2413
    2502
    2439
    2477
    2596
    2460
    2525
    2590
    2523
    2527
    2549
    2567
    2582
    2581
    2651
    2753
    2692
    2665
    2660
    2743
    2624
    2719
    2660
    2798
    2658
    2707
    2735
    2767
    2680
    2793
    2763
    2719
    2720
    2781
    2821
    2784
    2774
    2782
    2765
    2759
    2771
    2773
    2692
    2796
    2836
    2915
    2762
    2850
    2929
    2802
    2789
    2816
    2871
    2983
    2886
    2778
    2887
    2901
    2902
    2960
    2877
    2948
    2899
    2954
    2888
    2870
    2885
    2840
    2931
    2907
    2992
    2868
    2883
    3014
    2942
    2906
    2945
    2905
    2903
    2937
    2911
    2919
    2821
    2905
    2976
    2955
    2949
    3001
    2918
    3065
    3069
    3012
    2953
    3067
    3166
    2962
    2944
    3144
    3148
    3069
    3010
    3095
    3042
    3143
    2998
    3160
    3063
    3117
    3039
    3128
    3087
    3190
    3103
    3073
    3116
    3083
    3065
    3086
    3114
    3171
    3116
    3086
    3279
    3159
    3209
    3227
    3146
    3213
    3252
    3190
    3263
    3233
    3165
    3258
    3282
    3207
    3339
    3192
    3199
    3298
    3205
    3164
    3223
    3210
    3318
    3211
    3261
    3266
    3280
    3191
    3376
    3319
    3261
    3268
    3320
    3269
    3324
    3209
    3335
    3253
    3418
    3372
    3256
    3268
    3304
    3413
    3273
    3369
    3353
    3339
    3361
    3293
    3323
    3415
    3305
    3272
    3377
    3399
    3291
    3347
    3351
    3405
    3426
    3347
    3471
    3443
    3369
    3446
    3354
    3403
    3406
    3441
    3451
    3370
    3306
    3334
    3412
    3387
    3392
    3381
    3427
    3356
    3436
    3437
    3512
    3465
    3450
    3446
    3536
    3441
    3440
    3420
    3524
    3382
    3415
    3344
    3426
    3393
    3595
    3491
    3490
    3509
    3426
    3384
    3528
    3500
    3503
    3400
    3538
    3606
    3547
    3514
    3554
    3443
    3469
    3494
    3433
    3531
    3481
    3446
    3514
    3621
    3613
    3496
    3590
    3434
    3560
    3543
    3538
    3661
    3538
    3591
    3504
    3612
    3621
    3615
    3668
    3524
    3511
    3534
    3613
    3606
    3614
    3624
    3618
    3626
    3599
    3498
    3573
    3669
    3603
    3610
    3615
    3643
    3736
    3701
    3720
    3754
    3704
    3686
    3722
    3707
    3770
    3736
    3706
    3848
    3742
    3636
    3771
    3761
    3756
    3731
    3745
    3745
    3815
    3709
    3782
    3896
    3827
    3842
    3807
    3851
    3828
    3837
    3836
    3790
    3818
    3947
    3828
    3876
    3827
    3871
    3950
    3845
    3969
    4065
    3917
    3946
    3850
    3924
    3907
    3898
    4067
    3838
    3878
    3992
    3953
    3874
    3970
    4045
    4066
    4008
    4118
    4028
    4165
    4080
    4039
    4089
    4183
    4112
    4166
    4100
    4151
    4300
    4177
    4148
    4309
    4123
    4366
    4256
    4217
    4227
    4198
    4271
    4373
    4206
    4345
    4247
    4359
    4241
    4340
    4479
    4437
    4359
    4427
    4433
    4388
    4451
    4437
    4555
    4521
    4516
    4552
    4556
    4536
    4573
    4578
    4573
    4580
    4813
    4580
    4675
    4719
    4774
    4769
    4649
    4759
    4813
    5037
    4810
    4745
    4831
    4962
    4824
    4893
    5050
    4903
    4964
    4973
    5090
    5247
    5165
    5035
    5133
    5106
    5233
    5134
    5215
    5216
    5241
    5289
    5396
    5279
    5415
    5457
    5295
    5560
    5692
    5565
    5549
    5657
    5600
    5757
    5875
    5846
    5852
    5844
    5988
    5936
    6056
    6094
    6163
    6348
    6218
    6222
    6310
    6414
    6318
    6513
    6639
    6716
    6496
    6716
    6926
    6926
    7028
    6922
    7305
    7098
    7467
    7420
    7549
    7615
    7670
    7736
    7821
    8000
    8081
    8197
    8300
    8310
    8517
    8460
    8653
    8757
    8800
    8832
    9136
    9258
    9318
    9359
    9575
    9565
    9800
    9835
    9971
    9862
   10208
   10252
   10160
   10370
   10583
   10622
   10800
   10920
   10925
   10815
   10958
   11028
   11170
   11064
   11240
   11270
   11309
   11474
   11318
   11597
   11683
   11709
   11510
   11423
   11574
   11649
   11560
   11468
   11486
   11549
   11429
   11592
   11313
   11327
   11324
   11171
   11359
   11283
   11303
   11100
   11213
   10844
   10952
   10884
   10669
   10773
   10448
   10541
   10836
   10352
   10375
   10209
   10241
   10104
    9991
    9897
    9835
    9792
    9671
    9602
    9431
    9436
    9380
    9055
    9193
    9001
    9055
    8744
    8483
    8569
    8488
    8357
    8273
    8232
    8071
    7878
    7728
    7878
    7688
    7469
    7339
    7233
    7026
    6930
    6985
    6773
    6623
    6497
    6464
    6125
    6145
    5895
    5945
    5709
    5653
    5555
    5310
    5091
    5036
    4902
    4648
    4479
    4454
    4288
    4150
    4185
    3987
    3823
    3631
    3409
    3390
    3150
    3104
    2898
    2872
    2642
    2495
    2344
    2336
    2099
    2110
    1964
    1889
    1829
    1742
    1592
    1486
    1411
    1315
    1247
    1120
    1058
     966
     870
     888
     825
     788
     706
     648
     617
     582
     577
     556
     509
     459
     421
     419
     415
     398
     371
     386
     369
     327
     367
     320
     314
     309
     312
     310
     320
     285
     316
     329
     281
     276
     302
     279
     298
     284
     305
     302
     293
     305
     289
     270
     271
     299
     330
     288
     306
     292
     281
     341
     303
     257
     315
     303
     313
     295
     295
     312
     301
     264
     292
     304
     273
     309
     305
     287
     296
     302
     309
     293
     326
     319
     300
     306
     294
     333
     351
     317
     307
     332
     306
     312
     324
     332
     344
     370
     333
     303
     348
     311
     308
     331
     315
     336
     328
     344
     351
     365
     358
     376
     357
     381
     337
     326
     376
     377
     392
     368
     360
     400
     357
     408
     420
     393
     414
     445
     415
     385
     418
     385
     410
     408
     430
     421
     440
     446
     436
     446
     487
     425
     431
     462
     490
     487
     473
     443
     441
     463
     503
     513
     481
     497
     475
     469
     554
     530
     545
     570
     499
     499
     529
     552
     521
     561
     513
     563
     616
     591
     608
     588
     563
     601
     575
     580
     604
     608
     585
     612
     581
     573
     565
     574
     581
     658
     602
     653
     616
     586
     630
     594
     612
     628
     624
     576
     580
     614
     617
     574
     593
     579
     579
     628
     617
     586
     588
     586
     576
     569
     557
     569
     569
     563
     583
     569
     546
     549
     537
     566
     531
     525
     520
     535
     532
     559
     543
     467
     467
     507
     522
     497
     478
     482
     510
     514
     475
     455
     474
     454
     446
     481
     472
     489
     462
     429
     412
     422
     410
     403
     419
     429
     396
     400
     408
     433
     386
     360
     387
     356
     356
     359
     350
     321
     355
     350
     372
     345
     332
     287
     306
     309
     298
     302
     298
     263
     245
     261
     257
     272
     246
     253
     267
     247
     224
     241
     229
     222
     174
     184
     220
     185
     175
     185
     191
     184
     181
     158
     166
     180
     134
     137
     173
     126
     127
     114
     132
     114
     117
      88
      93
      96
      90
      89
      82
      91
      58
      74
      69
      63
      66
      61
      50
      54
      57
      46
      56
      53
      60
      45
      47
      45
      39
      51
      48
      38
      37
      41
      47
      37
      55
      45
      34
      37
      45
      48
      44
      34
      31
      39
      31
      50
      35
      34
      36
      28
      32
      29
      33
      47
      45
      27
      37
      40
      45
      39
      52
      42
      25
      31
      36
      44
      36
      35
      43
      25
      34
      29
      28
      34
      48
      35
      24
      26
      33
      42
      43
      34
      36
      38
      28
      32
      35
      34
      34
      37
      36
      39
      48
      37
      43
      40
      30
      33
      45
      40
      37
      38
      38
      46
      35
      33
      41
      40
      31
      30
      32
      34
      34
      40
      38
      32
      36
      35
      29
      31
      32
      46
      38
      31
      43
      35
      34
      44
      25
      43
      37
      31
      33
      43
      28
      27
      28
      42
      29
      39
      36
      38
      28
      39
      28
      35
      46
      31
      31
      35
      33
      48
      37
      30
      35
      40
      33
      30
      32
      34
      49
      22
      34
      28
      37
      32
      28
      32
      36
      37
      29
      30
      29
      34
      29
      37
      38
      49
      35
      29
      43
      35
      44
      44
      33
      27
      37
      30
      24
      31
      34
      30
      47
      31
      43
      33
      27
      37
      37
      32
      32
      34
      27
      31
      32
      33
      40
      30
      26
      27
      36
      23
      32
      21
      43
      26
      21
      37
      31
      32
      33
      30
      29
      25
      35
      25
      29
      44
      29
      27
      32
      38
      35
      38
      32
      34
      33
      32
      23
      31
      31
      39
      27
      37
      29
      29
      36
      29
      32
      36
      32
      28
      30
      25
      27
      19
      14
      15
      13
      16
      10
      13
       8
       9
       6
       6
       7
       8
       3
       1
       2
       1
       1
       2
       1
       0
       0
       0
       1
       0
       1
       0
       0
       0
       0
       0
       0
       0
       0
       0
       0
       0
       0
       0
       0
       0
       0
       0
       0
       0
       0
       0
       0
       0
       0
       0
       0
       0
       0
       0
       0
       0
       0
       0
       0
       0
       0
       0
       0
       0
       0
       0
       0
       0
       0
       0
       0
       0
       0
       0
       0
       0
       0
       0
$ROI:
0
$PRESETS:
Live Time
600
0
$ENER_FIT:
0.000000 0.000000
$MCA_CAL:
3
0.000000E+000 0.000000E+000 0.000000E+000 
$SHAPE_CAL:
3
0.000000E+000 0.000000E+000 0.000000E+000
