$SPEC_ID:
No sample description was entered.
$SPEC_REM:
DET# 1
DETDESC# PHY-R11-37 MCB 129
AP# Maestro Version 7.01
$DATE_MEA:
11/22/2012 15:52:27
$MEAS_TIM:
600 616
$DATA:
0 2047
       0
       0
       0
       0
       0
       0
       0
       0
       0
       0
       0
       0
       0
       0
       0
       0
       0
       0
       0
       0
       0
       0
       0
       0
       0
       0
       0
       0
       0
       0
       0
       0
       0
       0
       0
       0
       1
       0
       6
       4
       4
       6
       6
       5
       9
       6
      10
      72
    1590
    1540
    1450
    1303
    1189
    1086
    1051
    1018
     901
     897
     779
     745
     721
     670
     629
     644
     583
     610
     577
     569
     535
     556
     524
     522
     513
     481
     484
     465
     456
     478
     442
     421
     467
     442
     433
     447
     426
     438
     417
     428
     398
     405
     421
     388
     416
     407
     408
     361
     409
     348
     382
     404
     374
     372
     326
     381
     342
     401
     349
     330
     379
     395
     333
     346
     358
     328
     357
     338
     343
     343
     327
     356
     344
     349
     330
     342
     305
     309
     329
     302
     313
     330
     340
     339
     340
     297
     340
     333
     335
     314
     311
     355
     320
     284
     306
     340
     330
     331
     314
     331
     332
     304
     302
     284
     302
     301
     303
     304
     320
     346
     301
     278
     294
     321
     287
     319
     297
     317
     293
     292
     315
     307
     314
     295
     296
     246
     301
     264
     259
     290
     326
     312
     292
     286
     303
     281
     302
     272
     285
     306
     287
     267
     302
     288
     279
     298
     306
     265
     299
     285
     277
     272
     267
     292
     274
     293
     288
     273
     274
     269
     287
     270
     300
     278
     286
     266
     276
     295
     286
     300
     271
     269
     267
     278
     295
     276
     301
     275
     304
     250
     265
     279
     269
     258
     303
     278
     288
     300
     266
     278
     279
     272
     287
     246
     272
     270
     271
     285
     239
     273
     269
     274
     298
     260
     257
     270
     256
     272
     267
     265
     267
     283
     261
     255
     294
     261
     254
     288
     271
     281
     276
     270
     285
     272
     247
     277
     275
     273
     279
     270
     256
     271
     252
     280
     293
     280
     277
     267
     280
     289
     295
     290
     289
     264
     277
     295
     269
     291
     298
     272
     247
     263
     312
     272
     310
     256
     270
     259
     343
     290
     270
     306
     301
     288
     308
     236
     270
     294
     298
     259
     263
     302
     286
     290
     277
     295
     307
     279
     283
     285
     255
     319
     302
     315
     290
     283
     281
     296
     299
     320
     290
     311
     313
     336
     290
     278
     302
     317
     300
     278
     301
     285
     299
     277
     326
     291
     304
     308
     307
     310
     318
     339
     281
     318
     314
     350
     315
     316
     349
     339
     375
     321
     336
     372
     332
     377
     394
     387
     370
     379
     393
     375
     423
     459
     410
     433
     449
     467
     434
     481
     457
     457
     472
     472
     476
     503
     492
     503
     506
     505
     503
     526
     540
     574
     513
     507
     596
     564
     571
     604
     585
     596
     634
     613
     628
     665
     648
     647
     699
     645
     669
     675
     673
     715
     748
     734
     781
     748
     767
     804
     754
     751
     832
     793
     828
     837
     889
     851
     947
     901
     896
     918
     898
     948
     980
     944
     947
     959
     986
     980
    1010
     928
     980
    1005
     982
     963
     966
     937
    1054
    1030
    1010
    1018
     965
     948
     998
    1017
     989
    1040
     998
     980
    1067
    1029
    1028
    1017
    1035
    1007
     989
     992
    1046
    1021
    1020
    1004
    1024
    1065
     933
     987
     972
    1090
     930
    1049
    1018
    1015
     989
    1013
     943
    1035
    1006
    1006
    1035
    1014
    1043
     977
     992
    1035
     992
    1021
    1013
     988
     982
     976
    1000
    1025
     973
     964
     982
    1054
    1072
     972
    1030
    1026
    1041
     990
     986
     930
    1018
    1042
     990
     999
    1019
    1008
    1028
    1022
    1026
     978
    1022
    1010
    1018
    1070
    1008
     961
    1015
    1060
     989
    1077
    1048
    1034
    1025
    1041
    1076
    1032
    1047
     989
    1073
    1041
    1058
     954
    1020
     998
    1092
     985
     987
     984
    1074
     983
     985
    1032
    1009
    1026
     998
     986
     999
    1023
    1038
    1038
    1000
    1034
     957
    1046
    1066
    1067
    1018
    1027
    1030
     979
     968
    1041
    1004
    1022
    1039
     954
    1043
    1028
    1003
     985
    1032
     993
     975
    1045
    1069
    1036
    1013
    1029
    1055
    1007
    1056
    1037
    1034
    1063
    1082
    1035
    1031
     991
    1073
    1002
    1024
    1000
    1089
    1001
    1096
    1073
    1064
    1075
    1013
    1117
    1006
    1025
    1071
    1088
    1064
    1032
    1112
    1034
    1038
    1060
    1036
    1026
    1097
    1033
    1106
    1065
    1040
    1053
    1141
    1029
    1063
    1059
    1067
    1105
    1029
    1104
    1099
    1032
    1089
    1105
    1144
    1096
    1114
    1030
    1074
    1111
    1028
    1099
    1107
    1090
    1112
    1118
    1108
    1091
    1104
    1103
    1112
    1051
    1045
    1131
    1086
    1131
    1111
    1075
    1112
    1162
    1127
    1088
    1133
    1195
    1150
    1119
    1106
    1080
    1141
    1111
    1111
    1138
    1097
    1169
    1128
    1100
    1150
    1130
    1124
    1126
    1165
    1149
    1092
    1189
    1166
    1122
    1186
    1142
    1156
    1164
    1206
    1131
    1123
    1197
    1165
    1151
    1188
    1152
    1271
    1160
    1102
    1168
    1244
    1227
    1203
    1208
    1198
    1246
    1183
    1110
    1203
    1210
    1218
    1212
    1272
    1228
    1211
    1214
    1292
    1211
    1269
    1166
    1213
    1264
    1273
    1280
    1245
    1242
    1257
    1211
    1202
    1225
    1268
    1226
    1284
    1226
    1231
    1304
    1218
    1212
    1255
    1261
    1318
    1282
    1285
    1296
    1271
    1285
    1271
    1293
    1309
    1320
    1296
    1331
    1334
    1298
    1335
    1343
    1340
    1384
    1323
    1357
    1322
    1386
    1354
    1276
    1325
    1356
    1327
    1390
    1308
    1366
    1363
    1369
    1400
    1455
    1412
    1395
    1443
    1417
    1372
    1339
    1407
    1401
    1461
    1421
    1388
    1440
    1418
    1435
    1416
    1447
    1505
    1404
    1436
    1459
    1512
    1459
    1506
    1468
    1495
    1512
    1495
    1563
    1408
    1521
    1534
    1536
    1571
    1522
    1514
    1648
    1626
    1547
    1601
    1561
    1540
    1584
    1659
    1580
    1639
    1594
    1679
    1657
    1609
    1651
    1626
    1595
    1630
    1688
    1620
    1668
    1636
    1652
    1657
    1711
    1737
    1631
    1632
    1696
    1737
    1730
    1703
    1682
    1711
    1609
    1707
    1719
    1674
    1689
    1624
    1734
    1669
    1648
    1787
    1712
    1721
    1655
    1692
    1667
    1718
    1779
    1667
    1712
    1698
    1695
    1675
    1763
    1744
    1758
    1775
    1742
    1726
    1798
    1724
    1717
    1801
    1669
    1851
    1802
    1755
    1773
    1733
    1759
    1760
    1759
    1732
    1782
    1735
    1743
    1795
    1745
    1793
    1790
    1786
    1751
    1774
    1836
    1786
    1825
    1836
    1816
    1783
    1838
    1748
    1870
    1835
    1868
    1872
    1814
    1859
    1763
    1837
    1833
    1910
    1891
    1913
    1861
    1902
    1817
    1856
    1862
    1850
    2004
    1919
    1939
    1912
    1929
    1964
    1937
    1898
    1916
    1866
    1928
    1941
    1938
    1924
    1913
    1967
    1991
    1956
    1951
    2015
    1945
    1970
    1875
    1891
    1943
    1897
    1930
    1953
    1915
    1938
    1997
    1917
    1981
    1932
    1916
    1953
    1855
    1980
    1945
    2041
    2038
    2007
    1951
    1978
    1990
    2045
    1948
    1934
    1977
    2087
    1956
    1992
    1956
    1991
    2029
    2032
    2049
    2098
    1942
    1992
    2095
    2008
    1992
    2040
    1963
    1995
    2006
    1947
    2149
    1992
    2060
    2023
    1977
    2054
    2092
    2086
    2037
    2010
    2079
    2029
    2055
    2085
    2013
    2149
    1998
    2066
    2163
    2057
    2016
    2053
    2189
    2006
    2112
    2079
    2069
    2015
    2038
    2079
    2035
    2166
    2004
    2086
    2095
    2188
    2121
    2094
    2101
    2111
    2150
    2077
    2201
    2031
    1935
    2137
    2143
    2131
    2149
    2138
    2086
    2116
    2082
    2075
    2172
    2090
    2043
    2061
    2139
    2082
    2143
    2199
    2155
    2079
    2116
    2146
    2186
    2152
    2152
    2198
    2217
    2087
    2151
    2226
    2165
    2129
    2106
    2197
    2202
    2232
    2222
    2110
    2183
    2108
    2211
    2137
    2120
    2207
    2250
    2183
    2161
    2195
    2171
    2193
    2213
    2156
    2251
    2240
    2179
    2293
    2210
    2302
    2192
    2206
    2190
    2304
    2214
    2308
    2334
    2332
    2220
    2268
    2290
    2366
    2352
    2310
    2276
    2285
    2303
    2321
    2356
    2344
    2406
    2407
    2349
    2374
    2397
    2415
    2394
    2474
    2325
    2362
    2324
    2298
    2344
    2310
    2351
    2320
    2384
    2381
    2476
    2446
    2432
    2409
    2478
    2593
    2527
    2502
    2379
    2566
    2456
    2445
    2456
    2434
    2465
    2540
    2552
    2507
    2586
    2592
    2548
    2531
    2629
    2545
    2580
    2601
    2539
    2568
    2636
    2584
    2599
    2520
    2556
    2620
    2658
    2701
    2623
    2686
    2733
    2737
    2772
    2705
    2810
    2664
    2747
    2700
    2760
    2695
    2777
    2784
    2802
    2784
    2774
    2863
    2803
    2932
    2894
    2928
    2898
    2846
    3028
    3067
    3034
    3046
    2961
    2983
    3048
    2948
    2947
    3005
    3107
    3152
    3028
    2997
    3114
    3181
    3182
    3186
    3167
    3280
    3211
    3232
    3346
    3235
    3201
    3346
    3389
    3375
    3374
    3458
    3426
    3443
    3516
    3485
    3538
    3623
    3543
    3548
    3613
    3674
    3727
    3752
    3813
    3817
    4023
    4006
    4070
    4028
    4021
    4107
    4005
    4256
    4196
    4248
    4351
    4353
    4450
    4482
    4557
    4652
    4515
    4793
    4854
    4851
    4850
    4993
    4993
    5076
    5262
    5270
    5255
    5298
    5356
    5448
    5557
    5617
    5552
    5602
    5785
    5796
    5891
    6158
    5994
    6086
    6092
    6246
    6367
    6488
    6348
    6420
    6414
    6550
    6599
    6710
    6745
    6664
    6799
    6745
    6666
    6781
    6835
    6916
    6888
    6937
    6989
    6884
    6922
    6959
    6778
    7016
    6868
    6962
    6920
    6782
    6825
    6798
    6735
    6659
    6703
    6686
    6728
    6738
    6469
    6517
    6696
    6450
    6532
    6346
    6465
    6371
    6247
    6337
    6066
    6233
    6032
    6202
    6014
    6078
    5924
    5890
    5706
    5799
    5671
    5549
    5714
    5553
    5529
    5500
    5394
    5344
    5319
    5277
    5153
    5100
    4962
    5080
    4877
    4752
    4840
    4872
    4592
    4708
    4542
    4478
    4456
    4371
    4253
    4108
    4240
    4089
    3964
    4028
    3794
    3783
    3636
    3654
    3407
    3491
    3392
    3279
    3227
    3296
    3077
    2932
    2797
    2827
    2615
    2636
    2522
    2408
    2465
    2219
    2216
    2057
    2080
    1923
    1883
    1853
    1735
    1676
    1544
    1504
    1447
    1354
    1162
    1172
    1135
    1075
    1009
     949
     856
     818
     776
     678
     642
     616
     557
     540
     509
     461
     422
     423
     399
     324
     352
     287
     282
     293
     248
     260
     232
     229
     249
     231
     240
     204
     189
     178
     180
     189
     179
     163
     174
     159
     165
     149
     176
     182
     157
     187
     170
     171
     166
     169
     177
     148
     167
     166
     164
     165
     163
     165
     153
     137
     177
     174
     181
     181
     173
     155
     156
     177
     160
     164
     156
     174
     174
     161
     158
     156
     172
     163
     174
     155
     186
     196
     167
     192
     181
     183
     169
     156
     162
     199
     179
     166
     187
     199
     200
     173
     183
     183
     174
     187
     189
     196
     202
     174
     185
     190
     201
     211
     213
     187
     196
     193
     199
     203
     221
     204
     216
     199
     199
     212
     224
     201
     194
     224
     217
     227
     232
     240
     250
     221
     222
     235
     249
     216
     253
     225
     240
     246
     268
     222
     273
     250
     250
     285
     264
     253
     262
     257
     255
     267
     295
     277
     297
     277
     277
     319
     311
     306
     323
     329
     325
     323
     329
     334
     307
     313
     306
     355
     336
     329
     373
     349
     318
     324
     348
     332
     383
     387
     337
     356
     360
     314
     355
     335
     368
     396
     356
     369
     350
     346
     372
     375
     354
     327
     339
     357
     341
     365
     328
     370
     352
     354
     349
     358
     297
     351
     341
     329
     348
     322
     358
     302
     312
     298
     313
     310
     314
     306
     336
     344
     322
     287
     333
     297
     326
     296
     311
     300
     262
     302
     315
     322
     306
     263
     287
     304
     289
     250
     262
     302
     287
     291
     270
     258
     235
     257
     262
     238
     219
     226
     233
     234
     230
     249
     243
     210
     241
     239
     245
     235
     209
     181
     222
     219
     238
     223
     180
     178
     213
     180
     173
     203
     199
     203
     165
     180
     175
     184
     135
     154
     162
     154
     132
     144
     140
     133
     126
     132
     109
     125
     120
      90
     105
     114
     114
     107
     106
      98
     109
      69
      83
     106
      78
      70
      64
      52
      62
      70
      70
      46
      46
      58
      54
      38
      40
      38
      43
      46
      41
      39
      28
      28
      28
      31
      40
      20
      28
      25
      23
      33
      20
      18
      19
      16
      22
      19
       8
      25
      10
      16
      15
      16
      15
      12
      15
      11
      11
      11
      13
      14
      23
       5
       8
       9
       9
       9
      12
      12
      19
      11
      17
      11
      18
      17
      16
      21
      14
      17
       9
      15
      14
      13
      12
      20
      17
      22
      10
      13
      11
      13
      10
      17
       8
      13
      13
      17
      15
      12
      15
       9
      16
      14
       9
      16
      17
      13
      12
      16
      19
       9
      15
      16
      13
      13
      11
       8
      18
      14
       9
      18
      12
      14
      11
      16
      11
      15
       9
      16
      11
       8
      12
       8
       9
      13
       9
      10
       7
      18
      12
      12
      12
       7
      10
      19
       8
      11
      22
       7
      16
      16
      20
       8
      13
      14
      15
      16
      11
      11
      19
      18
      19
      17
       7
       9
       9
      10
      13
      12
       7
      11
      15
       9
      11
      11
      11
       9
      21
      10
      12
       9
       9
      17
      15
      11
      13
      10
       9
       6
      15
      12
       5
      13
      12
      10
      13
      12
      11
      12
       8
       6
      11
      11
      16
       7
      18
      10
       8
      19
       7
      11
      10
      15
       6
      10
      13
      10
       6
       5
       9
       7
       9
       8
      13
      10
      10
      12
      11
      16
       6
      12
       9
      13
       8
      13
      13
      16
      17
      11
      10
      10
      16
      12
      12
       9
       8
       7
      10
      20
      17
       8
      16
      15
      13
      11
       4
      14
       6
       7
       8
      12
      18
      16
      11
      13
       5
      10
       4
       5
       7
       6
       6
       6
       3
       6
       3
       4
       5
       0
       0
       2
       1
       0
       0
       0
       0
       0
       0
       0
       0
       0
       0
       0
       0
       0
       0
       0
       0
       0
       0
       0
       0
       0
       0
       0
       0
       0
       0
       0
       0
       0
       0
       0
       0
       0
       0
       0
       0
       0
       0
       0
       0
       0
       0
       0
       0
       0
       0
       0
       0
       0
       0
       0
       0
       0
       0
       0
       0
       0
       0
       0
       0
       0
       0
       0
       0
$ROI:
0
$PRESETS:
Live Time
600
0
$ENER_FIT:
0.000000 0.000000
$MCA_CAL:
3
0.000000E+000 0.000000E+000 0.000000E+000 
$SHAPE_CAL:
3
0.000000E+000 0.000000E+000 0.000000E+000
