$SPEC_ID:
No sample description was entered.
$SPEC_REM:
DET# 1
DETDESC# PHY-R11-37 MCB 129
AP# Maestro Version 7.01
$DATE_MEA:
11/22/2012 17:40:54
$MEAS_TIM:
600 601
$DATA:
0 2047
       0
       0
       0
       0
       0
       0
       0
       0
       0
       0
       0
       0
       0
       0
       0
       0
       0
       0
       0
       0
       0
       0
       0
       0
       0
       0
       0
       0
       0
       0
       0
       0
       0
       0
       0
       0
       0
       0
       0
       0
       0
       0
       0
       1
       0
       0
       0
       4
     120
     134
     118
     139
     118
     108
     101
      89
      85
      83
      71
      80
      55
      64
      65
      64
      62
      57
      63
      47
      46
      48
      44
      58
      62
      45
      55
      53
      37
      30
      41
      36
      30
      49
      56
      41
      41
      40
      46
      31
      33
      39
      42
      43
      36
      43
      32
      41
      39
      36
      33
      26
      29
      39
      30
      23
      34
      41
      24
      32
      26
      33
      36
      41
      31
      36
      27
      26
      32
      34
      34
      36
      32
      28
      27
      32
      35
      25
      31
      31
      24
      33
      23
      28
      24
      27
      23
      26
      29
      25
      30
      36
      29
      29
      26
      28
      36
      36
      28
      25
      27
      28
      24
      16
      29
      29
      26
      19
      14
      25
      28
      30
      42
      26
      18
      32
      25
      29
      23
      33
      32
      26
      31
      23
      23
      24
      26
      39
      27
      28
      26
      29
      17
      31
      28
      29
      27
      32
      20
      26
      28
      23
      23
      18
      26
      34
      24
      28
      31
      24
      25
      35
      24
      27
      20
      19
      17
      18
      30
      24
      27
      34
      16
      24
      28
      31
      29
      19
      19
      24
      21
      20
      21
      35
      22
      25
      29
      16
      29
      20
      22
      21
      19
      30
      19
      23
      27
      28
      25
      26
      26
      21
      22
      30
      29
      25
      25
      16
      23
      25
      19
      22
      20
      20
      30
      25
      28
      22
      22
      25
      30
      23
      27
      29
      27
      23
      20
      21
      23
      16
      19
      19
      28
      28
      26
      28
      31
      23
      26
      33
      27
      23
      25
      23
      37
      17
      20
      19
      19
      20
      27
      30
      21
      30
      23
      26
      20
      24
      17
      31
      20
      21
      25
      28
      31
      30
      14
      22
      16
      25
      24
      22
      25
      29
      20
      19
      25
      27
      28
      23
      34
      28
      13
      16
      28
      22
      19
      28
      25
      23
      32
      30
      30
      20
      21
      18
      25
      30
      30
      22
      21
      23
      24
      29
      20
      35
      21
      22
      25
      24
      26
      31
      38
      21
      29
      28
      18
      35
      17
      23
      28
      29
      33
      21
      25
      35
      31
      20
      31
      38
      25
      32
      28
      36
      16
      30
      32
      30
      37
      41
      38
      26
      33
      29
      36
      50
      47
      27
      35
      41
      30
      52
      42
      36
      25
      31
      47
      58
      39
      37
      51
      41
      54
      44
      39
      52
      43
      46
      50
      55
      46
      53
      51
      56
      43
      68
      55
      54
      75
      65
      59
      59
      76
      62
      50
      74
      69
      54
      66
      74
      73
      60
      80
      66
      70
      74
      76
      63
      82
      76
      66
      80
      80
      81
      80
      82
      83
      69
      74
      88
      89
      94
      95
      77
      77
     103
      70
      94
      80
      97
      85
      89
      79
      83
      89
      68
      88
      93
      90
      65
      85
      95
      86
      79
      86
      96
      93
      85
      91
     105
      77
      78
      84
      85
      72
      85
      75
      76
      78
      90
      83
      90
      97
      94
      71
      88
      82
      80
      85
      80
      92
      84
      87
      64
      83
      81
      80
      95
      78
      80
     103
      71
      81
      64
      94
      95
      86
      79
      88
      85
      76
      97
      93
      85
      76
      94
      85
      83
      79
      91
      73
      94
      81
      92
      86
      74
      92
      87
      81
      75
      75
      81
     105
      93
      76
     101
      79
      81
      83
      81
      92
      76
      87
      86
      96
      86
      90
      84
      94
      76
      79
      93
      93
      81
      93
      81
      86
      78
      89
      83
      81
      75
      79
      84
      98
      80
      89
      78
      90
      93
      75
      85
      73
      79
     101
      74
      77
      84
      98
     101
      80
      74
      93
      77
      86
      80
      93
      71
      84
      95
      92
      91
      95
      99
      90
     105
      97
      85
      76
      76
     111
      95
     104
      78
      99
      81
      78
     101
      90
      84
      76
      95
      86
      87
     102
      70
      75
      95
      91
      81
     103
      91
     104
      93
     114
      94
      81
      92
      89
     107
      91
      94
      85
     102
      82
      92
      98
     103
     105
      84
      89
      85
      81
     103
      88
     103
     108
     118
      84
      97
     107
      84
      90
     102
     104
      94
     105
      88
      89
      99
      84
      85
      91
     108
      93
      93
      93
     113
      89
      95
      93
     103
     102
     108
     110
     112
      86
      92
      98
      93
     103
      98
     104
     106
      99
      97
      89
      94
      96
      97
      95
      74
      88
      96
     106
     106
      90
     101
     104
      96
      89
      85
      93
     109
     105
     110
      92
     103
      96
     104
      83
     112
     115
      78
     110
     107
      92
      83
      79
     102
      99
     110
     100
     113
     103
     108
     100
      90
     114
     116
      92
     108
     115
      92
     111
      96
     125
     110
      95
     104
      97
      96
     118
     119
     103
      88
      91
     110
     107
      98
     103
     114
     111
     104
     116
     104
      97
     124
     108
     134
     114
     104
      94
     117
     131
     124
     111
     122
     120
      95
     111
     115
     100
     110
     108
     131
     119
     113
     104
     134
     104
     108
     119
     105
     109
     131
     134
     109
     128
     120
     110
     111
     126
     121
     105
     120
     121
     119
     112
     109
     112
     138
     115
     132
     123
     122
     108
     131
     113
     121
     144
     125
     131
     129
     126
     146
     103
     147
     134
     104
     135
     140
     138
     122
     152
     119
     136
     155
     141
     132
     121
     122
     142
     136
     141
     149
     152
     132
     155
     133
     146
     155
     149
     140
     140
     137
     143
     139
     126
     148
     136
     147
     131
     156
     157
     163
     135
     133
     157
     138
     145
     143
     164
     148
     150
     145
     151
     118
     138
     155
     147
     143
     138
     168
     166
     143
     145
     150
     157
     165
     158
     169
     152
     165
     128
     139
     143
     146
     137
     125
     130
     170
     152
     133
     158
     149
     139
     133
     164
     143
     159
     153
     150
     148
     153
     155
     151
     154
     141
     156
     161
     138
     179
     144
     162
     155
     155
     159
     146
     145
     153
     149
     153
     158
     143
     164
     146
     150
     137
     152
     148
     141
     181
     152
     152
     161
     168
     166
     174
     185
     168
     193
     159
     149
     174
     179
     154
     160
     162
     146
     171
     164
     174
     187
     157
     158
     172
     178
     199
     165
     162
     162
     159
     177
     140
     165
     145
     175
     183
     172
     157
     166
     165
     168
     194
     162
     188
     177
     153
     146
     183
     168
     174
     180
     181
     180
     167
     183
     173
     162
     173
     166
     161
     164
     149
     155
     173
     179
     166
     176
     194
     177
     187
     169
     176
     159
     182
     176
     187
     153
     200
     167
     156
     152
     168
     161
     175
     159
     171
     170
     168
     170
     169
     157
     204
     185
     179
     170
     190
     169
     198
     177
     170
     180
     169
     158
     155
     166
     192
     175
     182
     175
     169
     177
     174
     160
     185
     165
     171
     192
     201
     167
     177
     200
     187
     181
     179
     195
     175
     194
     184
     179
     179
     183
     175
     183
     178
     160
     178
     177
     187
     180
     167
     193
     181
     181
     195
     190
     186
     187
     161
     197
     185
     186
     188
     199
     189
     191
     192
     205
     202
     192
     173
     177
     179
     180
     198
     172
     184
     190
     210
     156
     202
     200
     182
     206
     188
     197
     158
     188
     177
     207
     218
     196
     174
     187
     179
     195
     218
     204
     205
     183
     187
     204
     174
     198
     190
     186
     180
     189
     189
     197
     201
     192
     200
     202
     200
     188
     215
     183
     214
     209
     181
     186
     220
     199
     205
     206
     216
     203
     210
     207
     216
     194
     226
     220
     240
     200
     201
     215
     245
     214
     214
     217
     212
     217
     201
     207
     204
     190
     226
     210
     218
     189
     222
     225
     225
     218
     208
     227
     212
     211
     204
     227
     213
     220
     232
     196
     229
     247
     240
     229
     226
     251
     230
     229
     238
     240
     236
     243
     234
     232
     229
     218
     241
     249
     242
     234
     222
     244
     273
     232
     284
     240
     249
     249
     216
     241
     265
     232
     237
     293
     268
     284
     240
     259
     255
     262
     283
     255
     299
     265
     250
     278
     265
     290
     288
     309
     306
     292
     293
     318
     320
     335
     310
     318
     330
     332
     316
     327
     325
     343
     343
     322
     340
     375
     376
     351
     362
     331
     333
     351
     371
     375
     371
     398
     411
     361
     359
     456
     387
     466
     423
     450
     415
     400
     430
     428
     447
     459
     465
     509
     459
     516
     459
     474
     485
     451
     474
     513
     528
     531
     484
     567
     501
     540
     589
     571
     553
     548
     555
     571
     611
     604
     559
     597
     634
     561
     603
     613
     601
     610
     586
     635
     566
     578
     566
     594
     535
     571
     627
     601
     581
     607
     587
     615
     549
     596
     587
     567
     560
     595
     544
     541
     551
     564
     607
     611
     544
     537
     509
     564
     534
     507
     553
     551
     538
     500
     479
     482
     480
     480
     494
     499
     459
     495
     434
     475
     447
     475
     444
     457
     441
     418
     450
     435
     438
     397
     447
     426
     399
     393
     391
     372
     363
     371
     359
     338
     331
     347
     350
     330
     351
     346
     330
     307
     323
     280
     282
     278
     286
     257
     274
     260
     200
     227
     215
     213
     219
     199
     199
     202
     199
     190
     177
     171
     150
     154
     136
     138
     122
     141
     139
     118
     102
      93
      91
      83
      82
      92
      59
      62
      50
      67
      57
      48
      59
      32
      40
      37
      34
      29
      28
      24
      27
      26
      24
      15
      20
      19
      21
      10
      19
      20
      13
      17
      13
      12
      12
      14
      15
      10
      15
      16
      11
      12
      13
      17
      19
       6
      11
      14
      10
      15
      13
      11
       7
      16
      10
      13
      17
      15
       7
      14
      13
      10
      14
      16
      21
      16
      13
      12
      19
      18
      18
      12
      12
      13
      11
      16
      14
       1
      10
      17
      16
      23
      19
      15
      11
      21
       9
      10
      12
      13
      13
      14
      18
       9
      13
      12
      13
      11
      18
      16
      13
       9
      22
       9
      16
       9
      16
      20
      13
      16
      14
      17
      20
      20
      13
      18
      16
      12
      20
      19
      17
      15
      19
      20
      29
      20
      23
      22
      14
      17
      18
      23
      17
      15
      15
      21
      26
      19
      16
      24
      18
      13
      18
      11
      27
      29
      28
      28
      19
      26
      28
      34
      24
      20
      26
      33
      23
      22
      28
      23
      32
      17
      27
      30
      17
      28
      28
      33
      29
      33
      28
      23
      30
      26
      20
      37
      31
      23
      25
      26
      22
      24
      20
      31
      23
      30
      34
      37
      29
      31
      26
      25
      36
      22
      28
      34
      32
      27
      27
      20
      44
      29
      35
      35
      25
      26
      23
      29
      26
      38
      34
      31
      27
      29
      20
      29
      33
      30
      20
      25
      21
      23
      25
      27
      29
      32
      22
      30
      24
      15
      26
      28
      25
      24
      18
      26
      31
      32
      22
      23
      18
      26
      15
      14
      19
      21
      20
      23
      18
      23
      18
      21
      26
      18
      16
      15
      27
      26
      21
      22
      19
      15
      17
      21
      26
      24
      14
      12
      24
      17
      14
       8
      15
      12
      14
      16
      19
      13
       7
      13
       6
      14
      11
      15
      13
      13
       8
       7
       8
       6
       8
       5
       7
      13
       8
       6
       6
       4
       8
       2
       6
       6
       2
       5
       3
      11
       7
       1
       1
       5
       6
       2
       3
       2
       3
       1
       4
       1
       1
       1
       2
       3
       2
       3
       1
       2
       1
       1
       1
       0
       3
       1
       0
       1
       0
       0
       0
       0
       1
       1
       0
       0
       0
       0
       0
       1
       0
       0
       0
       0
       0
       0
       0
       0
       0
       0
       0
       0
       0
       0
       0
       0
       0
       1
       1
       0
       0
       0
       1
       0
       0
       0
       0
       0
       0
       0
       1
       0
       0
       0
       0
       0
       0
       0
       0
       0
       0
       0
       0
       1
       0
       1
       0
       0
       0
       0
       0
       0
       0
       0
       0
       0
       0
       0
       0
       1
       0
       0
       0
       2
       0
       0
       0
       0
       1
       0
       0
       0
       0
       0
       0
       0
       0
       0
       0
       1
       0
       0
       0
       0
       2
       2
       0
       0
       0
       0
       0
       0
       0
       0
       0
       0
       0
       0
       0
       0
       0
       0
       0
       0
       0
       0
       0
       0
       0
       0
       0
       0
       0
       0
       1
       0
       1
       0
       0
       0
       0
       1
       1
       0
       0
       0
       0
       1
       0
       0
       0
       0
       0
       0
       0
       0
       0
       0
       0
       1
       0
       0
       0
       0
       1
       1
       0
       0
       0
       0
       0
       0
       0
       0
       0
       0
       0
       0
       0
       0
       0
       1
       0
       0
       0
       0
       0
       1
       0
       0
       0
       1
       0
       0
       0
       0
       0
       0
       1
       0
       0
       0
       0
       0
       1
       0
       0
       0
       0
       0
       0
       0
       0
       0
       0
       0
       0
       0
       0
       0
       0
       0
       0
       0
       0
       0
       0
       0
       0
       0
       0
       0
       0
       0
       0
       0
       0
       0
       0
       0
       0
       0
       0
       0
       0
       0
       0
       0
       0
       0
       0
       0
       0
       0
       0
       0
       0
       0
       0
       0
       0
       0
       0
       0
       0
       0
       0
       0
       0
       0
       0
       0
       0
       0
       0
       0
       0
       0
       0
       0
       0
       0
       0
       0
       0
       0
       0
       0
       0
       0
       0
       0
       0
       0
       0
       0
       0
       0
       0
       0
$ROI:
0
$PRESETS:
Live Time
600
0
$ENER_FIT:
0.000000 0.000000
$MCA_CAL:
3
0.000000E+000 0.000000E+000 0.000000E+000 
$SHAPE_CAL:
3
0.000000E+000 0.000000E+000 0.000000E+000
