$SPEC_ID:
No sample description was entered.
$SPEC_REM:
DET# 1
DETDESC# PHY-R11-37 MCB 129
AP# Maestro Version 7.01
$DATE_MEA:
11/13/2012 15:52:06
$MEAS_TIM:
122 128
$DATA:
0 2047
       0
       0
       0
       0
       0
       0
       0
       0
       0
       0
       0
       0
       0
       0
       0
       0
       0
       0
       0
       0
       0
       0
       0
       0
       0
       0
       0
       0
       0
       0
       0
       0
       0
       0
       0
       0
       0
       0
       0
       0
       0
       0
       0
       0
       0
       0
       0
       0
       0
       0
       0
       0
       0
       0
       0
       0
       0
       0
       0
       0
       0
       0
       0
       9
      11
       7
      14
     104
     262
     266
     240
     230
     263
     245
     252
     227
     240
     258
     252
     261
     228
     259
     225
     254
     256
     232
     214
     245
     216
     229
     230
     246
     236
     222
     201
     240
     228
     198
     226
     241
     228
     217
     211
     248
     243
     198
     186
     210
     218
     229
     223
     194
     219
     239
     205
     227
     209
     215
     241
     191
     181
     259
     193
     230
     198
     236
     213
     195
     210
     214
     222
     200
     218
     220
     203
     220
     220
     199
     206
     217
     214
     216
     184
     210
     233
     206
     225
     210
     225
     206
     221
     229
     225
     205
     227
     205
     206
     191
     203
     224
     197
     212
     206
     195
     210
     213
     227
     214
     221
     223
     228
     215
     224
     222
     243
     234
     235
     228
     215
     242
     227
     237
     223
     215
     249
     227
     263
     210
     269
     246
     230
     246
     267
     260
     265
     255
     315
     299
     310
     303
     356
     340
     366
     366
     379
     383
     436
     402
     449
     451
     474
     483
     508
     536
     577
     561
     600
     595
     648
     630
     641
     667
     714
     666
     699
     675
     655
     667
     708
     746
     705
     737
     663
     679
     682
     658
     709
     679
     656
     635
     679
     719
     683
     666
     692
     685
     723
     680
     735
     691
     694
     684
     722
     740
     711
     678
     750
     705
     711
     680
     704
     737
     728
     732
     671
     706
     716
     707
     729
     735
     706
     725
     710
     758
     752
     705
     690
     698
     736
     664
     748
     720
     706
     706
     735
     680
     715
     764
     688
     728
     747
     701
     645
     742
     714
     694
     728
     729
     693
     731
     744
     744
     703
     749
     700
     693
     748
     716
     685
     730
     708
     721
     673
     732
     713
     736
     715
     742
     707
     717
     722
     686
     687
     699
     731
     633
     702
     691
     691
     699
     721
     718
     712
     727
     706
     750
     761
     744
     721
     712
     777
     758
     758
     745
     786
     768
     728
     745
     764
     734
     784
     744
     744
     786
     779
     758
     790
     798
     771
     803
     796
     769
     767
     772
     692
     761
     765
     776
     810
     827
     816
     853
     817
     768
     824
     814
     839
     811
     803
     871
     851
     791
     848
     830
     829
     813
     854
     839
     912
     890
     839
     915
     903
     853
     899
     859
     915
     950
     974
     978
     952
     950
     955
    1032
    1037
     961
     972
    1010
     953
     980
    1081
    1058
    1009
    1015
    1066
    1099
    1097
    1089
    1067
    1092
    1106
    1108
    1111
    1133
    1127
    1047
    1161
    1132
    1160
    1163
    1192
    1110
    1176
    1180
    1139
    1129
    1124
    1129
    1239
    1202
    1205
    1165
    1170
    1188
    1158
    1201
    1217
    1173
    1135
    1149
    1165
    1215
    1166
    1201
    1143
    1150
    1178
    1277
    1194
    1295
    1231
    1232
    1223
    1220
    1187
    1215
    1220
    1269
    1237
    1224
    1242
    1254
    1202
    1303
    1253
    1287
    1314
    1206
    1266
    1315
    1315
    1290
    1283
    1318
    1391
    1302
    1352
    1341
    1321
    1437
    1380
    1342
    1370
    1406
    1397
    1359
    1324
    1366
    1336
    1427
    1410
    1462
    1391
    1400
    1371
    1476
    1475
    1428
    1552
    1420
    1463
    1493
    1419
    1470
    1492
    1544
    1542
    1532
    1544
    1552
    1539
    1590
    1519
    1546
    1501
    1613
    1503
    1538
    1558
    1617
    1678
    1572
    1642
    1596
    1668
    1633
    1693
    1620
    1708
    1704
    1688
    1712
    1702
    1684
    1667
    1695
    1686
    1696
    1669
    1720
    1762
    1612
    1687
    1756
    1730
    1734
    1739
    1732
    1810
    1777
    1764
    1760
    1812
    1864
    1810
    1804
    1801
    1836
    1845
    1760
    1875
    1879
    1923
    1884
    1802
    1920
    2007
    1932
    1911
    1876
    1951
    1933
    1964
    1952
    2050
    2037
    1985
    1970
    2141
    2051
    2058
    2078
    2135
    2103
    2057
    2212
    2073
    2153
    2281
    2279
    2296
    2312
    2355
    2295
    2301
    2348
    2405
    2405
    2530
    2571
    2524
    2632
    2645
    2622
    2693
    2633
    2714
    2876
    2928
    2825
    2954
    2984
    3174
    3205
    3192
    3295
    3358
    3364
    3558
    3758
    3855
    4045
    4021
    4068
    4162
    4463
    4461
    4774
    4731
    4767
    4949
    5121
    5152
    5118
    5345
    5561
    5478
    5598
    5625
    5738
    5716
    5882
    5780
    5662
    5711
    5713
    5769
    5580
    5615
    5664
    5469
    5537
    5469
    5241
    5272
    5125
    5011
    5004
    4918
    4785
    4889
    4559
    4427
    4328
    4247
    4128
    4045
    3841
    3707
    3502
    3400
    3350
    3147
    2989
    2840
    2671
    2451
    2223
    2117
    2019
    1733
    1570
    1556
    1355
    1167
    1053
     928
     862
     730
     585
     524
     451
     403
     338
     235
     249
     198
     199
     183
     167
     149
     149
     151
     134
     144
     131
     157
     130
     132
     136
     142
     131
     145
     136
     142
     117
     108
     138
     150
     118
     141
     129
     155
     131
     142
     124
     139
     118
     132
     155
     141
     142
     156
     128
     147
     138
     152
     174
     151
     144
     141
     159
     161
     162
     149
     166
     139
     175
     160
     146
     175
     174
     185
     194
     163
     155
     206
     201
     218
     237
     202
     222
     217
     202
     225
     252
     262
     271
     280
     255
     269
     273
     282
     289
     285
     282
     277
     278
     298
     292
     269
     341
     308
     299
     271
     320
     304
     316
     309
     325
     294
     300
     313
     274
     273
     275
     251
     274
     280
     290
     254
     285
     268
     238
     271
     221
     247
     245
     235
     246
     242
     236
     213
     201
     194
     218
     183
     205
     173
     179
     160
     172
     149
     117
     146
     144
     137
     116
     113
     105
      99
      85
      74
      66
      76
      63
      63
      53
      43
      45
      43
      34
      38
      26
      27
      32
      28
      25
      21
      25
      12
      13
      19
      18
      19
      28
      19
      24
      24
      17
      14
      15
      22
      13
      21
      20
      11
      15
      22
      13
      26
      14
      12
      15
      21
      21
      23
      24
      18
      17
      10
      14
      20
      23
      15
      16
      12
      15
      15
      15
      16
      13
      12
      16
       9
      17
      19
      21
      12
      23
      11
      19
      13
      14
      21
      18
      18
      19
      13
      17
      21
      14
      19
      12
      17
      20
      14
      21
      18
      13
      16
      15
      19
      22
      12
      19
      12
      14
      13
      20
      18
      14
      18
      14
      23
      26
      14
      21
      20
      16
      22
      23
      10
      16
      13
       8
      12
      17
      15
      11
      21
      15
      14
      18
      18
      12
      15
      20
      23
      19
      20
      13
      20
      23
      19
      14
      21
      18
      17
      15
      17
      15
      17
      17
      23
      11
      14
      11
      16
      15
       9
      16
      12
      14
      18
      20
      15
      13
      15
      18
      16
      15
      14
      10
      13
      21
      11
      15
      17
      17
      14
      13
      14
       9
      17
      19
      20
      15
      10
      14
      15
      12
      10
      21
       5
      16
      11
      22
      17
      15
      13
       9
      19
      20
      10
      15
       7
      13
      16
      14
      17
      16
       9
      14
      16
      13
      10
      13
      11
      16
      11
      20
      17
      15
      11
      19
      12
       7
      16
      12
      12
       9
      12
      13
      17
      13
       8
      10
      18
       9
       8
      17
      13
       9
      19
      16
      10
      13
      17
      10
      18
      13
      11
      21
      10
      17
      14
      10
       9
      13
       9
       9
      14
       9
      15
      16
      14
      13
      14
      23
      15
      12
      15
      14
      10
      17
      27
      11
      13
      12
       7
      12
      11
       8
      16
      11
      16
       7
      10
      15
      11
      20
      13
      15
       9
       9
      15
      12
      16
      14
      17
      10
       8
       9
      11
      11
      12
       9
      20
      13
      12
      13
      11
      13
      12
      14
      12
       7
      13
      11
      11
       7
      10
      11
       7
      17
      18
      16
      10
      16
      10
      18
      17
      17
      12
      14
      10
      10
      13
      12
       9
       8
      14
       8
       9
      14
      11
      10
      12
       5
       7
      15
       8
      11
      10
      14
       8
      10
      10
       6
      11
       8
      10
       8
      12
      16
       6
      15
      14
       9
      13
       7
      22
       7
      15
       8
      15
      13
      13
       7
      15
      13
      19
      13
       8
       8
       8
       9
      19
       8
       6
       6
      11
      15
       6
       3
      13
      13
      10
       7
       6
      10
       8
       6
      11
       9
       9
       8
      16
       8
      10
      11
       8
       6
      10
       8
      12
      10
       6
       9
       4
      14
      11
       5
      10
      12
      11
       7
       6
      15
       9
      16
      11
       9
       7
       4
       7
       8
      13
      10
       7
       7
       5
      15
       9
       9
       9
      11
       7
      10
       5
       6
      11
       7
      10
       5
       7
      12
       6
       6
       9
       6
       3
       4
       5
       7
       4
       4
       8
      10
       4
       7
       5
       3
       4
       7
      14
       7
       6
       5
       6
       5
       7
       5
       5
       4
       6
       4
       9
       5
       5
       1
       5
       5
       1
       3
       8
       4
       6
       3
       1
       0
       2
       1
       6
       4
      10
       3
       1
       1
       3
       1
       4
       3
       5
       4
       1
       4
       2
       4
       3
       1
       2
       1
       4
       2
       2
       4
       0
       5
       3
       2
       3
       0
       2
       1
       2
       1
       0
       3
       1
       2
       0
       2
       2
       2
       2
       0
       1
       0
       1
       1
       1
       3
       0
       2
       2
       0
       2
       0
       1
       1
       1
       1
       1
       1
       0
       0
       1
       0
       1
       0
       0
       4
       2
       0
       2
       1
       0
       1
       1
       2
       2
       1
       0
       0
       2
       2
       0
       0
       0
       1
       1
       0
       0
       1
       1
       0
       3
       1
       0
       2
       1
       0
       0
       0
       2
       1
       0
       0
       2
       2
       1
       0
       1
       0
       0
       1
       1
       2
       0
       0
       1
       1
       2
       1
       1
       0
       1
       0
       1
       1
       1
       0
       0
       0
       0
       0
       3
       0
       0
       1
       0
       1
       0
       1
       1
       1
       0
       0
       0
       0
       1
       0
       0
       0
       0
       0
       0
       1
       1
       1
       0
       0
       0
       1
       0
       1
       0
       0
       0
       0
       0
       0
       0
       0
       0
       0
       0
       0
       0
       0
       0
       0
       0
       0
       0
       0
       0
       0
       0
       0
       0
       0
       0
       1
       2
       0
       0
       0
       0
       0
       0
       0
       0
       0
       0
       1
       0
       0
       0
       0
       0
       0
       0
       0
       0
       0
       1
       0
       0
       0
       0
       0
       0
       1
       0
       0
       0
       0
       0
       0
       0
       0
       0
       0
       0
       0
       0
       0
       0
       1
       0
       0
       0
       0
       0
       0
       0
       0
       0
       0
       0
       0
       0
       1
       0
       0
       0
       0
       0
       0
       0
       0
       0
       1
       0
       1
       0
       1
       0
       0
       0
       0
       0
       0
       0
       0
       0
       0
       0
       1
       0
       0
       0
       0
       0
       0
       0
       0
       0
       0
       0
       0
       0
       0
       0
       0
       0
       0
       0
       0
       0
       0
       0
       0
       0
       0
       0
       0
       1
       0
       0
       0
       0
       0
       0
       1
       0
       0
       0
       0
       1
       0
       0
       0
       0
       0
       0
       1
       0
       0
       0
       0
       0
       0
       0
       0
       0
       0
       0
       0
       0
       0
       0
       0
       0
       0
       0
       0
       0
       0
       0
       0
       0
       0
       1
       0
       0
       1
       0
       0
       0
       0
       0
       0
       0
       0
       0
       0
       0
       0
       0
       0
       0
       0
       0
       0
       0
       0
       0
       0
       0
       1
       0
       0
       0
       0
       0
       0
       0
       0
       0
       0
       0
       0
       0
       0
       0
       0
       0
       0
       1
       0
       0
       0
       1
       0
       0
       0
       1
       0
       0
       0
       0
       0
       0
       0
       0
       0
       0
       0
       0
       0
       0
       0
       0
       0
       0
       0
       0
       0
       0
       0
       1
       0
       0
       0
       0
       1
       0
       0
       1
       0
       0
       0
       0
       0
       0
       0
       0
       0
       0
       0
       0
       0
       0
       1
       0
       0
       0
       0
       0
       0
       1
       0
       0
       0
       0
       0
       0
       0
       0
       0
       0
       0
       0
       0
       0
       0
       0
       0
       0
       0
       0
       0
       0
       0
       0
       0
       0
       0
       0
       0
       0
       0
       0
       0
       0
       0
       0
       0
       0
       0
       0
       0
       0
       1
       0
       0
       0
       0
       0
       0
       0
       1
       0
       0
       0
       0
       0
       0
       0
       1
       0
       0
       0
       0
       0
       0
       0
       0
       0
       0
       0
       0
       0
       0
       0
       0
       0
       0
       0
       0
       0
       0
       0
       0
       0
       0
       0
       0
       0
       0
       0
       0
       0
       0
       0
       0
       0
       0
       0
       0
       0
       0
       0
       0
       0
       0
       0
       0
       0
       1
       0
       0
       0
       0
       0
       0
       0
       0
       0
       0
       0
       0
       0
       0
       0
       0
       0
       0
       0
       0
       0
       0
       0
       0
       0
       0
       0
       0
       0
       0
       0
       0
       0
       0
       0
       0
       0
       0
       0
       0
       0
       0
       0
       0
       0
       0
       0
       0
       0
       0
       0
       0
       0
       0
       0
       0
       0
       0
       0
       0
       0
       0
       0
       0
       0
       0
       0
       0
       0
       0
       0
       0
       0
       0
       0
       0
       0
       0
       0
       0
       0
       0
       0
       0
       0
       0
       0
       0
       0
       0
       0
       0
       0
       0
       0
       0
       0
       0
       0
       0
       0
       0
       0
       0
       0
       0
       0
       0
       0
       0
       0
       0
       0
       0
       0
       0
       0
       0
       0
       0
       0
       0
       0
       0
       0
       0
       0
       0
       0
       0
       0
       0
       0
       0
       0
       0
       0
       0
       0
       0
       0
       0
       0
       0
$ROI:
0
$PRESETS:
Live Time
300
0
$ENER_FIT:
0.000000 0.000000
$MCA_CAL:
3
0.000000E+000 0.000000E+000 0.000000E+000 
$SHAPE_CAL:
3
0.000000E+000 0.000000E+000 0.000000E+000
