$SPEC_ID:
No sample description was entered.
$SPEC_REM:
DET# 1
DETDESC# PHY-R11-37 MCB 129
AP# Maestro Version 7.01
$DATE_MEA:
11/13/2012 15:46:55
$MEAS_TIM:
61 64
$DATA:
0 2047
       0
       0
       0
       0
       0
       0
       0
       0
       0
       0
       0
       0
       0
       0
       0
       0
       0
       0
       0
       0
       0
       0
       0
       0
       0
       0
       0
       0
       0
       0
       0
       0
       0
       0
       0
       0
       0
       0
       0
       0
       0
       0
       0
       0
       0
       0
       0
       0
       0
       0
       0
       0
       0
       0
       0
       0
       0
       0
       0
       0
       1
       1
       0
       3
       7
       4
       7
      79
     128
     142
     120
     155
     134
     132
     143
     127
     136
     144
     133
     123
     122
     118
     115
     124
     135
     113
     124
     129
     102
     120
     109
     118
     130
     103
     113
     100
     118
     115
     122
     121
     111
     110
     108
     126
     119
      97
     106
     115
     123
     105
      90
     102
     107
     103
     100
     100
     121
     114
     118
     114
      78
     108
      97
     102
      99
     117
     101
     107
      93
     117
     116
     125
     103
      92
      90
     115
     102
     103
     104
     118
      88
     105
     119
     103
      97
      96
      99
     122
      97
     134
     101
      80
     114
      99
      90
     119
     102
     103
      98
     110
     100
     101
     101
     108
     105
      96
     137
     107
     122
     111
      94
     117
     110
     121
     104
     120
     109
     104
     119
      99
     107
     118
     117
      95
     122
     115
     122
     104
     131
     119
     123
     154
     140
     104
     133
     132
     140
     149
     138
     181
     179
     150
     181
     185
     199
     204
     185
     204
     251
     261
     274
     268
     279
     290
     296
     292
     315
     285
     341
     308
     301
     327
     346
     358
     335
     328
     341
     346
     344
     362
     356
     346
     370
     387
     341
     334
     333
     351
     351
     358
     337
     351
     372
     360
     329
     360
     359
     351
     334
     346
     366
     334
     372
     345
     369
     354
     358
     358
     346
     365
     341
     337
     339
     356
     338
     358
     370
     371
     348
     358
     338
     370
     342
     363
     378
     334
     362
     340
     348
     368
     369
     331
     383
     345
     348
     346
     362
     385
     346
     358
     363
     353
     346
     332
     379
     385
     382
     355
     337
     324
     364
     341
     378
     359
     329
     350
     339
     361
     343
     383
     393
     352
     392
     376
     348
     346
     329
     324
     369
     339
     356
     356
     347
     319
     365
     351
     361
     372
     364
     362
     356
     328
     372
     375
     340
     395
     385
     363
     317
     343
     351
     372
     361
     378
     380
     348
     364
     376
     408
     361
     366
     366
     364
     359
     361
     394
     396
     394
     402
     362
     379
     364
     357
     365
     394
     374
     376
     374
     376
     356
     409
     366
     389
     378
     365
     382
     346
     379
     424
     406
     393
     397
     437
     384
     421
     486
     397
     441
     445
     419
     444
     459
     476
     447
     435
     460
     435
     443
     491
     453
     516
     521
     517
     483
     523
     503
     510
     514
     485
     466
     516
     500
     540
     552
     537
     501
     522
     532
     543
     523
     543
     506
     546
     538
     551
     536
     575
     515
     558
     548
     554
     564
     558
     577
     574
     593
     562
     567
     548
     584
     576
     550
     574
     540
     575
     558
     573
     562
     559
     568
     566
     579
     586
     574
     584
     572
     540
     614
     581
     589
     596
     575
     643
     558
     595
     615
     606
     603
     630
     609
     636
     575
     649
     607
     573
     616
     585
     635
     599
     631
     610
     653
     631
     590
     635
     688
     648
     640
     589
     671
     601
     610
     623
     616
     643
     664
     675
     683
     644
     691
     642
     699
     674
     672
     647
     638
     653
     702
     730
     744
     678
     700
     677
     721
     667
     687
     683
     742
     696
     757
     682
     702
     725
     746
     749
     750
     733
     718
     700
     763
     768
     727
     762
     696
     792
     817
     754
     794
     848
     769
     830
     767
     785
     811
     829
     822
     780
     854
     889
     795
     869
     844
     901
     817
     909
     871
     850
     954
     887
     914
     962
     944
    1004
     949
     953
     985
     958
     944
     994
     985
    1037
    1092
    1054
     996
    1015
    1037
    1070
    1121
    1086
    1121
    1139
    1123
    1183
    1116
    1161
    1175
    1205
    1245
    1181
    1305
    1248
    1362
    1277
    1327
    1352
    1415
    1342
    1351
    1454
    1417
    1467
    1465
    1486
    1536
    1535
    1639
    1603
    1654
    1733
    1824
    1785
    1925
    1947
    1949
    1997
    2151
    2265
    2316
    2281
    2339
    2419
    2498
    2621
    2585
    2661
    2791
    2914
    2870
    2989
    3073
    3090
    3044
    3204
    3210
    3215
    3203
    3312
    3276
    3198
    3288
    3380
    3310
    3204
    3349
    3271
    3286
    3304
    3160
    3221
    3016
    3071
    2992
    2940
    2915
    2955
    2794
    2735
    2591
    2608
    2464
    2428
    2310
    2151
    2127
    2036
    1872
    1735
    1653
    1545
    1422
    1293
    1172
    1068
    1030
     869
     733
     701
     632
     535
     480
     406
     334
     284
     262
     233
     212
     199
     155
     152
     137
     113
      91
      77
      72
      66
      85
      78
      69
      67
      79
      79
      87
      81
      73
      69
      72
      75
      78
      73
      73
      65
      66
      84
      72
      82
      69
      62
      65
      69
      74
      88
      78
      72
      75
      76
      65
      85
      70
      81
      89
      81
      90
      90
      86
      85
      79
      86
      98
      77
      98
      78
      82
     100
      99
      95
      93
      87
     112
     119
     101
     121
     104
     112
     123
     139
     145
     128
     120
     135
     143
     166
     158
     158
     179
     172
     168
     148
     158
     177
     173
     154
     165
     169
     174
     160
     172
     189
     185
     201
     161
     215
     185
     165
     176
     172
     153
     158
     132
     188
     156
     139
     131
     156
     152
     165
     145
     153
     142
     128
     129
     133
     129
     122
     156
     142
     118
     121
     111
      98
      97
      97
      97
      77
      59
      85
      86
      78
      49
      52
      47
      52
      50
      39
      34
      27
      23
      30
      21
      14
      22
      21
      20
       8
      15
       5
       9
      16
      17
      11
       5
      10
       9
       9
       8
       9
       8
      12
       7
       6
      11
      10
       8
       8
      11
      13
      11
       7
      12
       8
      12
       7
      12
       8
       9
      10
       5
      10
      14
      16
       9
       6
       7
       8
      14
      10
       5
       7
      10
       8
      13
      14
       8
       7
       8
       6
       8
      11
      13
       6
      12
       8
       9
      11
       8
       5
       6
       5
      12
       9
       7
       6
      11
       6
       8
       8
       9
      11
       9
      10
       6
      10
       7
      10
      11
       5
      11
      11
      10
      14
       8
       8
       7
       9
       9
       6
       4
       1
       6
       7
       6
       4
       5
       4
       7
       7
       8
       8
       6
       8
       7
       7
       9
       7
       5
      13
       6
       8
      12
       9
       9
       5
       6
       7
      10
       8
       9
       9
       9
      16
       9
       4
      11
       8
       7
      10
       9
      13
       5
      13
      10
       9
       5
       5
       5
       7
       8
      10
       7
       9
       7
      11
       9
       4
       5
       8
       5
      14
       5
       7
      11
      12
       6
       8
      10
       7
      11
       6
       9
      12
       6
       8
       4
      12
       9
      11
      11
       8
      12
       6
      11
       9
       6
       8
       8
       3
       7
       6
       5
       7
       4
       5
       4
      11
       3
       4
       8
       8
       8
       7
      13
       8
       7
       7
       4
       7
       7
       9
       8
       6
      12
       7
      10
      10
       8
      10
       6
      10
       5
       7
       3
       6
      11
       7
       8
       6
       7
       6
       7
       5
       7
       4
      10
       8
       6
       6
       5
      15
       5
       9
       6
       7
      14
      10
       8
       3
      11
       9
      10
       9
       8
       3
       4
       8
       9
       7
      10
      11
       6
       4
       8
       6
       5
       8
       8
       2
       4
       9
       4
      11
       4
      10
       3
      12
       5
       8
       3
       6
       4
      13
       9
       8
       5
       3
      18
      11
       7
       9
       4
       6
       9
       4
       7
       3
       3
       7
       6
       6
       8
       4
       9
       8
       4
       5
       4
       7
       6
       3
       4
      10
       2
       9
       4
       6
       5
       5
       9
       9
       5
      12
       6
       6
       9
       2
       7
       5
      12
       7
       8
       7
       8
       8
       5
       6
       5
      10
       1
       6
       3
       6
       8
       4
       3
       4
       2
       8
       9
      11
      10
       9
       3
       6
       6
       6
       7
       6
       3
       9
       6
       6
       7
       3
       3
       4
       3
       4
       9
       3
       9
       7
       2
       4
      11
       7
       8
       4
       9
       8
       7
       5
       5
       7
       2
       9
       7
       8
       3
       3
       8
       4
       3
       7
       7
       5
       8
       5
       9
       5
       2
       4
       2
       6
       3
       7
       7
       3
       6
       6
       3
       9
       2
       5
       4
       7
       5
       2
       5
       6
       3
      10
       4
       6
       3
       7
       7
       5
       4
       7
       6
       6
       7
       5
       5
       4
       7
       1
       8
       4
       1
       3
       3
       6
       6
       8
       4
       4
       6
       6
       3
       6
       4
       2
       2
       4
       5
       3
       1
       2
       2
       2
       1
       6
       6
       2
       2
       5
       5
       3
       1
       1
       3
       0
       2
       2
       3
       0
       2
       1
       3
       2
       2
       2
       0
       3
       2
       3
       3
       1
       2
       1
       0
       4
       0
       2
       2
       0
       1
       0
       2
       1
       0
       1
       1
       1
       1
       1
       1
       2
       1
       1
       0
       0
       1
       0
       1
       1
       0
       2
       1
       0
       0
       0
       1
       0
       0
       1
       0
       0
       1
       1
       0
       1
       0
       0
       0
       0
       0
       0
       1
       2
       1
       1
       1
       0
       0
       1
       1
       2
       1
       0
       1
       1
       0
       0
       0
       0
       0
       0
       0
       0
       0
       1
       0
       1
       1
       1
       0
       0
       0
       0
       1
       0
       2
       0
       1
       0
       0
       0
       0
       0
       1
       0
       0
       1
       0
       1
       0
       0
       2
       0
       0
       0
       1
       0
       1
       0
       0
       1
       0
       0
       0
       0
       0
       0
       1
       0
       0
       0
       0
       1
       0
       0
       0
       1
       0
       0
       0
       0
       0
       0
       0
       0
       0
       0
       0
       0
       0
       0
       0
       0
       0
       0
       0
       0
       1
       0
       0
       0
       1
       0
       0
       0
       0
       0
       0
       0
       0
       1
       0
       0
       0
       0
       0
       0
       0
       0
       0
       2
       0
       1
       0
       0
       0
       0
       0
       0
       0
       0
       0
       0
       0
       0
       0
       0
       0
       0
       0
       0
       0
       0
       0
       0
       1
       0
       0
       0
       0
       0
       0
       0
       2
       0
       0
       0
       0
       0
       0
       0
       1
       0
       0
       0
       0
       0
       0
       0
       0
       0
       0
       0
       0
       0
       0
       0
       0
       0
       0
       0
       0
       0
       0
       0
       0
       0
       0
       0
       0
       0
       0
       0
       0
       0
       0
       0
       0
       0
       0
       0
       0
       0
       1
       0
       0
       0
       0
       0
       0
       0
       0
       0
       0
       0
       0
       0
       0
       0
       0
       0
       0
       0
       0
       0
       0
       0
       1
       1
       0
       0
       0
       0
       0
       0
       0
       0
       0
       0
       0
       0
       0
       0
       0
       1
       0
       0
       0
       0
       1
       0
       0
       0
       0
       0
       0
       0
       0
       0
       0
       0
       0
       0
       0
       0
       0
       0
       0
       0
       0
       0
       0
       0
       0
       0
       1
       0
       0
       0
       0
       0
       0
       0
       0
       0
       0
       0
       0
       0
       0
       0
       0
       0
       0
       0
       0
       0
       0
       0
       0
       0
       0
       0
       0
       0
       0
       0
       0
       0
       0
       0
       0
       0
       0
       0
       0
       0
       0
       0
       0
       0
       0
       0
       0
       1
       0
       0
       0
       0
       0
       0
       0
       0
       0
       0
       0
       0
       0
       0
       0
       0
       0
       0
       0
       0
       0
       0
       0
       0
       0
       0
       0
       0
       0
       0
       0
       0
       0
       0
       0
       0
       0
       0
       0
       0
       0
       0
       0
       0
       0
       0
       0
       0
       0
       0
       0
       0
       0
       0
       0
       0
       0
       0
       0
       0
       0
       0
       0
       0
       0
       0
       0
       0
       0
       0
       0
       0
       0
       0
       0
       0
       1
       0
       0
       0
       0
       0
       0
       0
       0
       0
       0
       0
       0
       0
       0
       0
       0
       0
       0
       0
       0
       0
       0
       0
       0
       0
       0
       0
       0
       0
       0
       0
       0
       0
       0
       0
       0
       0
       0
       0
       0
       0
       0
       0
       0
       0
       0
       0
       0
       0
       0
       0
       0
       0
       0
       0
       0
       0
       0
       0
       0
       0
       0
       0
       0
       0
       0
       0
       0
       0
       0
       0
       0
       0
       0
       0
       0
       0
       0
       0
       0
       0
       0
       0
       0
       0
       0
       0
       0
       0
       0
       0
       0
       0
       0
       0
       0
       0
       0
       1
       0
       0
       0
       0
       0
       0
       0
       0
       0
       0
       0
       0
       0
       0
       0
       0
       0
       0
       0
       0
       0
       0
       0
       0
       0
       0
       0
       0
       0
       0
       0
       0
       0
       0
       0
       0
       0
       0
       0
       0
       0
       0
       0
       0
       0
       0
       0
       0
       0
       0
       0
       0
       0
       0
       0
       0
       0
       0
       0
       0
       0
       0
       0
       0
       0
       0
       0
       0
       0
       0
       0
       0
       0
       0
       0
       0
       0
       0
       0
       0
       0
       0
       0
       0
       0
       0
       0
       0
       0
       0
       0
       0
       0
       0
       0
       0
       0
       0
       0
       0
       0
       0
       0
       0
       0
       0
       0
       0
       0
       0
       0
       0
       0
       0
       0
       0
       0
       0
       0
       0
       0
       0
       0
       0
       0
       0
       0
       0
       0
       0
       0
       0
       0
       0
       0
       0
       0
       0
       0
       0
       0
       0
       0
       0
       0
       0
       0
       0
       0
       0
       0
       0
       0
       0
       0
       0
       0
       0
       0
       0
       0
       0
       0
       0
       0
       0
       0
       0
       0
       0
       0
       0
       0
       0
       0
       0
       0
       0
       0
       0
       0
$ROI:
0
$PRESETS:
Live Time
300
0
$ENER_FIT:
0.000000 0.000000
$MCA_CAL:
3
0.000000E+000 0.000000E+000 0.000000E+000 
$SHAPE_CAL:
3
0.000000E+000 0.000000E+000 0.000000E+000
