$SPEC_ID:
No sample description was entered.
$SPEC_REM:
DET# 1
DETDESC# PHY-R11-37 MCB 129
AP# Maestro Version 7.01
$DATE_MEA:
11/22/2012 17:19:54
$MEAS_TIM:
600 602
$DATA:
0 2047
       0
       0
       0
       0
       0
       0
       0
       0
       0
       0
       0
       0
       0
       0
       0
       0
       0
       0
       0
       0
       0
       0
       0
       0
       0
       0
       0
       0
       0
       0
       0
       0
       0
       0
       0
       0
       0
       0
       0
       1
       0
       1
       0
       0
       0
       0
       1
      14
     248
     258
     214
     211
     217
     176
     164
     185
     143
     153
     148
     133
     134
     126
     135
     107
     128
     117
     101
     118
     111
      88
     107
      92
      74
      73
      90
      85
      90
      97
      97
     101
      85
      87
      89
      78
      81
      69
      72
      81
      65
      60
      92
      71
      80
      74
      70
      60
      64
      63
      79
      65
      66
      73
      73
      52
      58
      68
      71
      66
      68
      61
      77
      56
      77
      57
      65
      69
      69
      60
      69
      57
      63
      59
      61
      50
      59
      54
      55
      58
      67
      54
      53
      66
      50
      39
      62
      43
      60
      65
      68
      46
      74
      51
      59
      48
      44
      61
      57
      51
      61
      56
      60
      58
      45
      44
      41
      47
      58
      46
      45
      45
      56
      55
      56
      52
      54
      50
      60
      54
      46
      65
      65
      52
      45
      55
      50
      58
      36
      56
      47
      42
      49
      67
      48
      54
      44
      62
      46
      40
      56
      46
      62
      45
      46
      49
      57
      44
      47
      50
      50
      50
      49
      43
      41
      51
      56
      40
      57
      49
      54
      62
      35
      47
      47
      59
      56
      41
      59
      54
      44
      40
      46
      45
      58
      42
      48
      65
      48
      61
      45
      39
      52
      35
      44
      45
      55
      48
      52
      33
      43
      57
      46
      57
      38
      43
      54
      63
      47
      63
      55
      58
      49
      44
      46
      45
      43
      47
      52
      45
      49
      39
      34
      47
      43
      38
      54
      48
      52
      53
      39
      55
      54
      49
      46
      52
      49
      40
      45
      56
      53
      56
      42
      48
      47
      46
      50
      50
      50
      41
      57
      55
      49
      51
      62
      45
      40
      45
      47
      54
      49
      60
      54
      42
      53
      52
      54
      52
      49
      41
      61
      46
      55
      40
      55
      56
      49
      54
      49
      62
      54
      47
      47
      53
      59
      41
      58
      35
      42
      60
      48
      45
      60
      55
      43
      44
      36
      42
      53
      41
      51
      53
      50
      60
      56
      53
      55
      51
      34
      53
      49
      43
      64
      58
      44
      55
      56
      47
      38
      58
      43
      70
      61
      52
      58
      49
      47
      64
      48
      55
      64
      60
      62
      65
      57
      52
      62
      64
      70
      71
      65
      62
      73
      70
      70
      66
      75
      72
      75
      63
      71
      81
      97
      77
      74
      78
      73
      84
      84
      78
      83
      95
      85
      89
      98
     104
      91
     104
     106
      99
      91
     100
     109
      93
      85
     102
     116
     132
     139
     117
     105
     115
     106
     118
     124
      98
     100
     141
     103
     134
     120
     125
     156
     151
     144
     143
     138
     137
     147
     131
     160
     149
     161
     159
     141
     176
     166
     158
     176
     187
     158
     171
     180
     177
     195
     175
     169
     182
     173
     178
     199
     145
     187
     190
     181
     159
     148
     189
     175
     153
     187
     139
     192
     208
     158
     168
     164
     178
     166
     189
     175
     169
     178
     171
     167
     182
     202
     185
     179
     181
     164
     201
     168
     170
     160
     188
     172
     172
     171
     172
     180
     162
     152
     183
     177
     178
     177
     166
     190
     168
     177
     184
     180
     191
     153
     189
     178
     197
     174
     172
     168
     177
     173
     165
     176
     159
     160
     163
     157
     175
     159
     175
     172
     210
     165
     160
     171
     162
     184
     188
     161
     181
     216
     148
     181
     184
     179
     164
     167
     174
     168
     165
     187
     166
     153
     196
     167
     168
     200
     181
     167
     167
     179
     197
     205
     175
     175
     167
     169
     155
     200
     188
     174
     175
     173
     190
     150
     217
     167
     179
     204
     195
     176
     154
     189
     181
     175
     185
     186
     178
     176
     179
     177
     189
     187
     181
     173
     165
     191
     178
     172
     169
     186
     180
     178
     208
     179
     161
     171
     205
     165
     183
     172
     161
     195
     170
     191
     168
     190
     159
     157
     174
     172
     181
     187
     185
     191
     175
     215
     180
     161
     206
     180
     179
     177
     176
     160
     185
     182
     176
     209
     195
     177
     185
     172
     193
     167
     171
     182
     213
     174
     207
     179
     207
     207
     167
     195
     184
     200
     193
     191
     191
     214
     187
     176
     192
     215
     208
     205
     198
     174
     211
     164
     183
     189
     185
     187
     204
     203
     177
     177
     181
     197
     204
     173
     184
     182
     201
     186
     195
     189
     193
     196
     192
     190
     218
     184
     197
     218
     208
     182
     204
     184
     209
     199
     230
     213
     200
     173
     187
     223
     187
     226
     176
     220
     215
     197
     219
     210
     181
     202
     182
     199
     205
     216
     211
     186
     232
     200
     217
     203
     218
     181
     221
     194
     220
     194
     222
     207
     213
     190
     212
     232
     213
     214
     219
     198
     226
     175
     209
     212
     203
     243
     216
     189
     181
     201
     222
     213
     198
     217
     236
     200
     238
     213
     230
     247
     226
     243
     202
     243
     222
     234
     220
     221
     215
     222
     192
     236
     216
     235
     203
     247
     214
     201
     217
     232
     220
     251
     250
     241
     222
     228
     225
     261
     248
     233
     233
     220
     212
     229
     256
     250
     235
     222
     226
     263
     238
     228
     238
     251
     246
     241
     231
     233
     233
     239
     264
     254
     264
     254
     251
     244
     252
     262
     254
     283
     234
     256
     224
     259
     246
     273
     299
     252
     266
     281
     265
     288
     252
     257
     273
     262
     298
     262
     299
     271
     290
     275
     317
     265
     267
     282
     316
     302
     309
     282
     289
     293
     253
     254
     313
     321
     293
     286
     269
     309
     302
     275
     334
     265
     273
     256
     279
     280
     284
     310
     319
     286
     283
     289
     299
     303
     264
     297
     308
     267
     264
     267
     313
     296
     319
     309
     321
     292
     310
     302
     300
     299
     307
     303
     331
     276
     313
     291
     285
     318
     298
     294
     305
     338
     329
     272
     293
     285
     316
     291
     307
     325
     311
     309
     292
     323
     300
     326
     316
     310
     336
     316
     298
     305
     291
     307
     292
     333
     330
     304
     311
     332
     325
     306
     318
     327
     315
     309
     318
     355
     319
     300
     347
     351
     344
     305
     331
     325
     312
     322
     350
     303
     327
     322
     353
     304
     317
     315
     315
     333
     341
     320
     342
     336
     331
     379
     361
     316
     330
     345
     346
     349
     349
     341
     316
     349
     337
     336
     342
     324
     340
     301
     351
     365
     353
     335
     330
     371
     352
     378
     341
     357
     348
     348
     330
     332
     349
     325
     343
     326
     340
     368
     343
     334
     368
     354
     336
     356
     364
     368
     344
     346
     333
     394
     397
     357
     350
     338
     363
     368
     361
     334
     310
     341
     340
     359
     353
     331
     332
     375
     333
     372
     366
     339
     359
     331
     343
     374
     402
     349
     339
     383
     369
     362
     350
     371
     403
     350
     356
     352
     345
     349
     373
     389
     350
     373
     330
     327
     379
     368
     367
     387
     368
     372
     343
     372
     413
     396
     383
     369
     339
     370
     369
     366
     379
     358
     349
     358
     363
     353
     349
     383
     364
     338
     375
     339
     335
     390
     383
     389
     385
     411
     360
     402
     382
     396
     341
     372
     370
     384
     385
     368
     404
     376
     374
     406
     364
     373
     384
     380
     376
     439
     372
     391
     380
     385
     374
     409
     381
     393
     358
     391
     409
     398
     399
     400
     387
     406
     397
     397
     379
     379
     368
     392
     398
     427
     416
     392
     387
     414
     366
     418
     407
     396
     385
     396
     413
     384
     405
     426
     436
     417
     409
     414
     391
     427
     382
     465
     410
     414
     438
     408
     399
     449
     436
     427
     420
     422
     415
     409
     409
     390
     450
     434
     445
     446
     459
     462
     455
     455
     448
     460
     465
     458
     467
     458
     458
     442
     441
     476
     422
     455
     468
     477
     438
     511
     472
     492
     458
     428
     488
     478
     465
     492
     470
     499
     506
     533
     511
     506
     526
     464
     506
     533
     543
     496
     551
     540
     522
     508
     510
     530
     550
     527
     522
     556
     489
     529
     542
     541
     518
     543
     574
     628
     544
     583
     574
     577
     582
     573
     613
     613
     576
     625
     606
     652
     621
     639
     626
     623
     647
     658
     629
     670
     638
     675
     698
     693
     677
     685
     710
     714
     709
     723
     732
     733
     745
     762
     785
     785
     765
     852
     776
     806
     855
     809
     891
     883
     845
     868
     907
     918
     912
     969
     976
     964
     922
     978
    1006
     991
    1026
    1033
    1001
    1020
    1072
    1058
    1105
    1095
    1105
    1142
    1189
    1141
    1144
    1104
    1228
    1179
    1167
    1177
    1161
    1202
    1174
    1196
    1207
    1227
    1197
    1229
    1269
    1199
    1224
    1227
    1209
    1175
    1175
    1192
    1156
    1212
    1187
    1149
    1140
    1237
    1154
    1175
    1162
    1157
    1169
    1136
    1065
    1105
    1159
    1117
    1103
    1086
    1138
    1074
    1074
    1017
    1052
    1081
    1053
    1041
    1073
    1027
    1016
     982
    1034
     979
    1021
     959
     930
     925
     977
     912
     895
     964
     906
     900
     828
     882
     847
     885
     823
     814
     801
     850
     827
     762
     807
     752
     711
     728
     752
     719
     723
     736
     626
     671
     650
     646
     642
     583
     596
     570
     550
     583
     582
     536
     493
     496
     484
     439
     405
     452
     411
     406
     383
     335
     317
     376
     340
     318
     282
     277
     246
     274
     235
     212
     204
     232
     178
     182
     166
     156
     147
     129
     123
     136
     108
     102
      92
      85
      80
      74
      62
      67
      66
      59
      61
      52
      54
      43
      45
      30
      26
      42
      38
      34
      38
      27
      38
      32
      25
      30
      25
      30
      35
      34
      27
      36
      18
      28
      20
      26
      27
      28
      29
      22
      29
      33
      25
      31
      29
      32
      24
      23
      31
      19
      24
      20
      21
      27
      21
      34
      34
      21
      30
      41
      20
      24
      23
      21
      25
      25
      36
      33
      22
      24
      23
      21
      35
      20
      29
      31
      33
      36
      34
      30
      26
      28
      26
      28
      25
      24
      31
      32
      21
      40
      30
      31
      27
      46
      37
      30
      34
      32
      24
      22
      29
      36
      34
      33
      25
      39
      33
      35
      28
      31
      37
      53
      35
      32
      42
      28
      46
      37
      37
      43
      39
      41
      42
      31
      44
      34
      47
      40
      46
      46
      32
      40
      55
      44
      50
      47
      33
      44
      44
      34
      49
      45
      52
      53
      36
      42
      50
      43
      55
      60
      39
      53
      56
      66
      46
      50
      53
      49
      58
      55
      59
      69
      55
      51
      66
      50
      68
      66
      69
      49
      53
      57
      62
      52
      59
      69
      59
      72
      54
      54
      63
      70
      69
      59
      51
      63
      58
      54
      61
      53
      47
      77
      64
      54
      67
      56
      55
      60
      64
      49
      54
      55
      56
      54
      48
      47
      53
      49
      51
      55
      54
      59
      49
      61
      54
      45
      70
      52
      42
      43
      46
      53
      39
      45
      55
      55
      43
      46
      47
      39
      46
      47
      43
      54
      36
      40
      48
      44
      40
      43
      35
      59
      52
      32
      46
      35
      36
      30
      35
      31
      35
      39
      36
      30
      31
      52
      28
      32
      29
      31
      21
      34
      32
      32
      34
      28
      26
      28
      20
      27
      28
      31
      28
      20
      22
      24
      15
      15
      23
      16
      25
      22
      22
      18
      26
      13
       9
      19
      16
      16
      14
      16
      13
      20
       9
       5
       8
      14
      10
      10
       4
       8
      11
       6
       4
       5
       3
       2
      12
       2
       6
       3
       2
       0
       3
       3
       3
       2
       5
       2
       2
       1
       2
       4
       2
       0
       1
       1
       0
       2
       0
       1
       2
       1
       2
       1
       1
       2
       0
       2
       1
       0
       1
       1
       2
       1
       0
       1
       1
       0
       0
       1
       0
       2
       0
       0
       0
       0
       2
       1
       0
       0
       1
       1
       0
       0
       0
       0
       1
       0
       0
       0
       0
       0
       0
       0
       0
       0
       1
       1
       0
       1
       1
       0
       0
       0
       0
       2
       0
       2
       0
       0
       0
       2
       1
       0
       0
       0
       0
       0
       1
       1
       1
       0
       0
       1
       0
       0
       0
       0
       0
       0
       0
       0
       0
       0
       2
       0
       0
       0
       1
       0
       0
       1
       1
       0
       0
       0
       0
       0
       0
       0
       0
       0
       1
       0
       0
       1
       0
       0
       0
       1
       0
       2
       0
       0
       0
       1
       2
       0
       1
       0
       0
       1
       0
       0
       0
       0
       0
       0
       0
       0
       1
       0
       0
       0
       1
       0
       0
       1
       1
       0
       0
       0
       1
       0
       0
       0
       1
       1
       0
       0
       0
       2
       0
       2
       1
       1
       0
       0
       1
       1
       0
       0
       0
       0
       0
       1
       0
       0
       0
       0
       1
       1
       0
       0
       1
       0
       1
       0
       0
       0
       0
       0
       1
       0
       0
       0
       1
       0
       0
       0
       0
       0
       0
       0
       2
       0
       0
       0
       0
       0
       0
       0
       0
       0
       1
       0
       1
       1
       0
       0
       1
       1
       0
       0
       0
       0
       0
       0
       0
       0
       0
       0
       0
       0
       0
       0
       0
       0
       0
       0
       0
       0
       0
       0
       0
       0
       0
       0
       0
       0
       0
       0
       0
       0
       0
       0
       0
       0
       0
       0
       0
       0
       0
       0
       0
       0
       0
       0
       0
       0
       0
       0
       0
       0
       0
       0
       0
       0
       0
       0
       0
       0
       0
       0
       0
       0
       0
       0
       0
       0
       0
       0
       0
       0
       0
$ROI:
0
$PRESETS:
Live Time
600
0
$ENER_FIT:
0.000000 0.000000
$MCA_CAL:
3
0.000000E+000 0.000000E+000 0.000000E+000 
$SHAPE_CAL:
3
0.000000E+000 0.000000E+000 0.000000E+000
