$SPEC_ID:
No sample description was entered.
$SPEC_REM:
DET# 1
DETDESC# PHY-R11-37 MCB 129
AP# Maestro Version 7.01
$DATE_MEA:
11/13/2012 15:29:19
$MEAS_TIM:
210 220
$DATA:
0 2047
       0
       0
       0
       0
       0
       0
       0
       0
       0
       0
       0
       0
       0
       0
       0
       0
       0
       0
       0
       0
       0
       0
       0
       0
       0
       0
       0
       0
       0
       0
       0
       0
       0
       0
       0
       0
       0
       0
       0
       0
       0
       0
       0
       0
       0
       0
       0
       0
       0
       0
       0
       0
       0
       0
       0
       0
       0
       0
       0
       0
       0
       0
       2
       0
       9
      23
      32
     340
     625
     664
     633
     618
     666
     627
     599
     577
     585
     589
     589
     588
     561
     557
     552
     590
     534
     506
     534
     537
     529
     496
     553
     512
     526
     509
     528
     509
     529
     517
     506
     539
     480
     518
     501
     538
     534
     498
     510
     547
     501
     509
     496
     487
     550
     501
     481
     470
     504
     539
     477
     482
     490
     486
     556
     561
     499
     515
     510
     545
     487
     492
     538
     552
     521
     535
     532
     571
     571
     625
     551
     572
     586
     627
     665
     648
     675
     735
     770
     762
     784
     875
     942
     940
     976
    1032
    1080
    1102
    1168
    1210
    1241
    1289
    1307
    1417
    1466
    1450
    1488
    1495
    1497
    1509
    1481
    1518
    1563
    1547
    1526
    1620
    1568
    1618
    1580
    1538
    1615
    1606
    1612
    1605
    1633
    1606
    1629
    1644
    1664
    1629
    1645
    1666
    1623
    1709
    1659
    1546
    1639
    1672
    1656
    1645
    1696
    1656
    1660
    1597
    1610
    1610
    1627
    1545
    1627
    1551
    1615
    1564
    1568
    1664
    1620
    1635
    1584
    1621
    1672
    1696
    1674
    1648
    1622
    1597
    1693
    1620
    1678
    1636
    1577
    1597
    1631
    1615
    1544
    1552
    1590
    1633
    1648
    1731
    1602
    1664
    1619
    1602
    1667
    1691
    1733
    1578
    1643
    1642
    1601
    1666
    1623
    1625
    1643
    1582
    1637
    1725
    1682
    1613
    1650
    1652
    1698
    1663
    1715
    1632
    1639
    1647
    1712
    1621
    1678
    1754
    1727
    1710
    1689
    1687
    1634
    1696
    1739
    1794
    1849
    1762
    1760
    1832
    1766
    1769
    1909
    1822
    1815
    1949
    1864
    1959
    1899
    2047
    1954
    2017
    2133
    2085
    2070
    2179
    2191
    2139
    2238
    2254
    2277
    2303
    2387
    2394
    2353
    2384
    2423
    2433
    2482
    2443
    2401
    2520
    2452
    2475
    2530
    2532
    2550
    2479
    2587
    2609
    2574
    2569
    2509
    2478
    2691
    2581
    2584
    2533
    2700
    2737
    2642
    2576
    2634
    2623
    2724
    2635
    2633
    2678
    2749
    2697
    2757
    2676
    2753
    2648
    2690
    2697
    2750
    2707
    2765
    2829
    2756
    2809
    2722
    2869
    2847
    2745
    2892
    2841
    2776
    2879
    2843
    2941
    2860
    2881
    3036
    2989
    2892
    2983
    2960
    3162
    3082
    3105
    3076
    3115
    3031
    3154
    3135
    3214
    3169
    3177
    3159
    3104
    3168
    3171
    3296
    3240
    3240
    3366
    3286
    3347
    3371
    3366
    3283
    3340
    3401
    3572
    3452
    3491
    3546
    3531
    3601
    3622
    3555
    3767
    3747
    3685
    3636
    3718
    3721
    3850
    3833
    3793
    3886
    4041
    4028
    4042
    4077
    4130
    4291
    4240
    4266
    4313
    4487
    4520
    4543
    4557
    4592
    4718
    4791
    4802
    4982
    5090
    5157
    5329
    5318
    5571
    5638
    5769
    5958
    6204
    6153
    6406
    6661
    6852
    7049
    7361
    7562
    7599
    8107
    8370
    8697
    9122
    9382
    9603
   10021
   10243
   10916
   11125
   11570
   11981
   12754
   13044
   13233
   13550
   13877
   14107
   14154
   14691
   14887
   15357
   15417
   15691
   15384
   15400
   15847
   15582
   15567
   15326
   15144
   15123
   14808
   14359
   13984
   13561
   13059
   12719
   12231
   11523
   10867
   10182
    9641
    9102
    8500
    7596
    6959
    6363
    5740
    5211
    4657
    4020
    3545
    3140
    2716
    2282
    1911
    1729
    1430
    1275
    1031
     913
     775
     717
     614
     510
     489
     422
     390
     350
     372
     346
     345
     354
     356
     338
     307
     340
     288
     327
     343
     320
     351
     329
     367
     362
     363
     316
     355
     390
     363
     412
     417
     387
     430
     406
     418
     458
     451
     463
     467
     494
     490
     478
     519
     539
     615
     589
     553
     608
     592
     645
     665
     660
     712
     659
     713
     743
     716
     746
     748
     762
     770
     788
     797
     833
     735
     839
     783
     809
     844
     755
     786
     758
     808
     760
     767
     749
     732
     698
     713
     690
     656
     664
     665
     582
     567
     506
     525
     475
     440
     384
     361
     344
     335
     310
     245
     202
     205
     199
     189
     166
     146
     128
     128
      88
      84
      90
      81
      64
      65
      53
      43
      40
      48
      42
      52
      43
      52
      40
      42
      40
      45
      36
      53
      44
      39
      41
      38
      38
      38
      38
      44
      44
      42
      45
      39
      33
      36
      50
      34
      52
      28
      45
      43
      45
      40
      34
      36
      48
      31
      43
      30
      32
      35
      40
      38
      48
      31
      37
      48
      46
      44
      47
      40
      40
      42
      32
      36
      36
      47
      39
      38
      35
      39
      45
      40
      36
      29
      38
      34
      35
      47
      46
      37
      33
      41
      37
      37
      26
      40
      43
      53
      43
      38
      34
      39
      39
      36
      28
      37
      37
      45
      39
      36
      34
      28
      31
      30
      35
      41
      38
      43
      33
      32
      28
      24
      32
      36
      35
      37
      27
      35
      30
      44
      46
      40
      45
      33
      34
      33
      35
      26
      21
      32
      47
      35
      29
      34
      30
      41
      38
      31
      32
      32
      37
      39
      34
      29
      35
      25
      32
      33
      47
      30
      32
      30
      35
      38
      38
      27
      31
      34
      27
      25
      36
      34
      36
      30
      30
      28
      42
      37
      39
      30
      35
      41
      42
      42
      31
      26
      29
      28
      31
      27
      35
      34
      38
      29
      26
      31
      34
      37
      37
      36
      30
      28
      27
      26
      39
      38
      32
      34
      31
      30
      28
      35
      29
      27
      17
      29
      35
      33
      33
      40
      23
      38
      25
      34
      33
      32
      27
      36
      27
      31
      40
      24
      33
      28
      27
      27
      31
      34
      29
      28
      20
      28
      32
      31
      31
      31
      32
      42
      28
      25
      28
      30
      34
      36
      44
      40
      33
      34
      30
      37
      34
      35
      30
      23
      29
      22
      32
      21
      23
      28
      31
      25
      36
      20
      21
      26
      22
      37
      30
      28
      16
      30
      22
      29
      26
      21
      22
      27
      24
      23
      27
      24
      19
      22
      24
      27
      25
      22
      21
      25
      23
      28
      29
      22
      30
      35
      30
      24
      14
      23
      30
      30
      26
      37
      30
      23
      25
      22
      30
      13
      35
      19
      24
      26
      20
      32
      27
      32
      22
      13
      25
      24
      20
      16
      20
      15
      19
      19
      21
      15
      28
      18
      14
      20
      21
      10
      15
      15
      20
       9
      25
      14
      13
      11
      13
      19
      13
      11
      12
      16
      12
      11
      11
      10
      13
       5
      10
      11
      14
       5
       9
       6
       7
      10
       3
       7
       7
       3
       5
       4
       2
       3
       5
       2
       2
       5
       5
       3
       2
       5
       3
       2
       3
       3
       4
       1
       4
       3
       5
       0
       0
       2
       3
       4
       6
       1
       1
       1
       3
       3
       2
       1
       3
       1
       0
       3
       2
       5
       2
       2
       3
       6
       0
       3
       5
       5
       2
       3
       4
       0
       2
       2
       3
       2
       0
       4
       2
       3
       2
       5
       3
       3
       5
       4
       5
       0
       2
       1
       1
       1
       2
       1
       1
       3
       0
       1
       2
       0
       3
       3
       0
       1
       1
       0
       1
       3
       1
       3
       0
       3
       0
       0
       0
       3
       0
       1
       1
       0
       1
       1
       1
       0
       0
       1
       0
       0
       1
       1
       0
       0
       0
       0
       0
       0
       0
       0
       0
       0
       0
       0
       1
       0
       0
       1
       1
       3
       0
       0
       0
       0
       0
       0
       1
       1
       0
       1
       1
       0
       0
       0
       0
       1
       2
       0
       0
       0
       0
       0
       0
       0
       0
       0
       0
       0
       0
       0
       0
       0
       1
       0
       1
       0
       0
       0
       1
       1
       0
       0
       0
       0
       0
       0
       0
       0
       0
       0
       0
       0
       0
       0
       0
       1
       0
       0
       0
       0
       0
       0
       0
       0
       1
       0
       0
       1
       0
       0
       0
       0
       1
       1
       0
       1
       0
       0
       0
       0
       0
       0
       1
       0
       0
       0
       0
       0
       0
       0
       0
       0
       0
       0
       0
       0
       0
       0
       0
       0
       0
       0
       0
       0
       0
       0
       0
       0
       0
       0
       0
       0
       0
       2
       0
       2
       0
       0
       0
       0
       0
       0
       0
       0
       0
       1
       0
       1
       0
       0
       0
       0
       0
       0
       0
       0
       0
       0
       1
       0
       0
       0
       0
       0
       0
       0
       0
       0
       0
       0
       0
       0
       0
       0
       0
       0
       1
       0
       0
       1
       0
       0
       0
       1
       1
       0
       0
       0
       0
       0
       0
       0
       0
       0
       0
       0
       0
       0
       1
       1
       0
       0
       0
       0
       1
       0
       0
       0
       0
       0
       0
       0
       0
       1
       0
       0
       0
       0
       0
       0
       0
       0
       0
       0
       0
       0
       0
       0
       0
       0
       0
       0
       0
       0
       0
       0
       0
       0
       0
       1
       0
       0
       0
       0
       0
       0
       0
       0
       0
       0
       0
       0
       0
       0
       0
       1
       0
       0
       0
       0
       0
       0
       0
       0
       0
       0
       0
       0
       0
       0
       0
       0
       0
       0
       0
       0
       0
       0
       0
       0
       0
       0
       0
       0
       0
       1
       0
       0
       0
       0
       0
       0
       0
       0
       0
       0
       0
       0
       0
       0
       0
       0
       0
       0
       0
       0
       0
       0
       0
       0
       0
       0
       0
       0
       0
       0
       0
       0
       0
       0
       0
       0
       0
       0
       0
       0
       0
       0
       0
       0
       0
       0
       0
       0
       0
       0
       0
       0
       0
       0
       0
       0
       0
       0
       0
       0
       0
       0
       0
       0
       0
       0
       0
       0
       0
       0
       0
       0
       0
       0
       0
       0
       0
       0
       0
       0
       0
       0
       0
       0
       0
       0
       0
       0
       0
       0
       0
       0
       0
       0
       0
       0
       0
       0
       0
       0
       0
       0
       0
       0
       0
       0
       0
       1
       0
       0
       0
       0
       0
       0
       0
       0
       0
       0
       0
       0
       0
       0
       0
       0
       0
       0
       0
       0
       0
       0
       0
       0
       0
       0
       0
       0
       0
       0
       0
       0
       0
       0
       0
       0
       0
       0
       0
       0
       0
       0
       0
       0
       0
       0
       0
       0
       0
       0
       0
       0
       0
       0
       0
       0
       0
       0
       0
       0
       0
       0
       0
       0
       0
       0
       0
       0
       0
       0
       0
       0
       0
       0
       0
       0
       0
       0
       0
       0
       0
       0
       0
       0
       0
       0
       0
       0
       0
       0
       0
       0
       0
       0
       0
       0
       0
       0
       0
       0
       0
       0
       0
       0
       0
       0
       0
       0
       0
       0
       0
       0
       0
       0
       0
       0
       0
       0
       0
       0
       0
       0
       0
       0
       0
       0
       0
       0
       0
       0
       0
       0
       0
       0
       0
       0
       0
       0
       0
       0
       0
       0
       0
       0
       0
       0
       0
       0
       0
       0
       0
       0
       0
       0
       0
       0
       0
       0
       0
       0
       0
       0
       0
       0
       0
       0
       0
       0
       0
       0
       0
       0
       0
       0
       0
       0
       0
       0
       0
       0
       0
       0
       0
       0
       0
       0
       0
       0
       0
       0
       0
       0
       0
       0
       0
       0
       0
       0
       0
       0
       0
       0
       0
       0
       0
       0
       0
       0
       0
       0
       0
       0
       0
       0
       0
       0
       0
       0
       0
       0
       0
       0
       0
       0
       0
       0
       0
       0
       0
       0
       0
       0
       0
       0
       0
       0
       0
       0
       0
       0
       0
       0
       0
       0
       0
       0
       0
       0
       0
       0
       0
       0
       0
       0
       0
       0
       0
       0
       0
       0
       0
       0
       0
       0
       0
       0
       0
       0
       0
       0
       0
       0
       0
       0
       0
       0
       0
       0
       0
       0
       0
       0
       0
       0
       0
       0
       0
       0
       0
       0
       0
       0
       0
       0
       0
       0
       0
       0
       0
       0
       0
       0
       0
       0
       0
       0
       0
       0
       0
       0
       0
       0
       0
       0
       0
       0
       0
       0
       0
       0
       0
       0
       0
       0
       0
       0
       0
       0
       0
       0
       0
       0
       0
       0
       0
       0
       0
       0
       0
       0
       0
       0
       0
       0
       0
       0
       0
       0
       0
       0
       0
       0
       0
       0
       0
       0
       0
       0
       0
       0
       0
       0
       0
       0
       0
       0
       0
       0
       0
       0
       0
       0
       0
       0
       0
       0
       0
       0
       0
       0
       0
       0
       0
       0
       0
       0
       0
       0
       0
       0
       0
       0
       0
       0
       0
       0
       0
       0
       0
       0
       0
       0
       0
       0
       0
       0
       0
       0
       0
       0
       0
       0
       0
       0
       0
       0
       0
       0
       0
       0
       0
       0
       0
       0
       0
       0
       0
       0
       0
       0
       0
       0
       0
       0
       0
       0
       0
       0
       0
       0
       0
       0
       0
       0
       0
       0
       0
       0
       0
       0
       0
       0
       0
       0
       0
       0
       0
       0
       0
       0
       0
       0
       0
       0
       0
       0
       0
       0
       0
       0
       0
       0
       0
       0
       0
       0
       0
       0
       0
       0
       0
       0
       0
       0
       0
       0
       0
       0
       0
       0
       0
       0
       0
       0
       0
       0
       0
       0
       0
       0
       0
       0
       0
       0
       0
       0
       0
       0
       0
       0
       0
       0
       0
       0
       0
       0
       0
       0
       0
       0
       0
       0
       0
       0
       0
       0
       0
       0
       0
       0
       0
       0
       0
       0
       0
       0
       0
       0
       0
       0
       0
       0
       0
       0
       0
       0
       0
       0
       0
       0
       0
       0
       0
       0
       0
       0
       0
       0
       0
       0
       0
       0
       0
       0
       0
$ROI:
0
$PRESETS:
Live Time
300
0
$ENER_FIT:
0.000000 0.000000
$MCA_CAL:
3
0.000000E+000 0.000000E+000 0.000000E+000 
$SHAPE_CAL:
3
0.000000E+000 0.000000E+000 0.000000E+000
