$SPEC_ID:
No sample description was entered.
$SPEC_REM:
DET# 1
DETDESC# PHY-R11-37 MCB 129
AP# Maestro Version 7.01
$DATE_MEA:
11/22/2012 17:30:18
$MEAS_TIM:
600 602
$DATA:
0 2047
       0
       0
       0
       0
       0
       0
       0
       0
       0
       0
       0
       0
       0
       0
       0
       0
       0
       0
       0
       0
       0
       0
       0
       0
       0
       0
       0
       0
       0
       0
       0
       0
       0
       0
       0
       0
       0
       0
       0
       0
       0
       0
       0
       1
       0
       0
       0
       3
     193
     209
     176
     172
     155
     168
     136
     137
     105
     108
     122
     108
     103
      85
      94
      76
     103
      74
      66
      74
      60
      78
      68
      61
      73
      55
      60
      51
      59
      50
      63
      69
      63
      72
      59
      58
      56
      52
      46
      60
      55
      52
      48
      36
      52
      45
      48
      48
      41
      55
      51
      52
      42
      43
      54
      53
      47
      44
      46
      56
      44
      52
      40
      52
      52
      46
      47
      58
      45
      59
      44
      56
      30
      41
      34
      44
      44
      47
      47
      45
      44
      56
      35
      43
      36
      47
      52
      44
      45
      31
      48
      41
      47
      40
      43
      45
      48
      32
      42
      40
      46
      49
      43
      33
      44
      46
      44
      35
      40
      31
      50
      53
      41
      36
      45
      33
      44
      41
      33
      39
      48
      40
      53
      39
      48
      36
      42
      43
      40
      38
      38
      34
      39
      37
      32
      34
      44
      36
      34
      40
      34
      34
      32
      45
      36
      38
      38
      37
      40
      35
      36
      44
      46
      34
      38
      41
      32
      33
      49
      33
      36
      41
      36
      39
      32
      31
      35
      34
      35
      34
      34
      41
      44
      31
      31
      39
      30
      38
      47
      29
      30
      31
      37
      34
      39
      35
      55
      36
      35
      36
      31
      32
      29
      34
      29
      28
      42
      41
      29
      40
      43
      36
      35
      39
      36
      30
      29
      36
      36
      36
      33
      38
      47
      25
      35
      35
      36
      31
      34
      39
      22
      32
      29
      36
      42
      42
      36
      33
      35
      33
      34
      32
      44
      36
      34
      34
      27
      34
      34
      28
      38
      28
      26
      34
      31
      36
      26
      30
      37
      29
      45
      28
      39
      34
      33
      23
      39
      41
      29
      33
      22
      35
      36
      37
      36
      34
      34
      40
      35
      37
      30
      29
      31
      31
      36
      22
      25
      36
      37
      29
      35
      35
      30
      45
      36
      34
      31
      28
      24
      26
      41
      38
      26
      30
      32
      32
      35
      38
      50
      22
      31
      48
      21
      39
      34
      44
      33
      35
      48
      28
      44
      25
      37
      36
      32
      35
      35
      45
      47
      36
      39
      35
      52
      41
      43
      42
      40
      36
      34
      67
      48
      38
      42
      43
      41
      56
      53
      55
      62
      51
      48
      54
      60
      59
      62
      58
      51
      56
      60
      67
      48
      58
      68
      54
      67
      59
      66
      54
      79
      68
      72
      60
      76
      74
      82
      82
      75
      70
      78
      77
      83
      81
     100
      77
      79
      92
      75
      85
      97
      80
      88
      80
     103
      96
     102
     104
     103
     111
      99
     102
     105
     121
     104
     110
     109
     120
     122
     123
     109
     117
     120
     131
     110
     137
     116
     140
     121
     109
     123
     127
     136
     123
     126
     124
     122
     106
     111
     121
     112
     132
     115
     118
     122
     120
     122
     108
     114
     126
     125
     128
     126
     125
     128
     125
     128
     116
     140
     127
     110
     122
     153
     128
     107
     123
     131
     107
     106
     121
     143
     115
     142
     126
     132
     120
     132
     116
     145
     133
     117
     111
     115
     139
     121
     121
     121
     114
     120
     130
     114
      92
     137
     128
     120
     135
     133
     133
     128
     136
     118
     139
     142
     117
     121
     137
     112
     128
     118
     131
     109
     116
     120
     129
     131
     121
     124
     115
     135
     120
     134
     113
     103
     128
     114
     112
     128
     118
     126
     130
     128
     119
     113
     114
     133
     118
     117
     116
     129
     123
     132
     134
     127
     115
     112
     107
     136
     132
     113
     125
     123
     140
      95
     138
     147
     129
     132
     122
     122
     132
     120
     111
     131
     152
     121
     120
     114
     110
     133
     139
     134
     108
     145
     115
     130
     105
     130
     128
     141
     127
     139
     131
     103
     111
     120
     124
     118
     115
     116
     127
     127
     114
     131
     130
     114
     132
     131
     122
     129
     134
     122
     124
     126
     121
     118
     127
     129
     123
     129
     126
     143
     130
     146
     128
     100
     139
     127
     136
     133
     122
     147
     125
     117
     149
     139
     146
     124
     126
     123
     135
     133
     153
     142
     138
     113
     131
     122
     146
     118
     140
     129
     136
     116
     131
     148
     150
     132
     120
     130
     140
     129
     152
     134
     139
     123
     149
     123
     136
     123
     152
     150
     145
     157
     126
     141
     141
     120
     129
     134
     122
     127
     141
     158
     125
     142
     154
     159
     129
     132
     141
     133
     136
     143
     130
     140
     152
     155
     127
     130
     154
     106
     146
     143
     144
     135
     127
     165
     140
     156
     147
     135
     167
     125
     133
     143
     163
     148
     149
     136
     135
     131
     117
     158
     146
     149
     167
     148
     166
     147
     153
     150
     138
     139
     153
     149
     165
     146
     160
     160
     167
     179
     158
     150
     137
     144
     156
     156
     156
     145
     158
     137
     155
     171
     173
     167
     163
     149
     145
     139
     132
     144
     159
     154
     165
     151
     162
     172
     144
     172
     163
     188
     173
     187
     155
     146
     153
     166
     172
     182
     174
     153
     167
     145
     172
     153
     161
     171
     144
     178
     152
     158
     170
     171
     197
     185
     173
     181
     169
     187
     171
     174
     183
     171
     185
     176
     184
     179
     166
     178
     168
     177
     206
     183
     194
     190
     204
     191
     194
     208
     197
     213
     200
     199
     183
     185
     197
     202
     194
     176
     197
     213
     215
     215
     187
     207
     181
     215
     218
     212
     197
     202
     195
     230
     183
     212
     216
     205
     193
     214
     220
     192
     218
     209
     203
     206
     227
     201
     187
     208
     209
     194
     213
     205
     222
     238
     207
     214
     207
     221
     191
     206
     187
     216
     210
     231
     201
     196
     203
     213
     231
     222
     209
     184
     230
     184
     214
     229
     221
     220
     230
     212
     173
     237
     226
     196
     225
     238
     216
     218
     235
     208
     223
     210
     226
     230
     223
     208
     217
     235
     229
     217
     194
     220
     238
     203
     212
     210
     224
     228
     227
     242
     250
     215
     191
     240
     206
     215
     242
     235
     253
     217
     214
     229
     236
     205
     215
     226
     262
     260
     220
     228
     219
     224
     237
     200
     245
     250
     265
     236
     239
     253
     225
     217
     243
     222
     260
     245
     253
     258
     243
     244
     277
     240
     227
     262
     249
     214
     240
     229
     265
     248
     238
     256
     248
     237
     235
     223
     260
     271
     220
     242
     239
     232
     235
     256
     253
     235
     236
     248
     219
     234
     257
     242
     243
     244
     260
     249
     242
     226
     250
     224
     245
     257
     244
     245
     229
     242
     248
     247
     218
     243
     228
     256
     249
     227
     229
     263
     258
     242
     284
     213
     245
     232
     259
     249
     260
     236
     283
     253
     241
     237
     244
     251
     233
     278
     247
     228
     245
     260
     270
     257
     260
     283
     245
     257
     274
     248
     239
     247
     234
     276
     272
     281
     238
     286
     254
     257
     246
     284
     240
     247
     257
     249
     269
     239
     234
     258
     248
     245
     272
     253
     237
     272
     260
     229
     272
     271
     269
     234
     271
     237
     252
     289
     261
     282
     262
     270
     303
     238
     286
     263
     272
     259
     265
     249
     273
     250
     263
     261
     262
     268
     265
     276
     289
     291
     311
     271
     263
     267
     296
     240
     268
     253
     287
     280
     262
     259
     286
     298
     265
     285
     287
     283
     281
     283
     273
     297
     333
     309
     295
     284
     290
     293
     314
     256
     269
     272
     264
     300
     299
     314
     288
     293
     283
     312
     268
     288
     291
     325
     290
     303
     283
     303
     297
     311
     324
     320
     331
     288
     301
     292
     328
     317
     293
     316
     300
     311
     304
     315
     321
     281
     360
     327
     298
     328
     314
     296
     308
     318
     319
     311
     338
     328
     340
     313
     317
     351
     333
     319
     382
     335
     323
     313
     367
     372
     367
     361
     346
     352
     368
     376
     330
     367
     366
     388
     358
     356
     389
     372
     362
     333
     375
     377
     403
     387
     370
     414
     364
     393
     402
     389
     382
     401
     358
     403
     428
     418
     413
     426
     384
     405
     404
     416
     407
     441
     424
     431
     429
     449
     455
     442
     471
     495
     473
     422
     504
     481
     441
     510
     481
     439
     486
     492
     531
     515
     538
     522
     548
     563
     554
     584
     587
     529
     602
     578
     637
     574
     650
     674
     659
     622
     628
     669
     666
     618
     649
     700
     699
     768
     722
     701
     751
     732
     787
     755
     763
     814
     777
     805
     775
     781
     775
     862
     847
     868
     803
     837
     867
     827
     879
     817
     842
     848
     891
     830
     807
     820
     831
     822
     877
     816
     828
     835
     879
     835
     867
     845
     820
     803
     846
     827
     828
     902
     790
     790
     774
     754
     811
     775
     745
     742
     768
     743
     735
     762
     743
     731
     737
     750
     731
     730
     742
     698
     686
     641
     715
     669
     682
     633
     741
     682
     701
     560
     629
     631
     623
     587
     633
     628
     620
     573
     564
     553
     568
     563
     575
     554
     510
     503
     491
     518
     473
     459
     459
     460
     466
     449
     427
     429
     448
     390
     425
     388
     354
     401
     348
     333
     351
     292
     333
     343
     302
     289
     248
     258
     253
     226
     252
     226
     236
     217
     173
     184
     200
     170
     163
     148
     165
     151
     125
     107
     106
      99
     103
      76
      71
      65
      55
      63
      43
      64
      61
      54
      46
      29
      32
      29
      43
      28
      34
      28
      26
      30
      32
      23
      27
      16
      23
      18
      22
      18
      35
      18
      11
      26
      23
      19
      15
      14
      19
      15
      16
      23
      13
      27
      20
      14
      16
      15
      24
      11
      26
      23
      24
      17
      15
      22
      27
      25
      24
      16
      23
      18
      24
      20
      22
      21
      18
      24
      19
      16
      16
      16
      16
      24
      25
      28
      21
      21
      16
      15
      25
      11
      13
      13
      20
      28
      21
      24
      23
      12
      22
      17
      18
      31
      22
      26
      15
      15
      20
      17
      17
      23
      27
      23
      20
      29
      20
      16
      23
      22
      22
      22
      27
      24
      34
      17
      17
      28
      26
      21
      35
      34
      21
      24
      22
      25
      22
      31
      28
      22
      21
      24
      28
      28
      33
      24
      33
      11
      37
      28
      31
      29
      31
      38
      34
      31
      33
      36
      28
      30
      36
      48
      41
      30
      30
      38
      40
      29
      47
      49
      43
      26
      50
      35
      37
      43
      44
      49
      50
      38
      42
      41
      35
      26
      50
      41
      37
      35
      47
      57
      48
      43
      45
      42
      48
      36
      45
      48
      37
      41
      33
      42
      33
      42
      42
      40
      29
      47
      39
      41
      36
      47
      33
      26
      46
      47
      39
      28
      46
      42
      43
      35
      41
      44
      45
      36
      33
      33
      33
      23
      38
      49
      42
      35
      37
      38
      32
      30
      23
      30
      32
      31
      39
      34
      28
      35
      36
      34
      23
      33
      30
      41
      28
      34
      30
      29
      32
      28
      39
      22
      33
      31
      32
      17
      36
      19
      24
      24
      32
      31
      16
      26
      21
      23
      26
      17
      19
      20
      21
      18
      21
      15
      19
      17
      21
      17
      20
      16
      22
      11
      24
      11
      13
      12
      17
      14
      15
      12
      24
      12
      18
      15
      14
      14
      16
       5
       9
       4
      10
      10
       5
       4
      10
       7
       2
       6
       4
       0
       9
       3
       2
       4
       5
       4
       5
       2
       5
       2
       3
       1
       1
       0
       2
       1
       1
       3
       3
       2
       0
       1
       2
       1
       2
       0
       1
       1
       0
       1
       0
       1
       1
       0
       0
       1
       0
       1
       0
       1
       1
       0
       0
       0
       0
       1
       0
       2
       1
       1
       0
       0
       1
       0
       0
       0
       0
       1
       1
       0
       1
       0
       0
       0
       0
       0
       0
       0
       0
       0
       0
       0
       0
       1
       0
       0
       0
       0
       1
       0
       0
       0
       0
       0
       0
       0
       0
       0
       1
       0
       0
       0
       0
       0
       0
       0
       0
       0
       0
       0
       0
       0
       0
       1
       1
       0
       0
       0
       0
       0
       0
       0
       0
       0
       0
       0
       0
       0
       0
       0
       0
       0
       0
       0
       0
       0
       0
       0
       0
       0
       0
       1
       0
       0
       0
       0
       2
       0
       0
       1
       0
       0
       0
       0
       0
       0
       0
       0
       0
       0
       0
       0
       0
       1
       0
       0
       0
       1
       0
       0
       1
       0
       0
       0
       0
       0
       1
       0
       0
       0
       2
       0
       0
       0
       0
       0
       0
       0
       0
       0
       0
       1
       1
       1
       0
       0
       0
       1
       0
       0
       0
       0
       0
       0
       0
       0
       0
       0
       0
       0
       0
       1
       0
       1
       0
       1
       0
       0
       0
       0
       0
       0
       0
       0
       0
       0
       0
       0
       0
       1
       0
       0
       0
       0
       0
       0
       0
       0
       0
       0
       0
       0
       0
       0
       0
       0
       0
       0
       0
       0
       0
       0
       0
       0
       0
       0
       0
       0
       0
       0
       0
       0
       0
       0
       0
       0
       0
       0
       0
       0
       0
       0
       0
       0
       0
       0
       0
       0
       0
       0
       0
       0
       0
       0
       0
       0
       0
       0
       0
       0
       0
       0
       0
       0
       0
       0
       0
       0
       0
       0
       0
       0
       0
       0
       0
       0
       0
       0
       0
       0
       0
       0
       0
       0
       0
       0
       0
       0
       0
       0
       0
       0
       0
$ROI:
0
$PRESETS:
Live Time
600
0
$ENER_FIT:
0.000000 0.000000
$MCA_CAL:
3
0.000000E+000 0.000000E+000 0.000000E+000 
$SHAPE_CAL:
3
0.000000E+000 0.000000E+000 0.000000E+000
