$SPEC_ID:
No sample description was entered.
$SPEC_REM:
DET# 1
DETDESC# PHY-R11-37 MCB 129
AP# Maestro Version 7.01
$DATE_MEA:
11/22/2012 16:19:08
$MEAS_TIM:
600 608
$DATA:
0 2047
       0
       0
       0
       0
       0
       0
       0
       0
       0
       0
       0
       0
       0
       0
       0
       0
       0
       0
       0
       0
       0
       0
       0
       0
       0
       0
       0
       0
       0
       0
       0
       0
       0
       0
       0
       0
       0
       0
       0
       2
       0
       2
       5
       2
       2
       4
       3
      27
     704
     689
     632
     608
     547
     500
     453
     467
     431
     381
     337
     330
     328
     342
     313
     294
     309
     284
     312
     287
     281
     263
     272
     231
     246
     252
     251
     228
     209
     231
     214
     228
     228
     228
     207
     219
     204
     212
     239
     228
     206
     223
     205
     170
     208
     210
     203
     216
     204
     188
     206
     180
     167
     167
     200
     224
     211
     191
     186
     181
     170
     170
     217
     172
     178
     180
     151
     197
     185
     193
     194
     157
     178
     176
     184
     147
     155
     185
     179
     166
     178
     143
     167
     168
     161
     161
     158
     171
     158
     150
     148
     156
     147
     186
     152
     182
     157
     151
     193
     161
     175
     163
     163
     186
     147
     160
     149
     166
     167
     156
     150
     161
     141
     173
     175
     168
     154
     149
     160
     170
     127
     157
     145
     135
     176
     152
     144
     180
     145
     139
     132
     156
     122
     159
     154
     148
     162
     140
     138
     136
     132
     151
     126
     147
     164
     134
     129
     154
     150
     147
     140
     139
     118
     149
     135
     135
     147
     155
     121
     134
     137
     130
     142
     126
     127
     145
     130
     144
     158
     152
     146
     152
     124
     143
     146
     139
     149
     150
     131
     126
     155
     147
     153
     164
     129
     142
     146
     141
     142
     140
     144
     137
     144
     142
     141
     142
     163
     105
     128
     122
     129
     143
     134
     155
     115
     127
     132
     131
     153
     140
     137
     127
     128
     149
     154
     147
     142
     139
     133
     124
     155
     136
     150
     136
     135
     124
     127
     147
     148
     143
     140
     147
     144
     133
     144
     150
     147
     132
     161
     152
     133
     129
     141
     142
     143
     141
     143
     145
     132
     124
     145
     130
     145
     130
     156
     147
     135
     145
     124
     149
     139
     119
     145
     154
     144
     142
     147
     142
     134
     145
     127
     144
     151
     134
     132
     161
     143
     146
     142
     126
     170
     134
     148
     156
     128
     133
     148
     146
     136
     134
     154
     136
     134
     159
     168
     144
     150
     138
     158
     169
     161
     163
     130
     146
     119
     156
     141
     168
     156
     163
     163
     168
     141
     166
     170
     182
     161
     148
     161
     182
     169
     163
     166
     180
     172
     179
     179
     164
     197
     219
     210
     177
     214
     206
     196
     225
     186
     233
     220
     221
     228
     213
     220
     256
     244
     236
     261
     283
     261
     244
     257
     233
     294
     285
     260
     274
     266
     285
     274
     299
     272
     280
     301
     322
     321
     307
     310
     329
     338
     320
     327
     379
     344
     323
     352
     383
     382
     354
     389
     394
     396
     435
     409
     398
     423
     421
     406
     448
     442
     438
     433
     440
     470
     460
     424
     444
     485
     458
     455
     486
     508
     452
     445
     486
     543
     503
     508
     503
     466
     486
     504
     479
     508
     512
     495
     506
     519
     474
     512
     510
     527
     503
     455
     484
     495
     511
     510
     531
     495
     505
     454
     494
     502
     492
     548
     480
     488
     506
     490
     547
     537
     488
     475
     491
     438
     494
     532
     549
     522
     496
     529
     493
     487
     509
     528
     500
     523
     502
     488
     516
     524
     489
     509
     526
     511
     443
     507
     519
     497
     453
     509
     500
     524
     484
     516
     483
     532
     490
     513
     505
     542
     470
     538
     534
     515
     483
     550
     506
     567
     539
     519
     501
     528
     489
     492
     531
     492
     490
     541
     540
     508
     530
     495
     510
     502
     527
     497
     517
     503
     523
     484
     510
     536
     490
     525
     515
     489
     515
     527
     522
     557
     476
     523
     522
     526
     505
     515
     502
     540
     531
     542
     509
     546
     505
     499
     537
     535
     547
     526
     541
     491
     495
     515
     537
     545
     496
     511
     495
     524
     534
     490
     498
     507
     495
     525
     516
     533
     540
     475
     516
     531
     515
     554
     563
     520
     545
     530
     529
     513
     506
     550
     504
     529
     515
     525
     545
     528
     490
     517
     563
     523
     524
     553
     525
     532
     552
     527
     563
     541
     533
     544
     571
     527
     533
     511
     558
     523
     506
     552
     529
     540
     529
     551
     577
     524
     555
     546
     540
     553
     564
     549
     493
     552
     526
     553
     553
     563
     583
     532
     561
     554
     549
     567
     568
     505
     575
     591
     574
     535
     603
     549
     548
     567
     598
     542
     572
     613
     589
     572
     565
     569
     547
     510
     552
     593
     558
     549
     611
     545
     533
     622
     568
     568
     571
     589
     569
     610
     587
     563
     578
     568
     554
     612
     608
     589
     583
     545
     583
     595
     611
     603
     613
     558
     636
     614
     608
     568
     575
     613
     538
     598
     579
     603
     592
     566
     615
     626
     600
     613
     642
     614
     627
     642
     602
     637
     680
     582
     629
     636
     657
     581
     637
     594
     637
     671
     632
     661
     603
     636
     605
     601
     623
     599
     658
     631
     657
     663
     668
     604
     626
     630
     666
     690
     650
     620
     653
     657
     648
     707
     672
     652
     680
     685
     645
     650
     680
     662
     667
     649
     702
     722
     720
     704
     638
     720
     682
     671
     710
     696
     664
     698
     720
     705
     707
     690
     704
     710
     725
     676
     747
     676
     721
     710
     674
     694
     756
     717
     747
     735
     721
     733
     760
     721
     753
     784
     797
     754
     789
     725
     757
     742
     708
     745
     744
     791
     765
     773
     750
     763
     790
     792
     793
     806
     836
     822
     793
     816
     811
     819
     818
     806
     833
     888
     850
     800
     776
     863
     862
     864
     848
     870
     783
     776
     859
     855
     848
     836
     790
     889
     845
     847
     858
     840
     877
     886
     837
     850
     812
     885
     875
     817
     839
     851
     859
     860
     864
     822
     809
     868
     880
     833
     887
     896
     846
     847
     870
     854
     860
     880
     898
     855
     880
     871
     914
     866
     862
     894
     932
     913
     814
     907
     878
     905
     872
     900
     924
     853
     920
     883
     877
     955
     821
     936
     878
     943
     937
     929
     899
     944
     948
     918
     947
     981
     911
     943
     949
     938
     927
     936
     916
     957
     942
     923
    1012
     937
     956
     952
     941
     917
    1004
    1001
     931
     949
     974
     939
     988
     993
     925
     972
     947
     940
     953
     961
     950
     928
     961
    1015
    1005
     973
     982
     981
     976
     987
    1011
     990
     953
     991
    1017
     930
    1008
     986
     992
    1021
    1022
     966
    1027
    1020
    1017
     994
     970
    1011
    1042
     938
     986
     991
    1019
     992
    1004
     970
     973
    1007
     942
    1061
    1014
    1074
    1014
     980
    1068
    1020
     981
    1001
     924
     993
    1026
     993
    1061
    1003
     993
     971
    1022
     971
     999
     981
    1003
    1025
    1021
    1058
    1014
     980
     983
    1033
    1079
    1031
     997
    1070
    1065
    1030
     974
     993
     970
     990
    1022
    1066
    1071
    1013
    1002
    1017
    1073
    1036
    1007
     975
    1021
    1098
    1056
    1088
    1059
    1047
    1109
    1038
    1070
    1089
    1078
    1106
    1036
    1054
    1067
    1108
    1134
    1071
    1107
    1078
    1093
    1078
    1046
    1080
    1041
    1131
     996
    1075
    1102
    1102
    1065
    1111
    1054
    1074
    1099
    1107
    1092
    1089
    1055
    1067
    1092
    1098
    1064
    1083
    1108
    1133
    1069
    1056
    1145
    1148
    1129
    1071
    1105
    1127
    1109
    1083
    1144
    1105
    1092
    1090
    1134
    1060
    1144
    1097
    1153
    1136
    1117
    1128
    1069
    1137
    1155
    1089
    1120
    1128
    1141
    1150
    1092
    1135
    1145
    1157
    1099
    1172
    1157
    1155
    1167
    1194
    1125
    1163
    1188
    1183
    1152
    1084
    1191
    1180
    1194
    1179
    1194
    1243
    1219
    1191
    1198
    1207
    1246
    1149
    1233
    1212
    1212
    1204
    1221
    1229
    1221
    1218
    1263
    1240
    1289
    1256
    1187
    1220
    1246
    1295
    1274
    1328
    1303
    1301
    1342
    1292
    1325
    1326
    1375
    1304
    1267
    1245
    1368
    1322
    1325
    1293
    1357
    1294
    1329
    1306
    1300
    1352
    1394
    1330
    1362
    1350
    1347
    1375
    1335
    1360
    1367
    1349
    1328
    1402
    1348
    1405
    1450
    1430
    1401
    1378
    1418
    1488
    1378
    1433
    1366
    1437
    1490
    1509
    1508
    1516
    1472
    1451
    1476
    1506
    1516
    1533
    1525
    1584
    1579
    1575
    1582
    1604
    1623
    1674
    1555
    1580
    1678
    1702
    1679
    1714
    1690
    1721
    1733
    1796
    1689
    1775
    1670
    1750
    1835
    1775
    1803
    1785
    1811
    1884
    1883
    1898
    1925
    1904
    1996
    1986
    2036
    2013
    2014
    2088
    2081
    2138
    2146
    2161
    2271
    2163
    2228
    2192
    2182
    2266
    2306
    2378
    2285
    2414
    2348
    2565
    2536
    2479
    2570
    2644
    2666
    2667
    2693
    2760
    2839
    2872
    2814
    2908
    2829
    2916
    3040
    3020
    2993
    2941
    3133
    3151
    3143
    3292
    3180
    3310
    3269
    3411
    3270
    3506
    3330
    3454
    3465
    3436
    3494
    3407
    3397
    3484
    3448
    3444
    3491
    3308
    3500
    3400
    3562
    3414
    3571
    3366
    3396
    3366
    3550
    3446
    3386
    3428
    3520
    3536
    3335
    3432
    3338
    3344
    3227
    3232
    3309
    3283
    3178
    3290
    3117
    3268
    3117
    3202
    3040
    3083
    3132
    3094
    3126
    2947
    2967
    2966
    2951
    2839
    2892
    2892
    2775
    2846
    2821
    2693
    2691
    2673
    2672
    2627
    2589
    2585
    2590
    2559
    2569
    2484
    2432
    2398
    2290
    2322
    2194
    2237
    2181
    2171
    2236
    2205
    2062
    2086
    1985
    1929
    1904
    1864
    1797
    1785
    1717
    1678
    1641
    1623
    1606
    1627
    1547
    1438
    1424
    1380
    1345
    1304
    1315
    1225
    1148
    1046
    1072
    1070
    1019
     899
     931
     896
     835
     816
     781
     681
     662
     630
     603
     594
     523
     483
     503
     429
     429
     377
     356
     366
     320
     271
     250
     211
     245
     210
     205
     179
     162
     163
     136
     134
     158
     110
     132
     111
     106
      98
     134
     103
     103
      73
     110
      74
      81
      84
      92
      81
      79
      80
      78
      67
      73
      88
      77
      86
      86
      81
      80
      92
      83
      84
      71
      66
      82
      92
      80
      80
      79
      77
      76
      78
      67
      82
      89
      87
      70
      91
      86
      76
      79
      64
      90
      67
      96
      84
      88
      84
      87
      94
      73
     106
      75
      75
      84
      95
      95
      76
      99
     103
      99
      74
      76
      77
      89
      83
      85
      82
      84
      79
     108
      91
      88
      96
      92
      95
      82
      84
      93
      83
      90
      93
     101
     103
      88
      99
      99
      84
      94
     108
     105
     100
     111
     119
      93
     100
     108
     106
     113
     101
      90
     111
     103
     115
     110
     118
     120
     124
     131
     126
     142
     126
     139
     130
     127
     130
     122
     111
     146
     135
     120
     139
     131
     149
     159
     152
     146
     139
     163
     154
     179
     163
     157
     154
     146
     161
     174
     162
     142
     184
     136
     158
     151
     166
     161
     152
     137
     167
     180
     176
     191
     178
     165
     180
     162
     186
     188
     175
     179
     198
     168
     184
     174
     183
     165
     161
     168
     184
     189
     171
     169
     147
     164
     203
     190
     182
     149
     167
     169
     159
     171
     151
     157
     154
     158
     162
     154
     171
     150
     151
     175
     153
     173
     153
     142
     163
     166
     154
     150
     152
     144
     160
     153
     145
     160
     119
     153
     147
     135
     147
     137
     121
     126
     126
     127
     133
     136
      98
     120
     113
     126
     132
     109
     127
     133
     105
     112
     103
     112
     121
     130
      94
     119
     114
     103
     108
     114
      85
     101
      95
      84
      96
      78
      91
      77
      76
      85
      81
      73
      80
      75
      81
      67
      67
      74
      69
      70
      72
      59
      47
      48
      55
      44
      59
      48
      54
      45
      38
      40
      43
      35
      36
      33
      47
      32
      33
      19
      31
      22
      26
      20
      21
      25
      20
      16
      17
      14
      15
      15
      15
      16
      11
      13
      16
      10
      10
       4
       9
       7
       7
       9
       4
      11
       8
       2
       5
       3
       4
       6
       2
       6
       3
       3
       3
       5
       8
       0
       2
       2
       1
       9
       1
       1
       2
       1
       2
       5
       4
       7
       4
       3
       4
       4
       5
       1
       5
       2
       7
       8
       5
       6
       4
       3
       4
       7
       3
       2
       4
       7
       3
       2
       1
       6
       3
       4
       2
       6
       3
       1
       3
       3
       2
       6
       1
       2
       8
       7
       2
       3
       2
       2
       3
       3
       5
       2
       7
       4
       3
       4
       5
       2
       4
       1
       2
       5
       3
       3
       2
       4
       4
       1
       5
       3
       3
       2
       4
       5
       8
       2
       3
       3
       5
       3
       0
       2
       7
       5
       2
       3
       4
       0
       5
       1
       6
       2
       3
       2
       2
       4
       4
       1
       5
       4
       2
       4
       3
       0
       5
       3
       7
       1
       5
       2
       3
       4
       4
       3
       3
       3
       1
       2
       9
       1
       4
       1
       1
       6
       2
       2
       8
       2
       2
       1
       3
       6
       1
       4
       1
       3
       3
       1
       3
       4
       4
       1
       4
       4
       4
       0
       0
       2
       2
       1
       3
       3
       5
       2
       4
       4
       3
       5
       6
       2
       3
       2
       1
       4
       3
       4
       2
       5
       2
       2
       3
       7
       3
       2
       0
       2
       5
       2
       7
       4
       4
       4
       4
       2
       5
       4
       7
       5
       3
       4
       2
       3
       2
       3
       0
       2
       3
       3
       1
       4
       0
       0
       0
       2
       0
       0
       1
       4
       0
       2
       1
       0
       0
       0
       0
       0
       1
       0
       0
       0
       0
       0
       0
       0
       0
       0
       0
       0
       0
       0
       0
       0
       0
       0
       0
       0
       0
       0
       0
       0
       0
       0
       0
       0
       0
       0
       0
       0
       0
       0
       0
       0
       0
       0
       0
       0
       0
       0
       0
       0
       0
       0
       0
       0
       0
       0
       0
       0
       0
       0
       0
       0
       0
       0
       0
       0
$ROI:
0
$PRESETS:
Live Time
600
0
$ENER_FIT:
0.000000 0.000000
$MCA_CAL:
3
0.000000E+000 0.000000E+000 0.000000E+000 
$SHAPE_CAL:
3
0.000000E+000 0.000000E+000 0.000000E+000
