$SPEC_ID:
No sample description was entered.
$SPEC_REM:
DET# 1
DETDESC# PHY-R11-37 MCB 129
AP# Maestro Version 7.01
$DATE_MEA:
11/22/2012 16:50:39
$MEAS_TIM:
600 605
$DATA:
0 2047
       0
       0
       0
       0
       0
       0
       0
       0
       0
       0
       0
       0
       0
       0
       0
       0
       0
       0
       0
       0
       0
       0
       0
       0
       0
       0
       0
       0
       0
       0
       0
       0
       0
       0
       0
       0
       0
       0
       0
       0
       1
       0
       2
       1
       1
       2
       1
      22
     439
     478
     433
     446
     361
     344
     321
     317
     288
     280
     249
     245
     240
     248
     246
     253
     198
     204
     209
     213
     173
     234
     177
     190
     179
     164
     183
     163
     187
     180
     174
     187
     166
     154
     164
     146
     154
     140
     155
     149
     160
     152
     140
     152
     152
     167
     141
     124
     152
     136
     114
     148
     134
     142
     158
     122
     140
     146
     144
     129
     144
     145
     150
     137
     111
     137
     131
     138
     121
     135
     116
     128
     129
     146
     139
     138
     138
     105
     125
     117
     127
     121
     123
     135
     116
     125
     118
     107
     119
     125
     100
     117
     116
     126
     121
     107
     117
     104
     117
     107
      96
     119
     110
      93
      93
     113
     105
     112
     114
     110
     104
     129
     102
     114
     116
     116
     135
     103
     104
     122
     109
     112
     118
      97
     100
     102
     109
     108
     127
     101
      97
      99
     103
     108
     102
     116
     100
      97
      88
     100
     101
     100
     113
     106
      91
      88
     122
      91
     103
     112
      95
      96
     103
     102
      97
     101
     102
     104
     106
      99
     108
     117
      91
      95
     127
     105
      77
      97
     115
      91
      93
      86
      95
     108
      96
     107
      93
      92
     107
     114
      92
      92
      82
     116
      99
     111
      87
     108
     121
      90
     122
     125
     108
     105
      82
      82
     100
      90
      93
      96
     102
      84
     103
      66
     106
      94
      96
      97
      99
      87
      90
      88
     101
      95
     114
     102
      90
      85
     110
      80
      83
      89
      98
     115
     103
      97
      83
     108
     103
     113
     112
     101
      88
      91
     100
     111
     110
      98
      99
     105
      77
     100
     102
     102
     106
     108
      94
     111
      90
      93
     103
      88
     107
     112
     108
      99
     106
      95
      83
      93
      93
     104
      93
      94
     101
     103
      97
     115
      96
      84
     105
     128
      97
     117
      93
     104
     110
      89
     108
     105
     114
      96
      97
     112
     100
     101
      86
     123
     116
     108
     102
     102
      92
      93
     105
     125
     116
     106
      99
     102
     114
      92
     107
     102
      98
     111
     108
     104
     127
     133
     117
     125
     107
     113
     121
     110
     118
     119
     112
     114
     107
     138
     125
     143
     131
     132
     132
     128
     133
     138
     141
     141
     130
     145
     156
     156
     143
     141
     151
     165
     154
     178
     128
     161
     164
     191
     188
     167
     181
     180
     200
     207
     208
     200
     178
     184
     218
     171
     215
     190
     189
     192
     221
     211
     192
     214
     209
     215
     245
     244
     245
     242
     226
     269
     256
     245
     285
     222
     269
     280
     292
     274
     285
     293
     299
     313
     319
     287
     317
     310
     324
     344
     312
     319
     332
     314
     327
     323
     357
     328
     356
     379
     359
     335
     349
     364
     343
     384
     358
     395
     361
     367
     326
     337
     384
     358
     353
     360
     383
     342
     336
     366
     354
     326
     350
     352
     359
     377
     370
     371
     350
     347
     379
     333
     335
     347
     344
     333
     360
     339
     336
     372
     358
     328
     404
     383
     357
     372
     367
     345
     395
     363
     376
     348
     382
     364
     371
     354
     352
     344
     358
     335
     319
     327
     395
     344
     369
     442
     396
     378
     377
     348
     336
     356
     337
     360
     356
     357
     402
     346
     361
     347
     368
     381
     368
     364
     378
     368
     343
     332
     369
     356
     367
     350
     374
     365
     378
     383
     368
     340
     377
     347
     365
     380
     341
     383
     356
     377
     363
     340
     381
     347
     354
     349
     321
     337
     334
     325
     339
     323
     376
     369
     395
     375
     350
     355
     363
     390
     349
     375
     362
     337
     376
     372
     369
     378
     356
     368
     380
     382
     340
     377
     364
     373
     355
     387
     381
     357
     366
     352
     336
     358
     378
     382
     388
     390
     383
     384
     376
     378
     360
     367
     333
     377
     337
     359
     403
     391
     364
     372
     351
     406
     371
     385
     364
     411
     352
     368
     395
     368
     370
     383
     402
     370
     375
     384
     386
     390
     360
     365
     378
     364
     411
     407
     356
     419
     386
     418
     384
     341
     391
     364
     367
     394
     392
     390
     400
     385
     355
     366
     386
     383
     422
     376
     406
     401
     393
     399
     400
     393
     385
     370
     373
     423
     415
     415
     409
     397
     406
     449
     419
     400
     369
     385
     390
     443
     402
     403
     445
     367
     445
     428
     392
     378
     353
     386
     388
     415
     410
     390
     392
     407
     402
     404
     385
     400
     419
     398
     421
     408
     415
     431
     411
     412
     441
     438
     413
     405
     414
     394
     421
     430
     399
     407
     411
     432
     418
     433
     369
     429
     420
     438
     434
     401
     417
     428
     417
     449
     397
     394
     433
     409
     451
     412
     444
     417
     431
     407
     423
     451
     435
     425
     427
     454
     439
     379
     444
     458
     431
     439
     432
     433
     487
     423
     445
     420
     477
     443
     452
     441
     475
     462
     444
     451
     462
     392
     520
     455
     484
     464
     487
     480
     484
     454
     476
     445
     479
     466
     460
     468
     499
     474
     435
     518
     492
     475
     509
     444
     471
     506
     485
     475
     542
     476
     520
     494
     540
     504
     480
     481
     491
     515
     493
     500
     563
     519
     524
     517
     478
     526
     503
     524
     526
     535
     509
     489
     525
     570
     552
     543
     575
     486
     535
     583
     568
     553
     549
     627
     571
     553
     554
     558
     579
     617
     543
     577
     582
     583
     547
     585
     608
     603
     548
     572
     570
     629
     541
     574
     601
     603
     601
     598
     589
     605
     599
     601
     600
     617
     617
     611
     619
     604
     594
     602
     626
     612
     597
     647
     599
     623
     608
     601
     614
     585
     630
     607
     632
     582
     573
     586
     614
     666
     589
     628
     615
     642
     609
     593
     612
     601
     629
     649
     631
     547
     622
     694
     604
     591
     644
     644
     643
     651
     605
     645
     647
     614
     592
     645
     631
     618
     613
     655
     634
     678
     697
     656
     664
     635
     649
     624
     687
     630
     608
     659
     657
     652
     658
     637
     626
     669
     696
     706
     674
     677
     720
     659
     693
     699
     666
     700
     669
     709
     650
     642
     660
     689
     700
     635
     691
     716
     647
     642
     679
     728
     715
     665
     716
     727
     726
     677
     743
     672
     696
     716
     659
     677
     699
     714
     694
     715
     729
     751
     723
     681
     718
     675
     708
     683
     769
     688
     705
     688
     727
     742
     745
     722
     738
     698
     689
     739
     705
     721
     752
     719
     724
     695
     718
     720
     732
     736
     708
     696
     720
     701
     742
     693
     732
     764
     669
     757
     720
     724
     718
     689
     695
     759
     725
     762
     711
     756
     702
     744
     713
     679
     765
     733
     746
     735
     724
     713
     707
     723
     735
     769
     710
     790
     713
     681
     773
     739
     727
     727
     743
     729
     777
     794
     754
     740
     766
     760
     748
     705
     761
     781
     729
     774
     806
     749
     801
     734
     746
     731
     778
     738
     806
     743
     716
     720
     722
     790
     810
     754
     730
     720
     708
     799
     779
     756
     721
     737
     760
     789
     786
     740
     827
     822
     812
     767
     780
     835
     776
     750
     820
     730
     748
     805
     764
     781
     804
     793
     803
     792
     768
     831
     757
     847
     794
     824
     765
     802
     796
     794
     814
     789
     852
     830
     788
     818
     882
     818
     764
     834
     737
     796
     900
     832
     808
     838
     829
     778
     790
     808
     814
     842
     806
     880
     827
     853
     842
     863
     826
     875
     861
     847
     834
     840
     892
     852
     862
     874
     865
     914
     872
     882
     921
     906
     894
     904
     828
     866
     929
     884
     873
     936
     925
     914
     916
     916
     952
     925
     906
     947
     930
     896
     925
     951
     957
     959
     916
     914
    1006
     932
     960
     944
     981
     895
     955
     952
    1055
    1040
     963
     957
     925
     998
    1007
     936
    1011
     999
    1011
    1010
    1022
    1041
     980
    1020
    1048
    1002
    1066
    1106
    1046
    1084
    1107
    1055
    1036
    1068
    1063
    1062
    1078
    1091
    1130
    1109
    1102
    1104
    1078
    1129
    1112
    1155
    1217
    1076
    1143
    1132
    1160
    1143
    1181
    1209
    1268
    1174
    1218
    1226
    1229
    1249
    1253
    1295
    1280
    1295
    1275
    1337
    1293
    1307
    1328
    1380
    1400
    1362
    1467
    1479
    1457
    1428
    1418
    1495
    1475
    1573
    1488
    1534
    1589
    1592
    1664
    1641
    1652
    1690
    1750
    1677
    1707
    1693
    1655
    1816
    1787
    1757
    1816
    1849
    1935
    1994
    2002
    2036
    2065
    2111
    2045
    2103
    2110
    2155
    2192
    2188
    2180
    2261
    2200
    2334
    2350
    2276
    2234
    2284
    2278
    2327
    2386
    2403
    2294
    2448
    2420
    2380
    2428
    2413
    2453
    2547
    2419
    2409
    2529
    2564
    2512
    2554
    2404
    2460
    2461
    2470
    2455
    2465
    2508
    2456
    2481
    2395
    2302
    2301
    2331
    2342
    2337
    2391
    2329
    2371
    2326
    2334
    2289
    2230
    2237
    2240
    2132
    2194
    2185
    2184
    2146
    2170
    2074
    2057
    2051
    2064
    2066
    2032
    2023
    1962
    1855
    1937
    1941
    1862
    1884
    1871
    1777
    1785
    1849
    1760
    1713
    1687
    1666
    1629
    1723
    1596
    1639
    1582
    1586
    1380
    1414
    1512
    1499
    1413
    1451
    1404
    1331
    1329
    1275
    1247
    1279
    1172
    1186
    1110
    1163
    1127
    1075
    1032
    1020
    1025
    1002
     966
     929
     843
     820
     846
     805
     795
     711
     615
     644
     659
     595
     582
     534
     520
     517
     456
     418
     410
     376
     316
     336
     304
     281
     252
     221
     242
     196
     202
     189
     180
     177
     130
     132
     124
     122
     128
      95
     108
     102
      79
      97
      66
      74
      67
      59
      73
      66
      75
      70
      77
      65
      66
      73
      70
      59
      52
      47
      61
      59
      68
      57
      57
      53
      55
      44
      51
      67
      49
      68
      68
      48
      63
      49
      59
      49
      57
      47
      66
      59
      70
      60
      45
      51
      49
      52
      62
      57
      44
      50
      62
      61
      59
      65
      70
      45
      65
      56
      55
      54
      61
      47
      60
      54
      53
      64
      58
      55
      55
      60
      73
      65
      66
      50
      69
      66
      60
      75
      65
      64
      66
      57
      66
      55
      70
      86
      70
      67
      83
      73
      75
      76
      67
      61
      88
      71
      75
      65
      79
      85
      84
      72
      64
      80
      83
      77
      73
      74
      99
      73
      73
      78
      84
      87
      88
      89
      94
      89
      82
      81
      95
      84
     116
      77
      89
      98
     112
      92
      89
     119
      91
      88
     100
      98
      97
     109
     119
      88
      90
     129
     104
     112
     116
      95
      98
     118
     103
     134
     109
     125
     113
     123
     131
     129
     114
     112
     100
     100
     114
     143
     111
     129
     125
     125
     125
     124
     127
     124
     124
     128
     140
     146
     116
     124
     120
     131
     110
     102
     113
     137
     111
     117
     112
     128
     144
     102
     110
     102
     105
      99
      92
     121
      96
     117
     114
     104
     114
      99
     121
     111
     102
     142
     117
      96
      92
      96
     103
     119
     104
     103
     108
     101
      98
     103
      92
      84
     106
     101
     111
      96
      82
      93
      95
      97
      99
      83
      86
      81
      86
      86
      73
      87
      80
      98
      76
      65
      65
      81
      65
      86
      66
      70
      69
      64
      64
      76
      78
      59
      72
      68
      60
      64
      68
      47
      54
      56
      55
      53
      57
      43
      42
      61
      49
      44
      42
      47
      37
      35
      41
      34
      32
      39
      25
      41
      21
      33
      23
      29
      22
      23
      28
      20
      20
      20
      23
      19
      19
      20
      10
       8
      18
      13
      11
      15
      16
       7
      13
       8
       7
      11
       4
       7
      10
       4
       5
       6
       4
       4
       2
       2
       2
       3
       2
       5
       3
       3
       4
       1
       1
       1
       4
       1
       2
       2
       3
       3
       1
       3
       4
       0
       4
       1
       3
       1
       2
       4
       1
       3
       1
       4
       1
       2
       3
       1
       2
       1
       2
       0
       2
       3
       1
       2
       1
       1
       2
       2
       1
       3
       1
       0
       2
       2
       1
       3
       4
       0
       2
       0
       4
       1
       0
       1
       1
       3
       0
       2
       1
       2
       7
       3
       0
       4
       3
       0
       1
       4
       1
       0
       1
       1
       2
       1
       1
       3
       0
       4
       2
       0
       0
       0
       3
       0
       0
       1
       1
       1
       3
       0
       2
       0
       2
       4
       2
       1
       0
       4
       2
       1
       3
       3
       3
       0
       1
       0
       4
       1
       5
       1
       0
       0
       1
       3
       3
       2
       0
       1
       1
       1
       1
       1
       1
       2
       2
       1
       0
       1
       2
       2
       4
       0
       0
       0
       3
       2
       1
       2
       4
       1
       1
       0
       3
       4
       2
       2
       3
       3
       0
       2
       2
       0
       0
       3
       2
       1
       3
       0
       0
       2
       0
       1
       2
       1
       0
       1
       0
       0
       1
       1
       1
       2
       3
       2
       2
       3
       3
       3
       2
       2
       0
       1
       0
       1
       2
       3
       1
       2
       1
       1
       2
       0
       1
       1
       2
       4
       0
       2
       2
       3
       2
       1
       1
       1
       3
       2
       4
       2
       1
       3
       1
       0
       0
       1
       2
       0
       0
       2
       0
       0
       0
       0
       0
       0
       0
       0
       0
       0
       0
       0
       0
       0
       0
       0
       0
       0
       0
       0
       0
       0
       0
       0
       0
       0
       0
       0
       0
       0
       0
       0
       0
       0
       0
       0
       0
       0
       0
       0
       0
       0
       0
       0
       0
       0
       0
       0
       0
       0
       0
       0
       0
       0
       0
       0
       0
       0
       0
       0
       0
       0
       0
       0
       0
       0
       0
       0
       0
$ROI:
0
$PRESETS:
Live Time
600
0
$ENER_FIT:
0.000000 0.000000
$MCA_CAL:
3
0.000000E+000 0.000000E+000 0.000000E+000 
$SHAPE_CAL:
3
0.000000E+000 0.000000E+000 0.000000E+000
