$SPEC_ID:
No sample description was entered.
$SPEC_REM:
DET# 1
DETDESC# PHY-R11-37 MCB 129
AP# Maestro Version 7.01
$DATE_MEA:
11/13/2012 15:48:45
$MEAS_TIM:
129 135
$DATA:
0 2047
       0
       0
       0
       0
       0
       0
       0
       0
       0
       0
       0
       0
       0
       0
       0
       0
       0
       0
       0
       0
       0
       0
       0
       0
       0
       0
       0
       0
       0
       0
       0
       0
       0
       0
       0
       0
       0
       0
       0
       0
       0
       0
       0
       0
       0
       0
       0
       0
       0
       0
       0
       0
       0
       0
       0
       0
       0
       0
       0
       1
       0
       0
       1
       5
       6
       4
      13
     130
     276
     273
     230
     282
     251
     275
     268
     285
     253
     277
     293
     247
     264
     260
     257
     232
     264
     283
     243
     233
     248
     222
     235
     247
     252
     260
     244
     235
     232
     251
     249
     227
     235
     210
     234
     237
     231
     209
     212
     250
     243
     210
     214
     195
     201
     198
     221
     229
     215
     214
     211
     203
     242
     212
     211
     192
     209
     213
     215
     211
     232
     213
     202
     245
     247
     201
     247
     231
     231
     215
     218
     234
     211
     232
     189
     221
     219
     212
     222
     214
     220
     195
     222
     235
     233
     219
     209
     199
     196
     213
     225
     216
     232
     212
     201
     196
     223
     211
     232
     218
     231
     238
     225
     206
     217
     239
     252
     212
     203
     207
     210
     258
     210
     249
     225
     272
     235
     247
     258
     235
     274
     236
     241
     253
     256
     272
     282
     261
     272
     297
     254
     289
     328
     326
     341
     332
     397
     383
     405
     421
     426
     468
     506
     500
     519
     528
     587
     547
     599
     625
     654
     619
     611
     707
     705
     682
     712
     743
     703
     730
     770
     734
     736
     687
     718
     768
     757
     710
     709
     748
     718
     758
     669
     686
     680
     711
     772
     743
     743
     720
     735
     691
     743
     768
     761
     699
     728
     772
     739
     711
     832
     753
     664
     769
     722
     726
     784
     733
     739
     742
     759
     720
     774
     794
     714
     790
     778
     727
     799
     704
     784
     723
     732
     748
     743
     745
     759
     736
     772
     779
     739
     726
     756
     746
     731
     742
     749
     733
     776
     727
     713
     712
     649
     750
     736
     769
     712
     760
     763
     778
     751
     775
     696
     760
     700
     761
     744
     743
     768
     759
     766
     740
     729
     760
     690
     758
     743
     747
     728
     755
     741
     735
     768
     745
     667
     748
     737
     762
     778
     719
     750
     759
     685
     819
     813
     727
     777
     729
     747
     788
     798
     724
     750
     724
     751
     727
     719
     815
     737
     810
     763
     792
     707
     804
     788
     772
     783
     831
     798
     724
     748
     832
     795
     821
     841
     804
     833
     787
     846
     855
     863
     852
     849
     886
     877
     827
     870
     853
     897
     892
     854
     868
     887
     905
     929
     933
     944
     898
     933
     903
     943
     890
     974
     982
     977
     952
    1033
    1110
    1043
    1007
    1008
    1054
    1010
    1093
    1079
    1132
    1168
    1120
    1143
    1076
    1132
    1132
    1130
    1196
    1154
    1155
    1144
    1176
    1180
    1120
    1180
    1102
    1160
    1101
    1134
    1133
    1198
    1168
    1152
    1115
    1248
    1198
    1178
    1213
    1195
    1228
    1196
    1193
    1146
    1231
    1185
    1174
    1167
    1224
    1243
    1200
    1232
    1196
    1254
    1252
    1276
    1252
    1291
    1237
    1262
    1249
    1299
    1223
    1244
    1272
    1338
    1231
    1256
    1333
    1252
    1331
    1325
    1298
    1341
    1271
    1310
    1309
    1291
    1309
    1335
    1322
    1346
    1356
    1350
    1301
    1348
    1347
    1328
    1253
    1354
    1350
    1351
    1341
    1368
    1353
    1351
    1370
    1386
    1378
    1351
    1505
    1381
    1470
    1407
    1408
    1445
    1465
    1392
    1535
    1474
    1549
    1464
    1439
    1489
    1462
    1462
    1498
    1507
    1527
    1500
    1578
    1478
    1572
    1580
    1538
    1564
    1613
    1614
    1603
    1684
    1608
    1590
    1636
    1634
    1656
    1617
    1720
    1673
    1723
    1731
    1698
    1831
    1730
    1772
    1771
    1811
    1828
    1838
    1830
    1861
    1847
    1923
    1876
    1854
    1868
    1932
    1981
    1921
    1985
    2006
    1975
    2025
    1996
    2006
    1993
    2046
    2050
    2029
    2092
    2056
    2111
    2100
    2105
    2122
    2105
    2175
    2081
    2173
    2199
    2223
    2164
    2229
    2264
    2229
    2232
    2230
    2191
    2331
    2280
    2264
    2391
    2365
    2388
    2421
    2395
    2390
    2573
    2489
    2573
    2511
    2551
    2637
    2689
    2686
    2747
    2741
    2843
    2939
    2963
    2986
    2940
    3110
    3074
    3283
    3224
    3189
    3288
    3491
    3558
    3821
    3690
    3749
    3899
    4156
    4150
    4301
    4591
    4732
    4758
    4842
    5150
    5145
    5342
    5463
    5456
    5701
    5835
    5884
    6247
    6039
    6217
    6412
    6179
    6296
    6446
    6637
    6603
    6608
    6417
    6582
    6606
    6537
    6443
    6408
    6444
    6145
    6187
    6154
    5887
    5888
    5880
    5710
    5446
    5473
    5368
    5133
    5303
    4954
    4690
    4683
    4440
    4427
    4137
    3950
    3750
    3645
    3312
    3142
    2937
    2630
    2450
    2267
    2062
    1919
    1667
    1503
    1341
    1161
    1005
     873
     726
     629
     534
     456
     422
     340
     332
     301
     225
     217
     202
     164
     136
     153
     140
     155
     126
     145
     154
     115
     148
     118
     144
     124
     142
     136
     154
     143
     145
     135
     124
     121
     130
     140
     144
     136
     140
     159
     142
     151
     146
     143
     157
     148
     146
     144
     142
     167
     152
     156
     159
     177
     174
     166
     161
     161
     186
     172
     173
     185
     182
     199
     185
     203
     208
     180
     204
     209
     182
     184
     215
     199
     234
     239
     234
     282
     251
     251
     248
     252
     274
     290
     266
     282
     300
     284
     295
     305
     306
     369
     351
     336
     289
     355
     349
     374
     320
     321
     380
     309
     338
     357
     338
     319
     336
     306
     318
     296
     361
     335
     312
     295
     326
     324
     328
     326
     278
     323
     307
     285
     277
     255
     271
     278
     247
     226
     251
     224
     213
     225
     194
     191
     169
     187
     174
     144
     152
     151
     122
     114
     111
      96
      88
     103
      78
      70
      53
      51
      50
      50
      47
      50
      31
      24
      28
      20
      21
      20
      22
      20
      16
      20
      18
      24
      25
      18
      19
      26
      25
      11
      17
      15
      20
      20
      18
      19
      20
      19
      19
      17
      15
      16
      18
      21
      19
      20
      21
      26
      19
      19
      16
      13
      17
      26
      17
      22
      19
      15
      19
      14
      13
      17
      18
      16
      18
      17
      21
      18
      24
      22
      18
      26
      15
      16
      16
      23
      12
      11
      11
      29
      24
      22
      17
      16
      16
      23
      21
      16
      17
      21
      14
      12
      19
      13
      17
      16
      12
      20
      25
      12
      16
      29
      14
      19
      15
      18
      27
      13
      17
      19
      26
      19
      26
       9
      16
      19
      23
      11
      24
      10
       9
      11
      29
      21
      20
      13
      15
      14
      19
      21
      16
      20
      14
      16
      15
      15
      13
      17
      13
      11
      14
      18
      16
      13
      22
      21
      15
      18
      15
      20
      12
      19
      21
      16
      18
      14
      19
      21
      15
      13
      16
      18
      15
      11
      18
      18
      18
       9
      22
      15
      10
      15
      13
      16
      15
      14
      13
      11
      14
      18
      19
      24
      15
      15
      15
      19
      15
      13
      15
      14
      14
       9
      12
      17
      19
      11
       5
      12
      16
      15
      18
      12
      11
      18
      17
      15
      17
      15
      12
      19
      16
      15
      13
      21
      12
      13
      23
      14
      11
      10
      15
      13
      11
      16
      11
      12
      19
      10
       7
      13
      17
      18
      23
      23
      14
      25
      15
      11
      14
      19
      14
      13
      13
       9
      14
      13
      14
      12
      11
      13
      10
      19
      12
      15
      10
      20
      17
      18
      13
      17
       8
      15
      10
       5
      14
      15
      22
       9
      18
      10
      19
      17
      19
      21
      12
      18
      16
      19
      11
      15
      13
      18
      18
      15
      19
       9
      14
      17
      12
      18
      16
       6
      14
       5
      19
      15
      14
      18
      13
      12
      11
      19
      21
      21
      12
      15
       9
      14
      16
       9
      12
       9
      13
       8
       9
      13
      16
      15
      14
      17
      10
      13
      16
       7
      13
      11
      11
       9
      14
      12
       4
      15
      17
      14
      16
      13
      13
      14
      11
      12
      13
      13
      13
      14
       6
       9
      10
       9
      12
      14
      17
      12
      12
      14
      11
      17
       8
      13
      16
      13
      16
      19
      12
      13
      11
      13
      19
      10
      11
       7
      15
      13
      11
      18
      18
      17
      14
      12
      10
      18
      16
      21
      11
       9
      10
      15
       8
      23
       8
      13
      15
       8
       7
       6
      15
       7
      13
       8
       5
       5
      13
      16
      14
      11
       4
      13
      11
       9
      15
       7
      23
       7
       9
      11
      11
      10
      13
       9
       9
       5
      13
       9
      15
      11
      12
      14
      17
      14
      10
      12
      15
       8
       8
       8
      13
       5
       9
      16
      10
      13
      11
       5
      12
      12
       7
      15
      12
      10
      13
       7
       6
      10
      13
       6
       7
      11
      13
      11
      14
      14
      16
       9
       4
      15
      10
       8
      13
       7
       7
       3
       5
       7
       9
       7
       5
       3
       9
       3
       5
       8
       8
       1
       5
       4
       3
       8
       5
       8
       7
       6
       5
       5
       5
       1
       8
       2
       4
       3
       2
       3
       8
       2
       1
       6
       2
       3
       2
       4
       3
       3
       3
       3
       2
       3
       1
       3
       4
       5
       1
       1
       1
       1
       2
       1
       0
       0
       0
       2
       2
       2
       2
       2
       1
       2
       1
       1
       3
       0
       0
       5
       2
       5
       0
       0
       2
       0
       0
       1
       1
       0
       0
       2
       1
       0
       1
       0
       2
       0
       0
       1
       1
       4
       3
       0
       1
       1
       2
       3
       0
       0
       0
       1
       2
       0
       0
       2
       0
       2
       1
       1
       0
       1
       0
       0
       2
       0
       1
       1
       1
       1
       1
       0
       0
       0
       0
       0
       0
       0
       3
       0
       1
       0
       0
       1
       0
       0
       0
       2
       1
       0
       0
       2
       0
       1
       0
       1
       1
       1
       2
       0
       1
       1
       2
       1
       1
       1
       0
       1
       0
       2
       0
       0
       1
       1
       0
       1
       0
       0
       0
       0
       1
       0
       0
       0
       0
       0
       0
       1
       0
       0
       2
       0
       1
       0
       1
       1
       0
       0
       0
       0
       0
       1
       0
       0
       1
       0
       0
       0
       0
       0
       1
       0
       0
       0
       0
       0
       0
       1
       0
       0
       0
       0
       0
       0
       1
       0
       0
       0
       0
       0
       0
       0
       0
       0
       0
       0
       0
       0
       0
       0
       0
       0
       0
       0
       0
       0
       0
       1
       0
       0
       0
       0
       0
       0
       0
       1
       0
       0
       0
       0
       0
       0
       1
       0
       0
       0
       0
       0
       0
       1
       1
       0
       0
       0
       0
       0
       0
       0
       0
       0
       0
       0
       0
       0
       1
       0
       0
       0
       2
       0
       0
       0
       0
       0
       0
       1
       0
       0
       0
       1
       0
       0
       0
       0
       0
       0
       0
       0
       0
       0
       0
       0
       1
       0
       0
       1
       0
       0
       0
       0
       0
       0
       0
       0
       0
       0
       0
       2
       0
       0
       0
       0
       0
       0
       0
       0
       0
       0
       0
       0
       0
       0
       0
       0
       0
       0
       0
       0
       0
       0
       0
       0
       0
       0
       0
       0
       0
       0
       0
       0
       0
       0
       0
       0
       0
       0
       0
       1
       0
       0
       0
       0
       0
       0
       0
       0
       0
       0
       0
       0
       0
       0
       0
       0
       0
       0
       1
       0
       0
       0
       0
       0
       0
       0
       0
       0
       0
       0
       0
       0
       0
       0
       0
       0
       0
       0
       0
       0
       0
       0
       0
       0
       0
       0
       0
       0
       0
       1
       0
       0
       0
       0
       0
       0
       0
       0
       0
       0
       0
       0
       0
       0
       0
       0
       0
       0
       0
       0
       0
       0
       1
       0
       0
       0
       0
       0
       0
       0
       0
       0
       0
       0
       0
       0
       0
       0
       0
       0
       0
       0
       0
       0
       0
       0
       0
       0
       0
       0
       0
       0
       0
       0
       0
       0
       0
       0
       0
       0
       0
       0
       0
       0
       0
       0
       0
       0
       0
       0
       0
       0
       0
       0
       0
       0
       0
       0
       0
       0
       1
       0
       1
       0
       0
       0
       0
       0
       0
       0
       0
       0
       0
       0
       0
       0
       0
       0
       0
       0
       0
       0
       0
       0
       0
       0
       0
       0
       0
       0
       0
       0
       0
       0
       0
       0
       0
       0
       0
       0
       0
       0
       0
       0
       0
       0
       0
       0
       0
       0
       0
       0
       0
       0
       0
       0
       1
       0
       0
       0
       0
       0
       0
       0
       0
       0
       0
       0
       0
       0
       0
       0
       0
       0
       0
       0
       0
       0
       0
       0
       0
       0
       0
       0
       0
       0
       1
       0
       0
       0
       0
       0
       0
       0
       0
       0
       0
       0
       0
       0
       0
       0
       0
       0
       0
       0
       0
       0
       0
       0
       0
       0
       0
       0
       0
       0
       0
       0
       0
       0
       0
       0
       0
       0
       0
       0
       0
       0
       0
       0
       0
       0
       0
       0
       0
       0
       0
       0
       0
       0
       0
       0
       0
       0
       0
       0
       0
       0
       0
       0
       0
       0
       0
       0
       0
       0
       0
       0
       0
       0
       0
       0
       0
       0
       0
       0
       0
       0
       0
       0
       0
       0
       0
       0
       0
       0
       0
       0
       0
       0
       0
       0
       0
       0
       0
       0
       0
       0
       0
       0
       0
       0
       0
       0
       0
       0
       0
       0
       0
       0
       0
       0
       0
       0
       0
       0
       0
       0
       0
       0
       0
       0
       0
       0
       0
       0
       0
       0
       0
       0
       0
       0
       0
       0
       0
       0
       0
       0
       0
       0
       0
       0
       0
       0
       0
       0
       0
       0
       0
       0
       0
       0
       0
       0
       0
       0
       0
       0
       0
       0
       0
       0
       0
       0
       0
       0
       0
$ROI:
0
$PRESETS:
Live Time
300
0
$ENER_FIT:
0.000000 0.000000
$MCA_CAL:
3
0.000000E+000 0.000000E+000 0.000000E+000 
$SHAPE_CAL:
3
0.000000E+000 0.000000E+000 0.000000E+000
