$SPEC_ID:
No sample description was entered.
$SPEC_REM:
DET# 1
DETDESC# PHY-R11-37 MCB 129
AP# Maestro Version 7.01
$DATE_MEA:
11/22/2012 15:41:06
$MEAS_TIM:
600 623
$DATA:
0 2047
       0
       0
       0
       0
       0
       0
       0
       0
       0
       0
       0
       0
       0
       0
       0
       0
       0
       0
       0
       0
       0
       0
       0
       0
       0
       0
       0
       0
       0
       0
       0
       0
       0
       1
       0
       0
       1
       1
       1
       6
       5
      10
      16
      16
       6
       5
      16
     108
    2632
    2644
    2424
    2243
    2021
    1895
    1701
    1448
    1445
    1325
    1161
    1169
    1077
     974
     958
     915
     840
     799
     763
     721
     770
     719
     685
     725
     679
     657
     627
     631
     617
     677
     599
     631
     591
     536
     612
     545
     552
     562
     546
     509
     572
     558
     564
     584
     550
     566
     517
     548
     494
     548
     523
     514
     506
     522
     493
     500
     471
     486
     490
     506
     504
     510
     472
     510
     455
     470
     469
     459
     488
     480
     446
     451
     479
     527
     465
     472
     466
     423
     441
     440
     454
     445
     421
     443
     464
     449
     437
     405
     428
     466
     443
     438
     440
     406
     410
     401
     398
     395
     403
     427
     423
     443
     453
     409
     425
     433
     422
     426
     461
     434
     434
     436
     413
     430
     449
     435
     408
     417
     417
     411
     389
     414
     401
     423
     380
     446
     375
     416
     370
     403
     411
     384
     437
     393
     395
     386
     400
     390
     412
     380
     410
     395
     409
     330
     360
     372
     376
     405
     354
     382
     395
     389
     374
     406
     378
     379
     369
     425
     391
     339
     395
     367
     414
     389
     406
     370
     382
     371
     336
     371
     383
     390
     418
     372
     392
     393
     394
     383
     391
     399
     371
     384
     391
     354
     404
     399
     398
     361
     399
     374
     376
     392
     357
     365
     377
     366
     414
     367
     387
     347
     361
     393
     334
     384
     388
     377
     342
     392
     363
     404
     384
     366
     356
     377
     385
     383
     405
     384
     394
     366
     363
     371
     380
     378
     363
     379
     344
     356
     406
     382
     348
     394
     382
     375
     363
     376
     375
     366
     381
     371
     414
     393
     391
     397
     422
     399
     398
     399
     376
     378
     404
     362
     439
     390
     385
     411
     387
     367
     381
     420
     390
     358
     389
     419
     395
     358
     413
     370
     399
     387
     387
     384
     398
     446
     414
     394
     420
     392
     424
     385
     427
     394
     387
     389
     374
     424
     372
     373
     403
     365
     404
     426
     384
     364
     431
     394
     413
     379
     406
     425
     397
     426
     420
     407
     447
     397
     422
     482
     462
     445
     447
     431
     443
     423
     456
     403
     471
     463
     473
     497
     439
     488
     464
     509
     510
     556
     499
     549
     520
     564
     530
     584
     576
     582
     581
     598
     601
     641
     638
     595
     642
     656
     655
     653
     734
     673
     644
     697
     703
     713
     740
     720
     680
     793
     741
     765
     803
     857
     811
     778
     820
     813
     896
     844
     861
     911
     850
     936
     911
     943
     989
     929
     957
     987
     994
     967
    1006
    1026
    1037
    1119
    1148
    1068
    1123
    1137
    1153
    1123
    1167
    1211
    1183
    1279
    1232
    1249
    1248
    1267
    1256
    1264
    1293
    1337
    1311
    1280
    1322
    1386
    1292
    1274
    1315
    1398
    1419
    1343
    1370
    1284
    1399
    1363
    1350
    1318
    1361
    1351
    1388
    1338
    1342
    1306
    1349
    1342
    1343
    1298
    1403
    1359
    1395
    1294
    1360
    1343
    1301
    1415
    1375
    1395
    1369
    1375
    1386
    1354
    1346
    1335
    1346
    1409
    1374
    1438
    1405
    1367
    1352
    1358
    1348
    1286
    1385
    1409
    1377
    1346
    1424
    1334
    1312
    1386
    1388
    1337
    1357
    1398
    1360
    1366
    1321
    1366
    1412
    1442
    1341
    1364
    1376
    1332
    1386
    1386
    1374
    1308
    1380
    1351
    1361
    1381
    1440
    1406
    1332
    1456
    1373
    1428
    1391
    1350
    1415
    1315
    1417
    1410
    1385
    1375
    1417
    1352
    1374
    1351
    1337
    1392
    1445
    1376
    1345
    1344
    1412
    1434
    1399
    1434
    1415
    1405
    1406
    1438
    1380
    1413
    1405
    1324
    1363
    1390
    1370
    1317
    1372
    1381
    1424
    1361
    1435
    1456
    1376
    1420
    1374
    1382
    1449
    1446
    1357
    1381
    1418
    1323
    1341
    1409
    1372
    1427
    1405
    1443
    1416
    1400
    1342
    1441
    1405
    1423
    1358
    1350
    1384
    1424
    1383
    1453
    1348
    1409
    1398
    1411
    1391
    1444
    1391
    1389
    1449
    1467
    1411
    1415
    1478
    1469
    1448
    1418
    1412
    1488
    1446
    1398
    1406
    1447
    1522
    1432
    1420
    1405
    1426
    1419
    1458
    1417
    1495
    1411
    1434
    1404
    1418
    1496
    1494
    1493
    1497
    1445
    1470
    1413
    1504
    1455
    1459
    1432
    1499
    1449
    1467
    1514
    1534
    1495
    1494
    1481
    1521
    1454
    1472
    1446
    1476
    1442
    1420
    1459
    1515
    1455
    1489
    1455
    1482
    1480
    1541
    1524
    1521
    1512
    1482
    1542
    1508
    1547
    1498
    1501
    1438
    1515
    1495
    1479
    1537
    1492
    1559
    1517
    1451
    1604
    1536
    1452
    1577
    1518
    1541
    1490
    1502
    1552
    1552
    1524
    1548
    1595
    1592
    1617
    1583
    1546
    1524
    1528
    1549
    1581
    1608
    1647
    1621
    1605
    1585
    1597
    1706
    1641
    1606
    1620
    1659
    1644
    1610
    1635
    1644
    1599
    1633
    1624
    1691
    1607
    1601
    1726
    1644
    1656
    1680
    1521
    1723
    1677
    1619
    1717
    1642
    1641
    1664
    1758
    1698
    1638
    1669
    1705
    1720
    1811
    1697
    1678
    1821
    1655
    1718
    1764
    1707
    1727
    1706
    1796
    1712
    1737
    1706
    1763
    1748
    1710
    1681
    1794
    1751
    1758
    1740
    1801
    1795
    1776
    1803
    1801
    1825
    1710
    1920
    1753
    1850
    1834
    1818
    1890
    1850
    1793
    1813
    1867
    1800
    1886
    1787
    1872
    1872
    1859
    1820
    1978
    1864
    1907
    1889
    1859
    1924
    2011
    1833
    1969
    2062
    1919
    2017
    1974
    1917
    1955
    1926
    2023
    2017
    2041
    2003
    2023
    2038
    1972
    2117
    2153
    2072
    2120
    2065
    2093
    2156
    2131
    2087
    2124
    2116
    2120
    2210
    2131
    2119
    2143
    2209
    2097
    2161
    2157
    2220
    2247
    2206
    2201
    2116
    2334
    2236
    2280
    2212
    2216
    2276
    2245
    2238
    2323
    2349
    2228
    2355
    2408
    2291
    2238
    2301
    2312
    2358
    2248
    2367
    2247
    2323
    2257
    2253
    2297
    2397
    2350
    2378
    2248
    2378
    2302
    2332
    2398
    2390
    2376
    2375
    2341
    2332
    2296
    2304
    2288
    2290
    2373
    2280
    2451
    2300
    2421
    2410
    2360
    2407
    2414
    2318
    2375
    2405
    2429
    2376
    2341
    2354
    2502
    2447
    2395
    2418
    2511
    2431
    2468
    2440
    2430
    2504
    2476
    2352
    2430
    2452
    2427
    2419
    2443
    2483
    2499
    2561
    2525
    2420
    2499
    2423
    2607
    2548
    2567
    2539
    2545
    2545
    2586
    2580
    2661
    2553
    2547
    2491
    2565
    2579
    2551
    2621
    2604
    2550
    2506
    2621
    2653
    2598
    2628
    2484
    2702
    2595
    2589
    2536
    2639
    2610
    2703
    2621
    2600
    2712
    2705
    2756
    2752
    2679
    2683
    2644
    2653
    2643
    2600
    2618
    2641
    2714
    2628
    2549
    2773
    2689
    2663
    2669
    2659
    2652
    2759
    2690
    2726
    2766
    2705
    2699
    2686
    2744
    2672
    2684
    2609
    2752
    2775
    2699
    2680
    2730
    2799
    2821
    2784
    2709
    2765
    2718
    2675
    2766
    2702
    2748
    2747
    2811
    2685
    2724
    2764
    2710
    2806
    2803
    2770
    2742
    2850
    2823
    2859
    2824
    2787
    2841
    2748
    2701
    2716
    2801
    2874
    2843
    2792
    2781
    2701
    2842
    2869
    2797
    2742
    2718
    2851
    2853
    2965
    2764
    2778
    2832
    2799
    2899
    2966
    2909
    2903
    2815
    2824
    2822
    2921
    2792
    2833
    2851
    2819
    2761
    2890
    2808
    3041
    2906
    2820
    2923
    2907
    2788
    2826
    2939
    2868
    2905
    2969
    2934
    2931
    2925
    2895
    2908
    2983
    2848
    3007
    2881
    2919
    2887
    3014
    3076
    2901
    2939
    2870
    2915
    2838
    2948
    2993
    2961
    3050
    3004
    2971
    3088
    3004
    3068
    3085
    3084
    3078
    3053
    3020
    3077
    2980
    2913
    3073
    3008
    3049
    3023
    3001
    2984
    2977
    2977
    3081
    3172
    3110
    3153
    3105
    3132
    3118
    3106
    3135
    3070
    3174
    3108
    3089
    3064
    3185
    3057
    3106
    3121
    3155
    3294
    3149
    3186
    3178
    3213
    3200
    3242
    3195
    3298
    3268
    3234
    3159
    3230
    3330
    3340
    3273
    3310
    3379
    3366
    3295
    3327
    3392
    3348
    3376
    3328
    3354
    3439
    3457
    3412
    3453
    3383
    3485
    3325
    3434
    3429
    3483
    3536
    3497
    3489
    3500
    3522
    3600
    3666
    3420
    3538
    3494
    3550
    3672
    3631
    3645
    3571
    3606
    3609
    3686
    3592
    3616
    3635
    3697
    3719
    3709
    3752
    3769
    3771
    3787
    3721
    3792
    3796
    3679
    3850
    3903
    3844
    3956
    3877
    3857
    3989
    3921
    3997
    4064
    3937
    4040
    4007
    4089
    4110
    4077
    4156
    4097
    4239
    4249
    4337
    4163
    4283
    4341
    4404
    4362
    4334
    4433
    4332
    4406
    4381
    4448
    4492
    4676
    4600
    4560
    4569
    4749
    4716
    4726
    4780
    4955
    4793
    4974
    4960
    4976
    4940
    5072
    5048
    5188
    5229
    5354
    5207
    5217
    5589
    5358
    5481
    5474
    5635
    5654
    5818
    5851
    5996
    5877
    6093
    6209
    6199
    6182
    6355
    6390
    6559
    6581
    6498
    6663
    6735
    6865
    6976
    7024
    7103
    7239
    7181
    7418
    7443
    7664
    7671
    7803
    7811
    7880
    7823
    8039
    8109
    8245
    8305
    8543
    8453
    8581
    8766
    8705
    8869
    8900
    8820
    8808
    8944
    9146
    9151
    9134
    9016
    9094
    9182
    9339
    9460
    9297
    9186
    9243
    9367
    9375
    9433
    9398
    9498
    9207
    9318
    9350
    9226
    9194
    9099
    9181
    9157
    8938
    9098
    8978
    8997
    8829
    8875
    8833
    8742
    8625
    8559
    8704
    8491
    8448
    8490
    8343
    8286
    8136
    8048
    8109
    7953
    7777
    7948
    7809
    7742
    7666
    7547
    7518
    7384
    7205
    7215
    7242
    7070
    7055
    6943
    6874
    6840
    6574
    6615
    6617
    6391
    6402
    6256
    6120
    5990
    6051
    5884
    5671
    5692
    5682
    5466
    5324
    5230
    5180
    5017
    4992
    4877
    4794
    4587
    4584
    4472
    4382
    4289
    4111
    4086
    3954
    3777
    3733
    3469
    3474
    3280
    3235
    3187
    2939
    3001
    2857
    2645
    2621
    2415
    2235
    2254
    2162
    1974
    1972
    1840
    1701
    1676
    1516
    1523
    1403
    1310
    1235
    1155
    1072
     971
     940
     846
     854
     752
     694
     644
     589
     541
     529
     508
     443
     448
     418
     423
     339
     376
     327
     317
     309
     287
     315
     290
     307
     279
     218
     279
     264
     260
     292
     242
     245
     230
     270
     195
     255
     250
     250
     243
     265
     244
     232
     224
     241
     246
     240
     246
     251
     214
     239
     208
     230
     242
     236
     230
     207
     239
     246
     252
     245
     211
     232
     206
     193
     230
     245
     225
     216
     253
     260
     277
     268
     250
     256
     236
     259
     261
     273
     248
     249
     243
     240
     263
     252
     252
     246
     279
     248
     240
     253
     265
     256
     263
     292
     236
     273
     270
     286
     280
     294
     262
     273
     283
     280
     294
     303
     279
     304
     322
     313
     272
     296
     328
     309
     325
     273
     304
     301
     314
     354
     328
     317
     293
     320
     328
     301
     322
     361
     331
     358
     369
     338
     390
     382
     337
     371
     368
     377
     361
     378
     401
     398
     372
     404
     383
     422
     385
     414
     407
     401
     405
     423
     404
     436
     453
     400
     472
     446
     419
     427
     424
     430
     421
     456
     434
     438
     485
     470
     431
     471
     493
     526
     442
     453
     484
     447
     464
     519
     432
     508
     475
     489
     479
     487
     498
     503
     483
     482
     452
     490
     471
     454
     513
     483
     456
     510
     460
     472
     488
     459
     498
     465
     465
     474
     423
     469
     467
     427
     462
     402
     448
     407
     406
     433
     407
     421
     409
     399
     409
     399
     424
     396
     409
     425
     395
     389
     374
     375
     376
     377
     431
     381
     386
     362
     343
     362
     344
     322
     353
     343
     360
     343
     299
     325
     324
     349
     307
     300
     310
     332
     314
     290
     291
     285
     281
     247
     271
     280
     275
     249
     243
     250
     252
     250
     255
     246
     230
     238
     208
     204
     206
     207
     224
     204
     207
     178
     174
     171
     187
     169
     163
     157
     163
     144
     171
     166
     124
     128
     121
     106
     120
     109
     141
      95
     107
     100
     109
      86
      97
      97
      76
      78
      95
      69
      51
      58
      76
      49
      46
      59
      61
      63
      37
      43
      43
      43
      37
      45
      26
      44
      44
      37
      38
      31
      36
      24
      34
      33
      26
      36
      32
      29
      35
      26
      35
      17
      27
      30
      30
      31
      29
      28
      24
      24
      19
      21
      22
      30
      29
      28
      19
      27
      16
      21
      17
      32
      13
      22
      17
      21
      19
      26
      14
      18
      18
      30
      19
      28
      23
      23
      25
      24
      26
      19
      16
      17
      17
      21
      28
      21
      14
      22
      31
      16
      21
      14
      19
      19
      26
      24
      24
      25
      26
      26
      18
      26
      21
      32
      24
      21
      24
      14
      25
      21
      25
      15
      33
      20
      26
      17
      18
      30
      20
      25
      26
      30
      18
      27
      26
      24
      24
      26
      15
      29
      24
      21
      18
      21
      29
      13
      19
      29
      18
      18
      32
      23
      21
      22
      33
      26
      28
      28
      21
      21
      27
      35
      24
      18
      13
      28
      23
      21
      18
      20
      26
      26
      15
      24
      22
      23
      25
      16
      18
      18
      29
      26
      18
      16
      23
      28
      18
      24
      20
      16
      21
      21
      17
      29
      29
      28
      18
      24
      19
      24
      12
      18
      20
      32
      18
      19
      25
      21
      19
      24
      24
      34
      19
      21
      21
      26
      13
      26
      29
      19
      12
      16
      28
      14
      14
      20
      19
      31
      24
      19
      18
      24
      17
      27
      22
      24
      20
      21
      22
      15
      25
      12
      22
      14
      21
      16
      28
      17
      16
      30
      23
      20
      22
      18
      15
      16
      23
      22
      26
      19
      26
      16
      22
      25
      23
      14
      19
      14
      11
      13
       7
      12
       6
       8
       8
       8
       7
       1
       5
       3
       3
       0
       3
       0
       1
       1
       0
       0
       0
       0
       0
       0
       0
       0
       0
       0
       0
       0
       0
       0
       0
       0
       0
       0
       0
       0
       0
       0
       0
       0
       0
       0
       0
       0
       0
       0
       0
       0
       0
       0
       0
       0
       0
       0
       0
       0
       0
       0
       0
       0
       0
       0
       0
       0
       0
       0
       0
       0
       0
       0
       0
       0
       0
       0
       0
       0
$ROI:
0
$PRESETS:
Live Time
600
0
$ENER_FIT:
0.000000 0.000000
$MCA_CAL:
3
0.000000E+000 0.000000E+000 0.000000E+000 
$SHAPE_CAL:
3
0.000000E+000 0.000000E+000 0.000000E+000
