$SPEC_ID:
No sample description was entered.
$SPEC_REM:
DET# 1
DETDESC# PHY-R11-37 MCB 129
AP# Maestro Version 7.01
$DATE_MEA:
11/22/2012 16:05:41
$MEAS_TIM:
600 612
$DATA:
0 2047
       0
       0
       0
       0
       0
       0
       0
       0
       0
       0
       0
       0
       0
       0
       0
       0
       0
       0
       0
       0
       0
       0
       0
       0
       0
       0
       0
       0
       0
       0
       0
       0
       0
       0
       0
       0
       0
       0
       0
       2
       5
       3
       4
       3
       6
       5
       4
      43
     929
    1039
     878
     822
     797
     746
     683
     618
     598
     583
     560
     533
     455
     435
     477
     434
     441
     391
     407
     388
     386
     365
     358
     371
     336
     340
     366
     350
     363
     327
     320
     349
     292
     315
     310
     272
     308
     269
     293
     290
     265
     279
     293
     293
     299
     294
     279
     289
     270
     303
     291
     291
     277
     257
     268
     281
     252
     308
     234
     264
     283
     269
     261
     281
     262
     263
     241
     238
     250
     230
     280
     228
     273
     254
     235
     272
     268
     244
     246
     226
     263
     238
     236
     235
     239
     241
     229
     245
     232
     233
     230
     243
     252
     221
     213
     223
     205
     233
     201
     244
     207
     226
     225
     239
     225
     202
     215
     219
     224
     233
     228
     243
     231
     221
     223
     200
     226
     217
     217
     221
     218
     209
     206
     209
     185
     202
     222
     232
     220
     232
     223
     200
     215
     203
     229
     197
     212
     187
     211
     205
     226
     204
     182
     202
     216
     194
     190
     218
     200
     193
     207
     172
     215
     214
     221
     186
     205
     191
     169
     211
     220
     197
     197
     187
     200
     185
     204
     213
     208
     223
     216
     179
     214
     203
     202
     184
     220
     202
     172
     203
     215
     191
     199
     152
     191
     193
     187
     195
     210
     198
     197
     182
     203
     200
     187
     191
     196
     202
     194
     183
     175
     202
     197
     191
     201
     206
     207
     209
     213
     205
     170
     179
     185
     203
     176
     196
     208
     193
     194
     194
     198
     187
     206
     201
     206
     192
     205
     204
     178
     185
     211
     192
     198
     181
     161
     187
     217
     207
     200
     217
     209
     195
     192
     193
     184
     189
     190
     182
     222
     199
     197
     196
     174
     210
     179
     204
     201
     198
     189
     218
     209
     169
     182
     197
     220
     203
     189
     222
     177
     199
     190
     202
     219
     203
     179
     195
     199
     209
     201
     214
     201
     222
     219
     215
     201
     221
     231
     219
     225
     190
     217
     194
     209
     199
     202
     199
     220
     224
     202
     224
     227
     238
     218
     226
     232
     225
     227
     220
     185
     207
     200
     235
     241
     248
     222
     229
     212
     248
     210
     242
     225
     244
     233
     271
     243
     277
     276
     268
     228
     269
     280
     276
     292
     277
     270
     320
     330
     334
     331
     296
     319
     309
     337
     340
     360
     340
     376
     375
     358
     332
     379
     404
     377
     329
     404
     385
     367
     417
     391
     416
     403
     389
     414
     454
     463
     464
     446
     489
     495
     481
     530
     478
     505
     488
     534
     499
     539
     514
     511
     579
     500
     602
     548
     579
     568
     549
     644
     613
     580
     642
     663
     636
     674
     715
     704
     707
     675
     688
     611
     710
     715
     671
     699
     655
     737
     669
     699
     690
     706
     720
     692
     742
     678
     776
     726
     755
     719
     699
     707
     714
     750
     725
     768
     709
     676
     692
     693
     721
     706
     727
     734
     774
     750
     713
     664
     717
     702
     688
     652
     715
     731
     729
     777
     724
     701
     746
     713
     692
     738
     706
     722
     705
     712
     735
     734
     698
     709
     723
     664
     760
     726
     718
     734
     730
     720
     719
     709
     709
     757
     696
     718
     785
     755
     750
     732
     735
     707
     686
     722
     740
     743
     729
     714
     696
     743
     713
     702
     744
     732
     709
     719
     725
     738
     764
     707
     706
     771
     662
     744
     683
     780
     759
     719
     716
     679
     740
     714
     751
     744
     723
     747
     725
     752
     722
     681
     760
     710
     740
     697
     731
     747
     717
     735
     746
     761
     763
     758
     732
     720
     738
     747
     684
     773
     687
     716
     749
     685
     749
     763
     721
     743
     736
     762
     745
     716
     745
     764
     749
     694
     786
     735
     751
     714
     720
     759
     751
     749
     757
     742
     695
     728
     721
     759
     740
     725
     739
     765
     693
     742
     733
     730
     810
     778
     781
     797
     697
     724
     738
     744
     736
     754
     755
     733
     753
     734
     758
     757
     774
     782
     781
     738
     795
     791
     803
     770
     753
     803
     763
     751
     782
     790
     784
     807
     735
     798
     782
     769
     738
     795
     731
     807
     776
     786
     783
     809
     820
     768
     778
     773
     782
     796
     826
     787
     788
     810
     780
     775
     817
     779
     772
     821
     757
     807
     791
     785
     757
     811
     803
     810
     841
     808
     775
     844
     763
     774
     802
     797
     757
     750
     825
     822
     803
     831
     744
     866
     815
     839
     842
     869
     815
     835
     821
     842
     827
     843
     825
     820
     873
     799
     863
     842
     869
     802
     853
     827
     837
     856
     845
     880
     880
     928
     898
     777
     899
     879
     901
     884
     882
     858
     832
     877
     873
     938
     892
     842
     880
     880
     878
     855
     880
     919
     882
     932
     896
     922
     926
     913
     859
     928
     866
     879
     923
     871
     922
     900
     956
     916
     919
     938
     988
     919
     890
     912
     894
     889
     931
     967
     938
     971
     926
     952
    1030
     996
     980
     906
     939
     946
     928
     939
    1008
     950
     919
     995
     994
     939
     988
     985
     994
    1027
    1019
     998
    1027
    1007
     949
    1016
    1041
    1010
    1050
    1002
    1074
    1069
    1063
    1048
    1015
    1060
    1043
    1065
    1060
    1070
    1033
    1032
    1091
    1077
    1070
    1057
    1092
     994
    1162
    1081
    1072
    1023
    1182
    1097
    1107
    1078
    1086
    1131
    1165
    1065
    1098
    1139
    1081
    1138
    1140
    1227
    1163
    1159
    1144
    1244
    1152
    1184
    1244
    1210
    1239
    1208
    1185
    1236
    1173
    1163
    1131
    1164
    1226
    1161
    1146
    1094
    1206
    1156
    1168
    1236
    1242
    1226
    1186
    1281
    1267
    1164
    1267
    1181
    1190
    1159
    1228
    1218
    1211
    1215
    1238
    1195
    1192
    1290
    1293
    1252
    1230
    1190
    1307
    1279
    1269
    1178
    1287
    1290
    1286
    1262
    1249
    1280
    1282
    1245
    1226
    1221
    1271
    1237
    1311
    1287
    1265
    1338
    1304
    1285
    1239
    1260
    1274
    1297
    1251
    1269
    1378
    1403
    1297
    1256
    1302
    1338
    1262
    1343
    1292
    1307
    1318
    1259
    1336
    1333
    1343
    1398
    1337
    1385
    1389
    1387
    1294
    1286
    1371
    1284
    1385
    1344
    1322
    1339
    1322
    1342
    1327
    1378
    1272
    1345
    1338
    1327
    1396
    1403
    1338
    1377
    1417
    1405
    1388
    1420
    1483
    1414
    1433
    1440
    1386
    1400
    1442
    1344
    1388
    1419
    1368
    1445
    1422
    1464
    1400
    1368
    1410
    1442
    1427
    1407
    1443
    1428
    1438
    1369
    1384
    1422
    1441
    1383
    1383
    1454
    1436
    1375
    1412
    1437
    1474
    1493
    1455
    1386
    1427
    1355
    1472
    1394
    1456
    1435
    1531
    1461
    1425
    1441
    1452
    1433
    1423
    1438
    1433
    1429
    1484
    1500
    1492
    1505
    1553
    1462
    1487
    1464
    1491
    1493
    1443
    1444
    1515
    1433
    1409
    1442
    1459
    1433
    1442
    1425
    1465
    1489
    1407
    1470
    1482
    1483
    1491
    1527
    1522
    1508
    1498
    1507
    1504
    1541
    1489
    1499
    1452
    1505
    1505
    1504
    1496
    1519
    1506
    1486
    1465
    1438
    1512
    1587
    1491
    1467
    1555
    1520
    1470
    1558
    1459
    1472
    1531
    1520
    1533
    1575
    1576
    1514
    1499
    1540
    1543
    1521
    1529
    1489
    1544
    1475
    1502
    1583
    1565
    1572
    1512
    1608
    1539
    1557
    1614
    1592
    1541
    1558
    1542
    1597
    1622
    1633
    1597
    1615
    1558
    1644
    1569
    1549
    1541
    1637
    1513
    1634
    1633
    1621
    1575
    1679
    1598
    1645
    1622
    1646
    1655
    1625
    1624
    1697
    1657
    1609
    1649
    1659
    1638
    1614
    1657
    1709
    1679
    1670
    1678
    1613
    1649
    1720
    1636
    1620
    1620
    1751
    1677
    1719
    1737
    1733
    1750
    1728
    1687
    1709
    1696
    1750
    1761
    1657
    1809
    1724
    1763
    1758
    1661
    1788
    1742
    1744
    1790
    1806
    1826
    1739
    1802
    1739
    1786
    1798
    1892
    1814
    1789
    1803
    1820
    1809
    1899
    1799
    1796
    1809
    1903
    1828
    1912
    1892
    1874
    1867
    1903
    1860
    1981
    2020
    1928
    1950
    1978
    1940
    1916
    1958
    1965
    1943
    2002
    2007
    1999
    1989
    1982
    2025
    1985
    2040
    2062
    2051
    2073
    2064
    2086
    2067
    2134
    2083
    2151
    2065
    2088
    2103
    2167
    2183
    2139
    2174
    2102
    2155
    2198
    2229
    2248
    2264
    2267
    2246
    2187
    2287
    2322
    2374
    2371
    2428
    2317
    2391
    2485
    2477
    2506
    2434
    2378
    2474
    2393
    2556
    2463
    2591
    2619
    2618
    2682
    2596
    2672
    2637
    2774
    2741
    2816
    2868
    2864
    2791
    2947
    2985
    2934
    2971
    2972
    3075
    3007
    3059
    3170
    3096
    3162
    3127
    3306
    3307
    3346
    3485
    3437
    3674
    3649
    3644
    3552
    3732
    3691
    3882
    3817
    3958
    3871
    4100
    4072
    4071
    4045
    4177
    4232
    4219
    4255
    4300
    4450
    4501
    4514
    4645
    4553
    4771
    4631
    4661
    4655
    4845
    4745
    4821
    4887
    4899
    4835
    4832
    4834
    5000
    4942
    4915
    4947
    4874
    4909
    4926
    5043
    4880
    4853
    4911
    4868
    5065
    4808
    4873
    4920
    4859
    4762
    4787
    4739
    4822
    4706
    4716
    4756
    4713
    4650
    4737
    4498
    4596
    4633
    4470
    4533
    4379
    4336
    4375
    4361
    4366
    4512
    4146
    4325
    4167
    4118
    4099
    4115
    3997
    4064
    3984
    3983
    3960
    3785
    3777
    3720
    3639
    3654
    3652
    3656
    3603
    3424
    3467
    3364
    3423
    3378
    3299
    3239
    3138
    3228
    3101
    3082
    2960
    2822
    2848
    2823
    2878
    2698
    2593
    2532
    2533
    2507
    2360
    2437
    2396
    2243
    2249
    2123
    2054
    1979
    1924
    1972
    1791
    1790
    1664
    1669
    1660
    1477
    1383
    1379
    1363
    1310
    1201
    1185
    1173
    1032
     978
     922
     918
     881
     748
     763
     673
     625
     630
     582
     511
     487
     455
     448
     425
     386
     346
     325
     298
     289
     277
     266
     233
     210
     217
     208
     186
     178
     177
     168
     163
     172
     144
     123
     138
     137
     137
     127
     128
      98
     107
      96
      92
     108
     135
     128
     134
      99
     130
     116
     123
     111
     146
     132
     109
     122
     115
     125
     121
     120
     103
     122
      99
     132
     114
     124
     109
     118
     136
     125
     112
     124
     131
     133
     122
     128
     137
     115
     121
     114
     125
     118
     107
     113
     125
     122
     121
     132
     125
     136
     113
     128
     111
     137
     125
     143
     118
     136
     134
     133
     122
     147
     123
     128
     144
     134
     121
     138
     151
     137
     131
     128
     156
     148
     126
     135
     144
     160
     132
     125
     144
     129
     134
     160
     146
     165
     162
     151
     179
     160
     147
     163
     155
     153
     173
     170
     159
     164
     173
     164
     173
     185
     192
     177
     182
     195
     199
     194
     186
     185
     172
     202
     187
     198
     210
     220
     190
     213
     193
     222
     220
     227
     211
     221
     231
     220
     230
     240
     232
     235
     243
     234
     232
     280
     247
     222
     232
     237
     233
     257
     235
     263
     253
     259
     258
     248
     264
     247
     262
     261
     235
     234
     243
     264
     231
     260
     260
     257
     258
     245
     252
     274
     262
     234
     240
     290
     241
     250
     259
     226
     267
     253
     248
     246
     224
     220
     225
     229
     215
     230
     222
     247
     241
     214
     232
     233
     232
     257
     225
     230
     205
     214
     199
     212
     206
     193
     228
     213
     193
     210
     210
     210
     181
     194
     190
     170
     194
     191
     195
     150
     169
     160
     198
     160
     194
     170
     180
     148
     153
     149
     183
     161
     161
     141
     155
     144
     152
     162
     141
     129
     157
     146
     130
     116
     133
     126
     117
     118
     127
     113
     118
     111
     119
     119
     108
     100
     110
      92
      99
      88
      91
      80
      84
      98
      82
      74
      82
      70
      58
      75
      73
      93
      75
      62
      53
      51
      53
      44
      40
      47
      50
      26
      36
      32
      42
      32
      31
      24
      33
      25
      31
      16
      20
      18
      26
      22
      15
      15
      21
       9
       9
      17
      12
      14
       9
      12
      11
      18
       8
       9
      10
       8
       5
       8
       4
      14
       6
      14
       6
       7
       9
       5
       5
       6
      10
      10
       4
       7
      12
       9
       3
       8
       9
       6
       6
       5
       4
       8
       4
       9
       5
       3
       7
       7
       9
       6
       4
       8
       3
       7
       7
       6
       5
       6
       9
       7
       6
       5
       8
       8
       9
       7
       6
       7
       8
       7
       9
       9
       4
       4
      11
      10
       9
       4
       9
       5
       7
       5
       7
       5
       2
       5
       9
       5
       6
       6
       9
       8
       9
       8
       9
       8
       7
       4
       3
       6
       9
       6
       6
       5
       7
       5
       6
       4
       3
       8
       7
       6
       7
       4
       8
       4
       2
       4
       3
       5
       9
      10
       5
       6
       6
       3
       7
       7
       3
       6
       4
       7
       1
       9
       3
      10
       6
       4
       6
       6
       4
       4
       5
      10
       7
       8
       9
      10
       5
       7
       9
       6
       9
       8
       5
       6
       4
       7
       6
       3
       9
       4
       5
       4
       6
       7
       3
       5
       7
       2
       4
       6
       6
       5
       9
      10
       4
       7
       5
       9
       4
       7
       2
       8
       7
       8
      10
       6
       4
       5
       5
      10
       7
       6
       3
       9
      11
       8
       1
       4
       7
       8
       4
       9
       5
       7
       5
       2
       6
       7
       8
       8
       0
       3
       5
       5
       6
       5
      10
       2
       8
       9
       4
       5
       8
       7
       3
       5
       3
       7
       5
       4
       8
       3
       4
       1
       4
       1
       0
       1
       3
       1
       3
       1
       0
       0
       0
       1
       0
       0
       0
       0
       0
       0
       0
       0
       0
       0
       0
       0
       0
       0
       0
       0
       0
       0
       0
       0
       0
       0
       0
       0
       0
       0
       0
       0
       0
       0
       0
       0
       0
       0
       0
       0
       0
       0
       0
       0
       0
       0
       0
       0
       0
       0
       0
       0
       0
       0
       0
       0
       0
       0
       0
       0
       0
       0
       0
       0
$ROI:
0
$PRESETS:
Live Time
600
0
$ENER_FIT:
0.000000 0.000000
$MCA_CAL:
3
0.000000E+000 0.000000E+000 0.000000E+000 
$SHAPE_CAL:
3
0.000000E+000 0.000000E+000 0.000000E+000
