$SPEC_ID:
No sample description was entered.
$SPEC_REM:
DET# 1
DETDESC# PHY-R11-37 MCB 129
AP# Maestro Version 7.01
$DATE_MEA:
11/22/2012 17:09:04
$MEAS_TIM:
600 604
$DATA:
0 2047
       0
       0
       0
       0
       0
       0
       0
       0
       0
       0
       0
       0
       0
       0
       0
       0
       0
       0
       0
       0
       0
       0
       0
       0
       0
       0
       0
       0
       0
       0
       0
       0
       0
       0
       0
       0
       0
       0
       0
       0
       0
       0
       2
       0
       1
       0
       1
      11
     356
     337
     321
     314
     283
     275
     252
     220
     192
     227
     209
     177
     192
     162
     149
     169
     155
     154
     148
     137
     130
     134
     128
     131
     136
     140
     113
     130
     130
     127
     129
     132
     110
     117
     113
     103
     101
     116
     111
     125
      97
      92
     102
     107
      86
     102
     110
      90
      85
      87
      86
      95
      90
      92
      95
      95
      90
     106
      82
      91
      92
     103
      85
      82
      95
      96
      87
      88
      95
     109
      91
      87
      89
      91
      85
      85
      83
      93
      63
      97
      95
      85
      78
      98
      87
      91
     100
      78
      78
      78
      78
      83
      67
      78
      81
      82
      92
      92
      83
     100
      81
      97
      76
      74
      78
      78
      80
     100
      66
      78
      76
      70
      71
      85
      74
      72
      81
      81
      74
      86
      72
      81
      63
      85
      72
      71
      88
      67
      70
      66
      79
      74
      79
      80
      66
      81
      69
      78
      75
      71
      66
      60
      58
      73
      74
      78
      66
      80
      76
      61
      77
      70
      68
      84
      81
      69
      75
      78
      78
      67
      57
      58
      71
      71
      57
      63
      64
      55
      62
      69
      74
      54
      80
      71
      83
      77
      78
      74
      67
      63
      60
      76
      60
      69
      91
      72
      69
      73
      87
      68
      59
      78
      66
      59
      79
      63
      69
      64
      70
      76
      68
      53
      66
      61
      61
      68
      63
      76
      68
      67
      76
      68
      73
      66
      71
      75
      60
      72
      67
      61
      75
      58
      64
      66
      78
      72
      82
      76
      78
      69
      61
      55
      79
      72
      69
      67
      73
      71
      71
      80
      77
      71
      68
      63
      58
      60
      68
      61
      67
      71
      71
      66
      75
      59
      62
      45
      70
      55
      78
      65
      67
      59
      61
      83
      78
      71
      86
      64
      60
      80
      69
      81
      73
      71
      86
      76
      61
      53
      60
      71
      66
      63
      76
      75
      67
      84
      69
      75
      76
      72
      77
      77
      68
      69
      81
      81
      57
      84
      91
      68
      78
      79
      85
      67
      69
      85
      64
      75
      72
      71
      69
      85
      72
      83
      84
      64
      83
      53
      73
      74
      79
      79
      74
      93
      83
      87
      79
      71
      91
      92
      98
     104
      99
      95
     107
      95
     127
     101
     141
      99
      95
     107
     115
     136
     108
     143
     125
     121
     130
     125
     109
     141
     130
     132
     115
     137
     133
     146
     138
     146
     132
     137
     149
     133
     149
     135
     161
     160
     161
     144
     161
     163
     166
     168
     177
     174
     189
     195
     196
     218
     199
     203
     196
     205
     209
     202
     214
     239
     220
     224
     233
     209
     233
     216
     239
     230
     226
     221
     240
     240
     243
     250
     230
     227
     240
     227
     257
     261
     242
     252
     243
     254
     240
     259
     241
     233
     249
     252
     237
     270
     255
     232
     227
     289
     241
     245
     257
     257
     273
     280
     251
     260
     234
     249
     269
     222
     243
     246
     239
     257
     263
     255
     234
     254
     252
     277
     275
     215
     253
     260
     244
     258
     230
     261
     259
     283
     273
     246
     242
     264
     242
     271
     248
     299
     257
     253
     242
     236
     266
     246
     281
     263
     273
     259
     277
     248
     253
     287
     239
     243
     236
     258
     256
     250
     250
     269
     237
     232
     275
     259
     246
     236
     270
     260
     281
     230
     226
     259
     246
     264
     254
     266
     247
     250
     220
     278
     240
     274
     264
     240
     240
     254
     277
     252
     251
     238
     276
     267
     258
     240
     246
     259
     269
     262
     271
     262
     271
     243
     264
     269
     253
     258
     253
     254
     266
     260
     218
     254
     253
     256
     255
     250
     237
     276
     255
     247
     260
     271
     240
     277
     247
     276
     261
     264
     264
     286
     231
     223
     255
     254
     247
     257
     267
     277
     265
     250
     231
     251
     273
     279
     255
     242
     261
     263
     288
     267
     258
     258
     276
     237
     243
     275
     258
     286
     219
     275
     286
     251
     239
     278
     269
     302
     259
     259
     283
     285
     238
     310
     258
     273
     265
     274
     272
     277
     251
     260
     294
     278
     252
     260
     271
     248
     270
     273
     276
     270
     259
     287
     269
     265
     273
     279
     306
     282
     263
     271
     276
     275
     289
     297
     262
     261
     285
     284
     272
     288
     258
     296
     286
     285
     284
     320
     290
     266
     277
     285
     289
     258
     277
     303
     266
     284
     280
     305
     276
     289
     297
     287
     291
     305
     294
     277
     267
     328
     320
     270
     269
     273
     280
     304
     301
     280
     283
     265
     318
     299
     326
     294
     273
     286
     294
     305
     323
     319
     291
     304
     300
     309
     307
     318
     290
     298
     307
     302
     300
     307
     328
     275
     259
     302
     312
     305
     326
     327
     314
     306
     317
     315
     292
     312
     305
     335
     315
     324
     308
     319
     319
     304
     312
     275
     316
     304
     301
     305
     313
     326
     332
     332
     336
     281
     352
     293
     320
     335
     331
     345
     303
     347
     305
     380
     310
     356
     316
     314
     352
     345
     342
     346
     356
     369
     363
     333
     377
     352
     329
     336
     364
     353
     353
     370
     333
     332
     370
     347
     348
     361
     333
     381
     362
     362
     374
     368
     395
     351
     395
     386
     396
     381
     424
     389
     413
     379
     396
     379
     351
     363
     409
     383
     392
     409
     376
     373
     381
     387
     377
     403
     438
     417
     395
     396
     396
     404
     414
     415
     420
     401
     441
     406
     387
     421
     429
     430
     422
     458
     442
     374
     424
     413
     436
     446
     431
     425
     393
     414
     427
     424
     433
     427
     464
     441
     423
     395
     454
     441
     412
     435
     418
     405
     393
     439
     464
     460
     439
     438
     411
     427
     414
     432
     438
     455
     445
     440
     454
     456
     432
     428
     476
     429
     423
     463
     452
     446
     443
     448
     432
     392
     455
     442
     461
     457
     456
     498
     468
     451
     429
     435
     453
     436
     483
     478
     477
     442
     483
     480
     444
     457
     439
     460
     484
     468
     403
     459
     513
     469
     453
     488
     507
     482
     485
     424
     467
     460
     475
     446
     492
     505
     473
     498
     463
     508
     476
     447
     513
     459
     487
     515
     453
     457
     489
     476
     458
     498
     500
     484
     476
     476
     483
     497
     492
     506
     466
     494
     487
     515
     469
     538
     493
     488
     501
     525
     453
     487
     530
     529
     480
     451
     532
     468
     510
     468
     546
     498
     493
     487
     481
     482
     512
     499
     498
     488
     491
     521
     515
     487
     485
     447
     501
     488
     505
     484
     462
     522
     532
     496
     507
     503
     508
     516
     501
     511
     498
     514
     507
     469
     476
     494
     517
     519
     530
     494
     505
     487
     493
     503
     546
     538
     540
     525
     509
     508
     536
     534
     538
     529
     515
     534
     515
     493
     536
     511
     531
     515
     580
     521
     534
     524
     560
     502
     538
     546
     537
     523
     509
     514
     548
     513
     528
     507
     512
     545
     549
     528
     520
     514
     497
     548
     544
     556
     570
     523
     531
     536
     526
     536
     516
     553
     544
     552
     535
     562
     567
     576
     544
     515
     560
     541
     577
     607
     492
     496
     556
     585
     562
     572
     553
     576
     563
     579
     542
     583
     524
     541
     552
     588
     561
     566
     520
     517
     588
     562
     521
     548
     571
     581
     569
     559
     543
     603
     541
     619
     627
     549
     556
     606
     587
     595
     612
     576
     576
     574
     613
     615
     604
     565
     605
     593
     574
     594
     603
     623
     654
     565
     619
     611
     593
     637
     590
     670
     594
     664
     647
     645
     586
     647
     598
     614
     654
     646
     664
     640
     695
     641
     671
     645
     649
     675
     651
     648
     625
     683
     708
     694
     692
     694
     689
     703
     652
     657
     656
     638
     654
     661
     632
     684
     712
     688
     670
     682
     687
     705
     702
     693
     720
     712
     721
     743
     777
     750
     738
     775
     740
     758
     747
     717
     686
     786
     765
     772
     805
     750
     743
     844
     753
     807
     793
     770
     822
     773
     862
     826
     808
     901
     828
     837
     861
     835
     821
     845
     843
     920
     939
     894
     920
     911
     913
     900
     901
     882
     932
     908
     925
     950
     975
    1004
     990
    1038
    1020
    1075
    1070
    1028
    1042
    1058
    1077
    1104
    1105
    1176
    1113
    1174
    1135
    1213
    1193
    1195
    1267
    1249
    1287
    1334
    1303
    1335
    1350
    1397
    1339
    1413
    1405
    1329
    1419
    1415
    1403
    1513
    1474
    1530
    1507
    1511
    1559
    1541
    1559
    1599
    1665
    1670
    1680
    1594
    1627
    1708
    1695
    1703
    1667
    1737
    1666
    1773
    1746
    1776
    1803
    1771
    1750
    1731
    1821
    1709
    1761
    1749
    1779
    1684
    1736
    1804
    1681
    1697
    1675
    1709
    1739
    1650
    1678
    1701
    1624
    1685
    1671
    1632
    1555
    1590
    1643
    1634
    1546
    1525
    1559
    1534
    1520
    1554
    1469
    1472
    1564
    1529
    1392
    1495
    1397
    1418
    1423
    1390
    1422
    1355
    1415
    1355
    1349
    1349
    1298
    1236
    1305
    1257
    1209
    1230
    1170
    1184
    1166
    1128
    1114
    1180
    1065
    1086
    1062
    1097
    1120
    1063
    1011
     942
     951
     973
     975
     925
     922
     879
     856
     812
     818
     782
     758
     786
     712
     698
     660
     702
     667
     605
     561
     575
     593
     528
     488
     500
     500
     451
     435
     428
     438
     377
     336
     345
     319
     300
     276
     253
     248
     220
     198
     214
     172
     187
     178
     132
     140
     115
     132
      99
      90
      86
      93
      83
      77
      72
      64
      54
      58
      50
      43
      50
      50
      47
      49
      39
      52
      43
      36
      45
      36
      46
      49
      32
      42
      42
      43
      29
      34
      39
      37
      44
      40
      32
      38
      38
      30
      40
      39
      44
      56
      35
      32
      43
      41
      41
      26
      40
      37
      60
      30
      34
      42
      40
      44
      36
      39
      41
      52
      45
      42
      30
      46
      30
      33
      44
      34
      44
      49
      51
      52
      34
      44
      32
      40
      45
      43
      43
      48
      37
      61
      49
      42
      45
      51
      39
      47
      47
      42
      46
      51
      61
      51
      41
      51
      50
      47
      49
      53
      51
      46
      45
      43
      46
      58
      52
      44
      50
      40
      56
      46
      53
      60
      59
      46
      53
      67
      57
      63
      56
      57
      58
      56
      67
      67
      71
      58
      52
      52
      62
      69
      67
      85
      70
      68
      75
      66
      69
      57
      77
      85
      72
      65
      81
      75
      80
      68
      88
      80
      65
      62
      84
      87
      66
      79
      84
      81
      78
      71
      85
      82
      88
      79
      99
      79
      92
      78
      91
      90
      95
      77
      81
      80
      97
      80
      81
      88
      78
      95
      73
      91
      97
      95
      94
      83
      95
      77
     109
      77
      67
      87
      68
      75
      69
      90
      67
      78
      81
      96
      74
      82
      82
      79
      72
      85
      86
      64
      84
      77
      81
      78
      77
      83
      82
      64
      69
      75
      67
      73
      73
      62
      76
      65
      59
      65
      58
      52
      87
      63
      74
      55
      62
      70
      60
      56
      81
      63
      50
      65
      52
      54
      53
      55
      55
      52
      58
      55
      60
      47
      53
      56
      34
      53
      56
      47
      46
      37
      41
      35
      40
      45
      43
      43
      49
      45
      42
      34
      44
      36
      36
      27
      29
      36
      35
      27
      26
      13
      20
      33
      33
      20
      31
      20
      24
      21
      14
      17
      27
      14
      19
      14
      17
      13
       9
      13
      15
       9
       9
       9
       8
      12
       8
       5
      11
       3
       9
       4
       6
       3
       9
       4
       5
       3
       1
       2
       6
       0
       2
       2
       3
       4
       5
       2
       2
       0
       1
       0
       1
       1
       2
       1
       2
       3
       1
       1
       0
       3
       3
       0
       0
       1
       0
       0
       2
       0
       1
       1
       0
       1
       0
       0
       0
       0
       0
       1
       1
       1
       3
       1
       4
       1
       1
       2
       0
       3
       0
       0
       1
       1
       1
       0
       2
       0
       2
       3
       1
       0
       2
       1
       0
       1
       1
       0
       1
       1
       3
       0
       0
       1
       1
       2
       0
       1
       0
       1
       1
       1
       0
       1
       2
       2
       3
       0
       1
       0
       1
       1
       0
       0
       2
       0
       0
       0
       0
       0
       0
       0
       0
       0
       3
       3
       2
       1
       0
       1
       0
       2
       2
       2
       1
       1
       0
       1
       0
       0
       1
       1
       1
       0
       0
       1
       0
       1
       0
       0
       1
       0
       1
       0
       0
       0
       1
       0
       1
       1
       0
       0
       0
       0
       0
       3
       2
       1
       0
       0
       0
       0
       2
       0
       1
       1
       0
       0
       0
       1
       1
       1
       0
       0
       2
       1
       1
       3
       0
       3
       0
       0
       1
       1
       0
       0
       2
       0
       1
       2
       2
       0
       1
       0
       1
       3
       1
       2
       0
       1
       0
       2
       0
       1
       1
       1
       0
       1
       0
       0
       0
       0
       1
       2
       0
       1
       1
       2
       1
       1
       0
       5
       0
       0
       0
       1
       3
       1
       0
       1
       0
       0
       0
       0
       0
       0
       0
       0
       0
       0
       0
       0
       1
       0
       0
       0
       0
       0
       0
       0
       0
       0
       0
       0
       0
       0
       0
       0
       0
       0
       0
       0
       0
       0
       0
       0
       0
       0
       0
       0
       0
       0
       0
       0
       0
       0
       0
       0
       0
       0
       0
       0
       0
       0
       0
       0
       0
       0
       0
       0
       0
       0
       0
       0
       0
       0
       0
       0
       0
       0
       0
       0
       0
       0
       0
       0
       0
$ROI:
0
$PRESETS:
Live Time
600
0
$ENER_FIT:
0.000000 0.000000
$MCA_CAL:
3
0.000000E+000 0.000000E+000 0.000000E+000 
$SHAPE_CAL:
3
0.000000E+000 0.000000E+000 0.000000E+000
