$SPEC_ID:
No sample description was entered.
$SPEC_REM:
DET# 1
DETDESC# PHY-R11-37 MCB 129
AP# Maestro Version 7.01
$DATE_MEA:
11/13/2012 15:54:49
$MEAS_TIM:
300 313
$DATA:
0 2047
       0
       0
       0
       0
       0
       0
       0
       0
       0
       0
       0
       0
       0
       0
       0
       0
       0
       0
       0
       0
       0
       0
       0
       0
       0
       0
       0
       0
       0
       0
       0
       0
       0
       0
       0
       0
       0
       0
       0
       0
       0
       0
       0
       0
       0
       0
       0
       0
       0
       0
       0
       0
       0
       0
       0
       0
       0
       0
       0
       1
       0
       2
       2
      16
      21
      17
      31
     251
     627
     644
     618
     596
     599
     556
     559
     578
     565
     592
     591
     559
     576
     555
     576
     530
     596
     512
     522
     542
     533
     538
     516
     563
     537
     523
     534
     517
     559
     501
     518
     500
     540
     504
     516
     501
     473
     536
     527
     493
     496
     540
     498
     516
     515
     527
     535
     510
     529
     529
     504
     490
     493
     534
     517
     517
     509
     510
     497
     526
     480
     489
     508
     481
     493
     507
     513
     522
     526
     508
     532
     515
     521
     490
     513
     500
     536
     515
     513
     542
     521
     556
     499
     531
     527
     519
     524
     513
     552
     525
     524
     522
     541
     570
     557
     543
     558
     550
     589
     540
     559
     557
     534
     582
     525
     597
     530
     586
     606
     566
     590
     647
     598
     652
     680
     682
     685
     721
     769
     764
     726
     828
     830
     875
     893
     941
     945
     922
    1057
    1009
    1005
    1081
    1106
    1131
    1244
    1195
    1284
    1244
    1311
    1393
    1407
    1432
    1481
    1550
    1670
    1630
    1646
    1716
    1764
    1712
    1696
    1809
    1855
    1802
    1750
    1780
    1796
    1831
    1744
    1820
    1825
    1797
    1821
    1727
    1812
    1716
    1790
    1802
    1730
    1764
    1860
    1849
    1857
    1795
    1789
    1766
    1857
    1843
    1781
    1847
    1874
    1861
    1815
    1896
    1871
    1850
    1882
    1769
    1883
    1809
    1843
    1839
    1852
    1895
    1834
    1848
    1691
    1830
    1882
    1895
    1794
    1877
    1857
    1857
    1832
    1849
    1855
    1807
    1877
    1841
    1816
    1812
    1823
    1850
    1825
    1912
    1845
    1903
    1885
    1882
    1798
    1828
    1900
    1832
    1865
    1882
    1852
    1833
    1888
    1904
    1889
    1841
    1877
    1962
    1871
    1910
    1875
    1822
    1896
    1890
    1943
    1900
    1917
    1905
    1941
    1947
    1925
    1903
    1963
    1954
    1942
    1981
    1925
    1918
    1969
    2009
    1975
    1931
    2051
    1940
    2042
    1948
    2021
    1903
    2054
    1989
    1985
    2040
    2080
    2011
    2054
    2055
    2007
    2090
    2066
    2121
    2123
    2167
    2070
    2063
    2072
    2134
    2093
    2111
    2066
    2153
    2175
    2171
    2154
    2132
    2202
    2117
    2228
    2156
    2161
    2268
    2223
    2099
    2270
    2215
    2317
    2290
    2265
    2222
    2331
    2324
    2228
    2365
    2395
    2248
    2351
    2395
    2404
    2333
    2333
    2484
    2450
    2396
    2472
    2497
    2481
    2466
    2622
    2478
    2526
    2584
    2605
    2611
    2576
    2652
    2652
    2724
    2781
    2708
    2755
    2764
    2862
    2893
    2837
    2810
    2885
    2882
    2928
    3009
    3083
    2993
    2940
    3030
    2885
    3062
    3076
    3015
    2979
    2953
    3023
    3105
    3063
    3094
    3098
    3072
    3062
    3122
    3101
    3098
    3117
    3207
    3152
    3124
    3101
    3083
    3229
    3179
    3245
    3178
    3112
    3235
    3196
    3242
    3255
    3256
    3221
    3306
    3318
    3233
    3319
    3374
    3321
    3257
    3483
    3394
    3444
    3442
    3326
    3421
    3349
    3512
    3502
    3357
    3419
    3476
    3600
    3436
    3553
    3511
    3561
    3621
    3602
    3553
    3724
    3629
    3553
    3746
    3712
    3672
    3761
    3579
    3721
    3563
    3759
    3730
    3713
    3685
    3770
    3936
    3673
    3714
    3865
    3804
    3856
    3791
    3817
    3810
    3759
    3828
    3776
    3767
    3942
    3814
    3914
    3736
    3851
    3863
    3942
    3793
    3898
    3792
    3939
    3795
    3901
    3909
    3908
    3962
    4011
    3942
    3913
    3855
    3973
    3926
    4139
    4090
    4045
    3945
    3993
    3995
    4131
    4101
    4115
    4120
    4136
    4144
    4169
    4151
    4210
    4101
    4094
    4241
    4178
    4134
    4218
    4282
    4266
    4282
    4337
    4472
    4252
    4465
    4472
    4403
    4412
    4409
    4554
    4613
    4617
    4533
    4476
    4581
    4716
    4733
    4564
    4760
    4714
    4735
    4830
    4710
    4805
    4850
    4866
    4992
    4888
    4949
    5157
    5036
    5217
    5121
    5227
    5194
    5319
    5239
    5312
    5471
    5485
    5337
    5476
    5613
    5701
    5745
    5898
    5805
    5960
    5846
    6111
    6226
    6077
    6311
    6522
    6455
    6745
    6881
    6668
    7070
    7143
    7184
    7474
    7578
    7593
    7897
    8176
    8226
    8393
    8741
    8888
    9122
    9384
    9594
    9611
   10008
   10342
   10745
   10819
   11203
   11341
   11744
   11845
   12046
   12217
   12466
   12549
   12659
   12636
   12991
   12993
   13050
   13029
   13039
   12785
   13039
   12837
   12651
   12692
   12605
   12357
   12313
   12304
   11862
   11620
   11535
   11304
   11146
   11015
   10710
   10513
   10454
   10021
    9796
    9430
    9165
    9093
    8720
    8449
    8202
    7726
    7522
    7363
    6792
    6448
    6068
    5809
    5334
    5275
    4869
    4523
    4175
    3803
    3496
    3168
    2837
    2603
    2352
    2033
    1923
    1636
    1360
    1222
    1047
     942
     794
     672
     627
     559
     467
     444
     396
     403
     389
     388
     321
     317
     331
     364
     344
     317
     356
     284
     332
     332
     345
     348
     332
     329
     327
     339
     332
     316
     367
     352
     326
     320
     359
     335
     328
     324
     341
     342
     351
     340
     377
     365
     374
     369
     375
     393
     373
     390
     381
     411
     388
     404
     424
     430
     411
     442
     434
     454
     451
     477
     452
     457
     493
     455
     482
     522
     496
     537
     552
     574
     582
     553
     609
     615
     672
     576
     623
     636
     659
     659
     678
     685
     607
     663
     684
     664
     655
     751
     725
     666
     655
     709
     718
     698
     592
     688
     660
     678
     605
     609
     618
     622
     644
     622
     548
     566
     556
     543
     569
     556
     501
     495
     470
     525
     485
     485
     470
     465
     432
     424
     377
     423
     367
     403
     316
     371
     344
     337
     278
     294
     256
     280
     260
     247
     243
     179
     200
     189
     163
     151
     146
     122
     135
     107
     103
      87
      94
      84
      77
      61
      62
      63
      53
      49
      42
      55
      46
      32
      33
      41
      41
      42
      43
      40
      49
      41
      38
      32
      52
      51
      48
      44
      53
      55
      41
      49
      39
      45
      44
      55
      40
      46
      44
      40
      23
      39
      47
      45
      40
      44
      34
      36
      39
      40
      39
      32
      32
      43
      48
      40
      55
      47
      49
      36
      35
      50
      43
      42
      42
      34
      37
      33
      42
      38
      38
      35
      43
      47
      42
      38
      42
      34
      36
      42
      41
      45
      43
      32
      36
      42
      45
      32
      43
      32
      41
      35
      37
      37
      36
      40
      28
      40
      39
      49
      31
      35
      51
      32
      34
      42
      33
      38
      34
      38
      39
      30
      30
      34
      35
      52
      30
      52
      43
      32
      31
      32
      54
      44
      43
      37
      31
      28
      32
      32
      29
      37
      35
      29
      35
      46
      45
      34
      41
      32
      41
      33
      36
      39
      39
      32
      32
      33
      36
      52
      42
      31
      38
      36
      34
      22
      36
      28
      22
      31
      35
      36
      28
      39
      26
      31
      27
      44
      37
      36
      44
      38
      37
      21
      32
      47
      46
      35
      53
      37
      34
      39
      44
      28
      34
      30
      21
      47
      33
      27
      24
      30
      45
      40
      43
      31
      38
      36
      32
      28
      36
      35
      38
      38
      38
      33
      26
      28
      28
      31
      35
      31
      40
      31
      31
      23
      32
      31
      46
      30
      28
      31
      43
      39
      27
      37
      38
      31
      35
      34
      28
      23
      37
      23
      35
      31
      39
      28
      40
      34
      28
      34
      32
      43
      31
      42
      35
      24
      34
      35
      34
      29
      37
      23
      36
      28
      36
      26
      30
      31
      35
      25
      35
      24
      30
      28
      38
      33
      27
      31
      32
      37
      35
      39
      26
      29
      40
      32
      24
      23
      33
      28
      27
      28
      16
      33
      27
      30
      35
      28
      28
      20
      23
      37
      19
      32
      31
      23
      17
      25
      29
      27
      35
      28
      21
      44
      24
      31
      20
      28
      33
      22
      25
      26
      30
      33
      27
      25
      36
      22
      22
      34
      20
      18
      31
      21
      27
      20
      23
      28
      27
      15
      26
      20
      25
      26
      19
      30
      18
      14
      16
      25
      20
      28
      25
      22
      25
      21
      28
      23
      19
      26
      22
      16
      23
      18
      26
      23
      19
      18
      17
      17
      27
      30
      26
      21
      24
      20
      25
      33
      27
      19
      15
      16
      24
      16
      18
      24
      16
      32
      25
      27
      14
      20
      17
      16
      22
      15
      22
      26
      32
      16
      14
      16
      25
      22
      22
      23
      21
      17
      16
      16
      20
      15
      19
      10
      17
      23
      15
      23
      21
      27
      26
      13
      15
      25
      19
      15
      21
      14
      17
      17
      11
      14
      19
      13
      11
      14
      16
      17
      18
      20
      16
      14
      15
      16
      12
      17
      10
      15
      15
      15
      11
      16
      16
      15
      15
       7
      10
      17
      15
      13
      11
      16
       6
       8
      13
       9
       9
       8
       9
      13
      12
       7
      11
       7
      10
       4
       9
      11
       6
       5
       9
       8
      13
       3
       9
       5
       9
       9
       3
       2
      10
      12
       4
       2
       7
       5
       1
       3
       1
       5
       7
       4
       4
       1
       7
       2
       3
       2
       6
       8
       4
       8
       3
       5
       4
       3
       6
       2
       6
       4
       2
       2
       5
       0
       0
       2
       3
       5
       2
       2
       6
       6
       6
       4
       4
       4
       5
       6
       2
       4
       5
       2
       7
       6
       5
       6
       4
       3
       5
       5
      10
       5
       0
       8
       4
       3
       5
       4
       7
       4
       5
       4
       5
       4
       6
       4
       7
       6
       7
       6
       6
       8
       1
       9
       5
       5
       2
       4
       4
       5
       6
       4
       3
       0
       3
       1
       4
       1
       2
       3
       2
       4
       3
       1
       3
       2
       3
       1
       1
       3
       1
       3
       1
       0
       0
       0
       3
       3
       0
       2
       0
       1
       2
       0
       0
       1
       0
       0
       2
       0
       2
       0
       2
       0
       0
       1
       0
       0
       2
       1
       1
       0
       0
       2
       1
       0
       1
       0
       1
       1
       3
       2
       0
       2
       1
       0
       0
       1
       0
       1
       0
       1
       2
       2
       1
       0
       0
       0
       0
       0
       0
       0
       0
       0
       0
       0
       0
       1
       0
       0
       0
       0
       1
       0
       1
       0
       0
       1
       0
       1
       0
       1
       0
       1
       0
       0
       0
       2
       0
       0
       3
       0
       0
       1
       0
       0
       0
       0
       0
       0
       0
       0
       0
       0
       0
       0
       0
       0
       0
       3
       1
       0
       0
       0
       0
       0
       0
       1
       0
       0
       0
       0
       0
       2
       0
       3
       1
       0
       0
       0
       0
       0
       0
       0
       0
       0
       0
       1
       0
       0
       0
       0
       0
       1
       0
       0
       0
       0
       1
       0
       0
       0
       0
       0
       0
       0
       1
       0
       0
       0
       1
       0
       1
       0
       1
       0
       0
       1
       0
       0
       0
       1
       0
       0
       0
       0
       1
       0
       0
       1
       0
       1
       0
       0
       1
       0
       0
       0
       0
       1
       0
       0
       0
       0
       0
       0
       0
       0
       0
       0
       1
       0
       0
       0
       0
       1
       0
       1
       0
       0
       0
       0
       0
       0
       1
       0
       0
       0
       0
       0
       0
       0
       0
       0
       0
       0
       0
       0
       0
       0
       0
       0
       0
       0
       0
       0
       1
       0
       0
       1
       0
       0
       0
       0
       0
       0
       0
       0
       0
       0
       0
       0
       0
       0
       0
       0
       0
       1
       0
       0
       0
       0
       0
       0
       0
       0
       0
       0
       0
       0
       0
       0
       0
       0
       0
       0
       0
       0
       0
       1
       1
       0
       0
       0
       0
       0
       0
       0
       0
       1
       0
       0
       0
       0
       0
       1
       0
       0
       0
       0
       0
       0
       0
       0
       0
       0
       0
       0
       0
       0
       0
       0
       0
       0
       0
       0
       0
       0
       1
       1
       0
       0
       0
       0
       0
       0
       0
       0
       0
       0
       0
       0
       0
       0
       0
       0
       0
       0
       0
       0
       0
       0
       1
       0
       0
       0
       0
       0
       0
       0
       0
       0
       0
       0
       0
       0
       0
       0
       0
       0
       0
       0
       0
       1
       0
       0
       0
       0
       0
       0
       0
       1
       0
       0
       0
       1
       0
       0
       0
       0
       0
       0
       0
       0
       0
       0
       0
       0
       0
       0
       0
       0
       0
       0
       0
       0
       0
       0
       0
       0
       0
       0
       0
       0
       0
       0
       0
       0
       0
       0
       0
       0
       0
       1
       0
       0
       0
       0
       0
       0
       0
       0
       0
       0
       0
       0
       0
       0
       0
       0
       0
       0
       0
       0
       0
       0
       0
       0
       0
       0
       0
       0
       0
       0
       1
       0
       0
       0
       0
       0
       0
       0
       0
       0
       0
       0
       0
       0
       0
       0
       1
       0
       0
       0
       0
       0
       0
       0
       0
       0
       0
       0
       0
       0
       0
       0
       0
       1
       0
       0
       0
       0
       0
       0
       0
       1
       0
       0
       0
       0
       0
       0
       0
       0
       0
       0
       0
       0
       0
       0
       0
       0
       0
       0
       0
       0
       0
       0
       0
       0
       0
       0
       0
       0
       0
       0
       0
       0
       0
       0
       0
       0
       0
       0
       0
       0
       0
       0
       0
       0
       0
       0
       0
       0
       0
       0
       0
       0
       0
       0
       0
       0
       0
       0
       0
       0
       0
       0
       0
       0
       0
       0
       0
       0
       0
       0
       0
       0
       0
       0
       0
       0
       0
       0
       0
       0
       0
       0
       0
       0
       0
       0
       0
       0
       0
       0
       0
       0
       0
       0
       0
       0
       0
       0
       0
       0
       0
       0
       0
       0
       0
       0
       0
       0
       0
       0
       0
       0
       0
       0
       0
       0
       0
       0
       0
       0
       0
       0
       0
       0
       0
       0
       0
       0
       0
       0
       0
       0
       0
$ROI:
0
$PRESETS:
Live Time
300
0
$ENER_FIT:
0.000000 0.000000
$MCA_CAL:
3
0.000000E+000 0.000000E+000 0.000000E+000 
$SHAPE_CAL:
3
0.000000E+000 0.000000E+000 0.000000E+000
