$SPEC_ID:
No sample description was entered.
$SPEC_REM:
DET# 1
DETDESC# PHY-R11-37 MCB 129
AP# Maestro Version 7.01
$DATE_MEA:
11/08/2012 17:38:01
$MEAS_TIM:
89 91
$DATA:
0 2047
       0
       0
       0
       3
   12670
    2065
      56
     360
    1312
     991
     681
     609
     598
     564
     557
     496
     518
     556
     577
     605
     624
     748
     816
     734
     679
     672
     644
     605
     586
     593
     518
     553
     523
     522
     554
     512
     515
     449
     456
     439
     428
     398
     434
     436
     388
     372
     365
     374
     384
     359
     311
     312
     346
     369
     322
     366
     341
     355
     337
     283
     292
     261
     249
     242
     218
     193
     204
     202
     185
     176
     144
     181
     149
     118
     107
     104
     118
      84
      91
      79
      74
      81
      96
      89
      73
      62
      92
      62
      62
      55
      61
      46
      37
      44
      59
      56
      58
      46
      50
      56
      38
      39
      44
      43
      45
      24
      46
      41
      31
      32
      34
      37
      32
      33
      29
      33
      18
      26
      28
      32
      28
      34
      26
      26
      31
      29
      35
      25
      33
      21
      28
      26
      27
      20
      43
      21
      27
      24
      29
      28
      30
      22
      30
      30
      30
      32
      30
      28
      23
      17
      23
      33
      17
      19
      23
      24
      15
      17
      27
      24
      26
      24
      24
      17
      14
      23
      25
      25
      21
      19
      25
      25
      28
      26
      20
      20
       7
      18
      19
      21
      18
      17
      10
      20
      19
      12
      18
      13
      15
      17
      13
      14
       9
      13
      17
      15
      21
      20
       8
       7
      13
      17
      11
      11
      12
      15
      13
      15
      16
      17
      23
      12
      14
      11
      14
       5
       9
      12
      18
       8
      13
      16
      13
      10
      13
      17
      15
      14
      18
      17
       6
      20
      11
       6
      15
       7
      12
      12
      15
      12
      10
       7
      14
      10
       5
      12
      18
      15
      12
      12
       6
      12
      14
      14
      16
       9
       8
      14
       9
       8
       7
      10
      14
      15
      10
      15
      15
       6
      10
      12
      13
      15
       5
       6
      11
      12
      11
       4
      12
      11
       7
       5
       4
      13
       4
      10
      12
       5
      11
      12
       4
       5
       6
       4
       9
      17
       3
       6
      10
       7
       9
       4
       6
       5
       8
       7
       8
       8
      11
       7
       5
      15
       7
       9
      12
       8
       7
       7
       6
       3
      10
      12
       8
       7
       6
       5
       7
       8
       5
       5
       5
      10
       4
      13
       8
       4
       4
       9
       7
       5
       8
       9
       6
       3
       3
       5
       6
       4
       4
      11
       4
      13
       6
       2
       7
       2
       4
       5
       8
       2
       4
       3
       8
       4
       2
       4
       4
       6
       5
       6
       6
       5
       4
       4
       3
       7
       4
       5
       4
       3
       5
       1
       9
       5
       2
       3
      12
       5
       2
       6
       6
       6
       7
      11
       9
      10
      13
      11
       8
      13
      14
       9
       5
      16
      14
       9
      14
       7
      11
       6
       4
      12
       9
      11
       8
       6
       6
       3
       9
       8
       9
       0
      10
       5
       3
       1
       3
       1
       4
       7
       2
       5
       5
       4
       7
       7
       6
       4
       4
       2
       0
       5
       2
       1
       3
       3
       2
       0
       2
       6
       4
       5
       2
       1
       3
       4
       6
       3
       5
       7
       1
       1
       2
       3
       3
       1
       7
       2
       6
       4
       0
       1
       3
       5
       6
       0
       2
       4
       2
       1
       2
       3
       4
       6
       7
       0
       3
       4
       3
       1
       2
       1
       0
       2
       5
       3
       3
       4
       1
       0
       5
       4
       3
       3
       5
       5
       3
       3
       4
       3
       3
       4
       3
      10
       6
       3
       4
       3
       2
       8
       6
       5
       7
       4
       1
       3
       1
       0
       1
       1
       0
       2
       1
       2
       2
       0
       1
       0
       3
       0
       2
       0
       5
       3
       2
       0
       2
       0
       3
       4
       1
       1
       2
       1
       2
       1
       1
       2
       1
       2
       1
       4
       1
       1
       2
       1
       0
       1
       0
       0
       1
       0
       1
       2
       1
       2
       2
       1
       4
       3
       1
       3
       3
       1
       3
       3
       2
       0
       4
       3
       4
       0
       0
       4
       2
       1
       2
       1
       2
       1
       3
       0
       2
       0
       5
       0
       0
       1
       0
       2
       0
       3
       2
       3
       3
       2
       1
       1
       4
       1
       2
       0
       3
       2
       2
       1
       1
       4
       0
       2
       0
       0
       1
       2
       2
       0
       1
       0
       4
       1
       2
       0
       2
       0
       2
       0
       2
       1
       3
       0
       1
       0
       2
       0
       1
       1
       3
       2
       2
       2
       0
       0
       0
       0
       1
       1
       1
       2
       0
       1
       1
       0
       0
       0
       1
       1
       0
       2
       0
       1
       2
       2
       2
       1
       2
       0
       1
       0
       2
       1
       0
       0
       0
       0
       2
       1
       1
       1
       0
       2
       2
       2
       0
       0
       5
       2
       0
       4
       1
       1
       1
       2
       0
       0
       2
       1
       0
       1
       1
       0
       1
       1
       1
       1
       0
       0
       2
       2
       1
       1
       0
       0
       3
       0
       1
       1
       2
       1
       1
       0
       1
       0
       0
       2
       0
       0
       1
       1
       1
       1
       0
       1
       3
       1
       0
       1
       0
       1
       0
       0
       1
       0
       0
       1
       0
       0
       1
       0
       0
       1
       0
       0
       0
       0
       0
       0
       1
       0
       0
       0
       0
       0
       1
       1
       0
       0
       0
       1
       2
       0
       2
       0
       1
       0
       1
       0
       1
       0
       1
       0
       0
       0
       0
       1
       0
       1
       1
       1
       0
       1
       0
       0
       0
       0
       1
       1
       0
       0
       0
       0
       0
       0
       1
       0
       2
       0
       1
       1
       0
       0
       0
       0
       0
       1
       0
       0
       0
       1
       1
       1
       0
       1
       1
       0
       0
       0
       1
       1
       0
       1
       1
       0
       0
       2
       1
       0
       0
       0
       1
       1
       0
       0
       0
       0
       1
       0
       1
       1
       1
       3
       2
       0
       3
       0
       1
       0
       0
       0
       0
       0
       0
       0
       1
       0
       0
       1
       1
       0
       0
       1
       0
       0
       2
       0
       0
       1
       0
       1
       1
       0
       0
       0
       1
       1
       0
       1
       0
       0
       0
       0
       1
       0
       0
       1
       1
       1
       0
       0
       0
       2
       1
       0
       0
       0
       1
       0
       0
       2
       0
       0
       0
       1
       1
       1
       1
       1
       1
       0
       0
       0
       0
       0
       0
       0
       0
       0
       0
       1
       0
       1
       0
       0
       0
       0
       0
       0
       1
       0
       0
       1
       0
       1
       0
       1
       0
       0
       2
       0
       1
       0
       0
       1
       1
       2
       1
       0
       0
       2
       1
       0
       0
       1
       2
       0
       0
       1
       1
       0
       1
       0
       0
       1
       0
       0
       0
       0
       1
       2
       0
       0
       0
       1
       1
       0
       2
       0
       0
       1
       0
       0
       1
       0
       0
       0
       0
       0
       0
       2
       0
       0
       1
       0
       1
       0
       0
       1
       0
       0
       0
       0
       0
       0
       0
       1
       1
       0
       0
       0
       1
       0
       0
       1
       0
       0
       0
       1
       1
       1
       0
       0
       1
       0
       0
       0
       0
       0
       0
       0
       0
       0
       1
       0
       1
       0
       0
       1
       0
       2
       1
       0
       2
       0
       1
       0
       0
       1
       0
       0
       0
       0
       0
       1
       0
       1
       0
       1
       2
       0
       0
       0
       0
       0
       0
       0
       0
       0
       0
       0
       1
       0
       0
       0
       1
       0
       0
       0
       0
       0
       0
       0
       0
       0
       0
       0
       0
       0
       0
       3
       0
       0
       1
       1
       1
       1
       0
       0
       0
       1
       0
       0
       1
       0
       0
       2
       0
       0
       0
       0
       0
       1
       0
       1
       0
       0
       1
       1
       0
       0
       1
       0
       0
       0
       0
       0
       0
       0
       1
       0
       0
       0
       0
       0
       1
       0
       1
       0
       1
       0
       1
       0
       0
       1
       0
       0
       0
       0
       0
       0
       0
       0
       0
       0
       0
       2
       0
       0
       0
       1
       2
       0
       2
       1
       1
       1
       0
       0
       1
       2
       0
       0
       0
       0
       0
       0
       0
       1
       1
       0
       1
       1
       1
       0
       2
       1
       0
       0
       0
       3
       0
       1
       0
       0
       0
       0
       1
       0
       0
       0
       0
       0
       0
       2
       0
       1
       0
       0
       0
       1
       0
       0
       0
       0
       0
       0
       0
       1
       1
       0
       0
       0
       0
       0
       2
       0
       0
       2
       0
       0
       0
       3
       0
       0
       0
       0
       0
       0
       0
       1
       0
       1
       0
       0
       1
       0
       0
       0
       0
       0
       0
       0
       1
       0
       0
       0
       0
       0
       0
       0
       0
       0
       1
       0
       0
       0
       0
       1
       0
       0
       0
       0
       0
       0
       0
       0
       0
       0
       0
       0
       1
       0
       0
       0
       0
       0
       0
       0
       0
       0
       0
       0
       0
       1
       0
       0
       1
       0
       1
       0
       0
       0
       0
       0
       1
       1
       0
       0
       0
       0
       0
       0
       0
       0
       0
       0
       0
       0
       0
       0
       0
       0
       0
       0
       0
       0
       0
       0
       0
       0
       0
       0
       0
       0
       0
       0
       1
       0
       0
       0
       0
       0
       0
       0
       0
       1
       1
       1
       0
       1
       1
       1
       0
       1
       0
       1
       0
       0
       1
       0
       0
       0
       0
       0
       0
       0
       0
       0
       0
       0
       0
       0
       0
       1
       0
       1
       0
       1
       0
       0
       1
       1
       0
       0
       0
       1
       1
       0
       1
       0
       0
       0
       0
       0
       0
       0
       0
       0
       0
       0
       0
       0
       0
       0
       0
       1
       1
       0
       0
       0
       0
       0
       1
       0
       0
       1
       0
       0
       0
       0
       0
       1
       0
       0
       0
       0
       1
       0
       0
       0
       0
       1
       0
       0
       0
       0
       0
       0
       0
       0
       0
       0
       0
       0
       1
       0
       0
       0
       2
       1
       2
       1
       0
       0
       0
       0
       1
       0
       1
       2
       0
       3
       0
       1
       0
       1
       1
       1
       1
       1
       0
       0
       0
       1
       1
       0
       0
       0
       1
       0
       0
       1
       1
       0
       0
       0
       0
       0
       0
       1
       0
       0
       0
       0
       0
       0
       0
       0
       1
       1
       0
       0
       0
       0
       0
       0
       0
       0
       0
       1
       1
       0
       0
       0
       2
       0
       1
       0
       0
       0
       0
       0
       0
       0
       0
       0
       0
       0
       0
       0
       1
       2
       0
       0
       0
       0
       1
       0
       0
       1
       1
       1
       0
       1
       0
       0
       0
       0
       0
       0
       0
       1
       0
       0
       1
       1
       0
       2
       1
       1
       1
       0
       0
       0
       0
       0
       0
       0
       0
       0
       1
       0
       0
       1
       0
       0
       0
       0
       0
       0
       0
       0
       0
       0
       0
       0
       0
       0
       0
       0
       0
       0
       0
       0
       0
       1
       0
       0
       0
       1
       0
       0
       1
       0
       0
       0
       0
       0
       0
       0
       0
       0
       0
       0
       0
       0
       1
       0
       0
       0
       0
       0
       0
       0
       0
       0
       0
       0
       0
       0
       0
       1
       0
       0
       0
       0
       0
       0
       1
       0
       0
       0
       0
       0
       0
       1
       1
       1
       0
       0
       0
       1
       0
       0
       0
       0
       0
       0
       1
       1
       2
       1
       1
       0
       0
       1
       1
       1
       0
       0
       1
       0
       0
       1
       1
       0
       1
       2
       4
       2
       1
       5
       8
      16
      14
      14
       2
       0
       0
       0
       0
       0
       1
       0
       0
       0
       0
       0
       0
       0
       0
       0
       0
       0
       0
       0
       0
       0
       0
       0
       0
       0
       0
       0
       0
       0
       0
       0
       0
       0
       0
       0
       0
       0
       0
       0
       0
       0
       0
       0
       0
       0
       0
       0
       0
       0
       0
       0
       0
       0
       0
       0
       0
       0
       0
       0
       0
       0
       0
       0
       0
       0
       0
       0
       0
       0
       0
       0
       0
       0
       0
       0
       0
       0
       0
       0
       0
       0
       0
       0
       0
       0
       0
       0
       0
       0
       0
       0
       0
       0
       0
       0
       0
       0
       0
       0
       0
       0
       0
       0
       0
       0
       0
       0
       0
       0
       0
       0
       0
       0
       0
       0
       0
       0
       0
       0
       0
       0
       0
       0
       0
       0
       0
       0
       0
       0
       0
       0
       0
       0
       0
       0
       0
       0
       0
       0
       0
       0
       0
       0
       0
       0
       0
       0
       0
       0
       0
       0
       0
       0
       0
       0
       0
       0
       0
       0
       0
       0
       0
       0
       0
       0
       0
       0
       0
       0
       0
       0
       0
       0
       0
       0
       0
       0
       0
       0
       0
       0
       0
       0
       0
       0
       0
       0
       0
       0
       0
       0
       0
       0
       0
       0
       0
       0
       0
       0
       0
       0
       0
       0
       0
       0
       0
       0
       0
       0
       0
       0
       0
       0
       0
       0
       0
       0
       0
       0
       0
       0
       0
       0
       0
       0
       0
       0
       0
       0
       0
       0
       0
       0
       0
       0
       0
       0
       0
       0
       0
       0
       0
       0
       0
       0
       0
       0
       0
       0
       0
       0
       0
       0
       0
       0
       0
       0
       0
       0
       0
       0
       0
       0
       0
       0
       0
       0
       0
       0
       0
       0
       0
       0
       0
       0
       0
       0
       0
       0
       0
       0
       0
       0
       0
       0
       0
       0
       0
       0
       0
       0
       0
       0
       0
       0
       0
       0
       0
       0
       0
       0
       0
       0
       0
       0
       0
       0
       0
       0
       0
       0
       0
       0
       0
       0
       0
       0
       0
       0
       0
       0
       0
       0
       0
       0
       0
       0
       0
       0
       0
       0
       0
       0
$ROI:
1
380 433
$PRESETS:
None
0
0
$ENER_FIT:
0.000000 0.000000
$MCA_CAL:
3
0.000000E+000 0.000000E+000 0.000000E+000 
$SHAPE_CAL:
3
0.000000E+000 0.000000E+000 0.000000E+000
