$SPEC_ID:
No sample description was entered.
$SPEC_REM:
DET# 1
DETDESC# PHY-R11-37 MCB 129
AP# Maestro Version 7.01
$DATE_MEA:
11/08/2012 14:27:00
$MEAS_TIM:
46 53
$DATA:
0 2047
       0
       0
       0
       0
       0
       0
       0
       0
       0
       0
       0
       0
       0
       0
       0
       0
       0
       0
       0
       0
       0
       0
       0
       0
       0
       0
       0
       0
       0
       0
       0
       0
       0
       0
       0
       0
       0
       0
       0
       0
       0
       0
       0
       0
       0
       0
       0
       0
       0
       0
       0
       0
       0
       0
       0
       0
       0
       0
       0
       0
       0
       0
       0
       0
       0
       0
       0
       0
       0
       0
       0
       0
       0
       0
       0
       0
       0
       1
     495
    1603
    1460
    1379
    1440
    1353
    1384
    1375
    1347
    1351
    1322
    1327
    1388
    1351
    1525
    1687
    1862
    2121
    2281
    2438
    2681
    2763
    2725
    2696
    2436
    2340
    2087
    1912
    1700
    1575
    1498
    1308
    1202
    1184
    1142
    1053
    1042
     997
     989
     974
     978
     904
     912
     878
     878
     836
     893
     816
     853
     817
     814
     797
     801
     732
     731
     688
     719
     653
     630
     586
     600
     579
     620
     600
     550
     554
     537
     584
     542
     500
     531
     534
     551
     493
     444
     493
     485
     470
     487
     456
     484
     486
     467
     487
     420
     446
     431
     451
     394
     441
     418
     387
     393
     416
     394
     397
     400
     396
     383
     401
     408
     387
     385
     382
     407
     378
     413
     360
     384
     368
     381
     368
     405
     434
     416
     398
     397
     383
     423
     407
     385
     391
     404
     388
     393
     370
     402
     411
     432
     379
     423
     449
     467
     472
     518
     547
     552
     636
     565
     629
     657
     589
     599
     623
     634
     611
     588
     583
     587
     592
     471
     526
     474
     457
     466
     444
     437
     402
     448
     402
     429
     408
     408
     397
     375
     403
     347
     379
     367
     371
     364
     396
     359
     355
     361
     330
     361
     388
     363
     377
     388
     353
     354
     342
     409
     388
     428
     447
     416
     442
     460
     469
     468
     457
     492
     470
     465
     491
     446
     420
     419
     448
     434
     383
     427
     368
     383
     362
     318
     348
     355
     336
     360
     344
     296
     412
     388
     380
     384
     427
     434
     457
     435
     448
     535
     532
     525
     532
     532
     555
     515
     557
     567
     518
     550
     508
     481
     521
     470
     481
     413
     417
     404
     360
     333
     345
     328
     300
     277
     260
     294
     254
     234
     234
     210
     210
     189
     194
     200
     185
     180
     154
     180
     188
     143
     137
     176
     148
     149
     163
     154
     140
     128
     145
     142
     126
     132
     114
     137
     141
     116
     139
     119
     124
     122
     128
     133
     108
     125
     122
     110
     129
     126
     132
     116
     106
     128
     148
     176
     160
     172
     174
     199
     180
     207
     190
     227
     227
     258
     240
     262
     276
     277
     281
     293
     259
     278
     266
     277
     259
     246
     246
     236
     225
     223
     203
     209
     182
     165
     163
     156
     134
     133
     122
     140
     118
      86
     105
     106
      87
     104
      93
      91
      62
      79
      79
      73
      69
      67
      70
      54
      84
      67
      52
      60
      51
      46
      55
      46
      55
      46
      52
      31
      39
      42
      38
      32
      35
      44
      22
      22
      18
      23
      30
      32
      19
      24
      30
      25
      29
      30
      19
      17
      23
      28
      20
      19
      26
      14
      17
      14
       9
      14
      15
      17
      22
      22
      17
      24
      18
       7
      10
      21
      16
      13
      15
      17
      11
      19
      10
      11
       9
      14
      18
      12
      11
      12
      14
      10
       6
      14
      17
       7
      14
       8
      14
      13
      11
      10
      14
      10
       8
      13
      11
      10
      13
       9
      11
       7
      11
      13
       5
       4
       4
       9
       5
       8
       8
       9
       6
       4
       4
       9
       4
       8
       8
       8
       7
       7
       7
      10
       9
       6
       5
       6
       9
      12
       5
       6
       9
      14
       5
      12
       8
       6
       6
      10
       2
       2
       7
       3
       7
       4
       3
       4
       7
       4
       5
       3
       3
       2
       6
       4
       6
       5
       7
       5
       5
       5
       8
       4
       6
       3
       4
       3
       1
       1
       4
       8
       4
       1
       7
       5
       5
       4
       2
       3
       4
       5
       3
       3
       9
       1
       7
       4
       5
       4
       3
       1
       6
       2
       5
       4
       4
       4
       2
       3
       2
       2
       2
       4
       3
       5
       1
       3
       2
       2
       2
       4
       6
       3
       1
       4
       1
       1
       0
       4
       5
       5
       0
       4
       3
       2
       3
       1
       2
       5
       3
       3
       2
       1
       1
       1
       0
       1
       2
       2
       3
       3
       4
       5
       3
       2
       3
       2
       3
       4
       1
       3
       2
       3
       4
       1
       2
       2
       0
       3
       2
       0
       0
       3
       3
       4
       3
       2
       2
       3
       0
       1
       3
       0
       1
       0
       0
       0
       2
       2
       0
       1
       2
       1
       1
       3
       1
       1
       0
       2
       3
       1
       1
       0
       1
       0
       0
       1
       1
       0
       0
       2
       0
       0
       1
       0
       1
       0
       2
       2
       5
       1
       0
       1
       1
       1
       1
       3
       1
       0
       1
       1
       1
       2
       1
       3
       1
       2
       2
       0
       1
       0
       1
       5
       1
       1
       0
       0
       2
       2
       0
       0
       0
       0
       0
       0
       1
       0
       0
       1
       0
       1
       0
       1
       1
       0
       0
       0
       1
       0
       2
       1
       0
       2
       1
       0
       0
       0
       0
       0
       1
       0
       1
       0
       1
       3
       0
       1
       1
       1
       0
       0
       0
       0
       0
       2
       0
       0
       0
       0
       0
       2
       0
       0
       1
       0
       1
       0
       0
       1
       0
       0
       0
       0
       2
       0
       0
       0
       1
       0
       0
       0
       0
       0
       1
       0
       0
       0
       0
       0
       0
       0
       0
       2
       0
       3
       0
       0
       0
       0
       1
       1
       0
       0
       0
       0
       1
       0
       0
       0
       1
       1
       0
       0
       1
       0
       0
       1
       0
       0
       0
       0
       1
       0
       1
       0
       1
       0
       0
       1
       0
       0
       0
       2
       0
       0
       0
       0
       0
       0
       1
       0
       1
       1
       1
       0
       0
       1
       0
       0
       0
       1
       0
       0
       0
       0
       0
       0
       1
       0
       1
       0
       0
       0
       0
       2
       0
       0
       0
       0
       0
       0
       0
       0
       0
       0
       0
       0
       0
       0
       0
       0
       0
       0
       0
       2
       2
       0
       0
       1
       1
       0
       1
       0
       0
       0
       0
       0
       1
       0
       0
       1
       0
       0
       0
       0
       0
       0
       0
       0
       0
       0
       0
       0
       0
       1
       1
       0
       0
       0
       0
       0
       0
       1
       0
       0
       0
       0
       0
       0
       0
       0
       0
       1
       0
       0
       0
       0
       0
       0
       0
       0
       1
       0
       0
       0
       0
       0
       1
       0
       0
       0
       0
       1
       0
       0
       0
       1
       0
       0
       0
       0
       0
       0
       0
       0
       0
       0
       0
       2
       0
       1
       1
       0
       0
       0
       0
       0
       0
       0
       0
       0
       0
       0
       1
       0
       0
       0
       0
       0
       0
       0
       1
       1
       0
       0
       0
       1
       0
       0
       0
       0
       0
       0
       0
       0
       0
       0
       0
       0
       0
       1
       0
       0
       0
       0
       1
       0
       0
       0
       0
       1
       1
       0
       0
       1
       0
       0
       0
       0
       0
       0
       0
       0
       0
       0
       0
       0
       0
       0
       0
       0
       0
       1
       0
       0
       0
       0
       0
       1
       0
       0
       0
       0
       0
       0
       0
       0
       0
       0
       0
       0
       0
       0
       0
       0
       0
       0
       0
       0
       0
       0
       0
       0
       0
       0
       0
       0
       0
       0
       0
       0
       0
       0
       0
       0
       0
       1
       0
       1
       0
       0
       1
       0
       0
       0
       0
       1
       0
       1
       0
       0
       0
       0
       0
       0
       0
       0
       0
       1
       0
       0
       0
       0
       0
       0
       1
       0
       0
       0
       0
       1
       0
       0
       0
       0
       0
       0
       0
       0
       0
       0
       0
       1
       0
       1
       0
       0
       0
       0
       1
       0
       0
       1
       0
       1
       0
       0
       0
       0
       1
       0
       1
       0
       0
       0
       0
       0
       1
       0
       0
       0
       0
       0
       0
       1
       0
       0
       0
       0
       0
       1
       0
       0
       1
       0
       0
       0
       0
       0
       0
       0
       0
       0
       0
       0
       0
       0
       0
       0
       0
       0
       0
       0
       0
       0
       0
       0
       0
       0
       0
       0
       0
       0
       0
       0
       0
       0
       0
       0
       0
       0
       0
       0
       0
       1
       0
       0
       0
       0
       0
       0
       0
       0
       0
       0
       0
       0
       0
       0
       1
       1
       0
       0
       0
       0
       0
       1
       0
       0
       0
       0
       0
       0
       0
       0
       0
       0
       0
       0
       0
       0
       0
       0
       0
       0
       0
       0
       0
       0
       0
       0
       0
       0
       0
       0
       0
       0
       0
       0
       0
       0
       0
       0
       0
       0
       0
       0
       0
       0
       0
       0
       0
       0
       0
       0
       0
       0
       0
       0
       0
       1
       0
       0
       0
       0
       0
       0
       0
       0
       0
       0
       0
       0
       1
       0
       0
       0
       0
       1
       0
       0
       0
       1
       0
       0
       0
       0
       1
       0
       0
       0
       0
       0
       0
       0
       0
       0
       0
       1
       0
       0
       0
       0
       0
       0
       0
       0
       0
       0
       0
       0
       0
       0
       0
       0
       0
       0
       0
       0
       0
       0
       0
       0
       0
       0
       1
       0
       0
       1
       1
       0
       0
       0
       0
       0
       2
       0
       0
       0
       0
       1
       2
       0
       0
       1
       0
       1
       0
       1
       0
       0
       0
       0
       0
       0
       0
       0
       0
       0
       0
       0
       0
       0
       0
       0
       0
       0
       1
       0
       0
       0
       0
       0
       0
       0
       0
       0
       0
       0
       0
       0
       0
       0
       0
       0
       0
       0
       0
       1
       1
       0
       0
       0
       0
       0
       0
       0
       0
       1
       0
       0
       0
       0
       1
       0
       0
       0
       1
       0
       0
       0
       0
       0
       1
       0
       0
       0
       0
       1
       2
       1
       0
       0
       0
       0
       0
       1
       0
       0
       0
       0
       0
       1
       0
       0
       0
       0
       1
       0
       0
       0
       0
       0
       1
       1
       0
       0
       0
       0
       0
       0
       0
       0
       0
       0
       0
       1
       0
       0
       0
       0
       0
       0
       0
       1
       0
       0
       0
       0
       0
       0
       0
       0
       0
       0
       0
       0
       0
       0
       0
       1
       0
       0
       0
       0
       0
       0
       0
       1
       0
       0
       0
       0
       0
       0
       0
       0
       0
       0
       0
       0
       0
       0
       2
       0
       0
       0
       0
       0
       0
       0
       0
       1
       1
       0
       0
       1
       1
       1
       0
       0
       1
       0
       0
       0
       0
       0
       0
       0
       0
       0
       1
       0
       0
       0
       0
       0
       0
       0
       0
       0
       0
       0
       0
       0
       0
       0
       0
       0
       0
       0
       0
       0
       1
       0
       0
       1
       0
       0
       0
       0
       0
       0
       1
       0
       1
       0
       0
       0
       0
       0
       0
       0
       0
       0
       1
       0
       0
       1
       0
       0
       0
       0
       1
       0
       0
       0
       1
       0
       0
       0
       0
       0
       0
       0
       0
       0
       0
       0
       0
       0
       1
       1
       0
       0
       0
       0
       0
       0
       0
       0
       0
       0
       0
       0
       0
       0
       0
       0
       0
       0
       0
       0
       1
       0
       0
       0
       0
       1
       1
       3
       2
       1
       2
       0
       0
       3
       3
       1
       2
       1
       3
       1
       2
       2
       0
       1
       3
       0
       0
       1
       1
       1
       0
       0
       1
       0
       0
       0
       0
       0
       1
       0
       1
       0
       0
       0
       2
       0
       0
       0
       0
       0
       0
       2
       0
       0
       0
       0
       0
       0
       0
       0
       0
       0
       1
       0
       0
       0
       0
       0
       0
       0
       0
       0
       0
       0
       0
       0
       0
       0
       0
       0
       0
       0
       0
       0
       0
       0
       0
       0
       0
       0
       0
       0
       0
       0
       0
       0
       0
       0
       0
       0
       0
       0
       0
       0
       1
       0
       0
       0
       0
       0
       0
       0
       0
       0
       0
       0
       0
       0
       0
       0
       0
       0
       0
       0
       0
       0
       0
       0
       0
       0
       0
       0
       0
       0
       0
       0
       0
       0
       1
       0
       0
       0
       0
       0
       0
       0
       0
       0
       0
       0
       0
       0
       0
       0
       0
       0
       0
       0
       0
       0
       0
       0
       0
       0
       0
       0
       0
       0
       0
       0
       0
       0
       0
       0
       0
       0
       0
       0
       0
       0
       0
       0
       0
       0
       0
       0
       0
       0
       0
       0
       0
       0
       0
       0
       0
       0
       0
       0
       0
       0
       0
       0
       0
       0
       0
       0
       0
       0
       0
       0
       0
       0
       0
       0
       0
       0
       0
       0
       0
       0
       0
       0
       0
       0
       0
       0
       0
       0
       0
       0
       0
       0
       0
       0
       0
       0
       0
       0
       0
       0
       0
       0
       0
       0
       0
       0
       0
       0
       0
       0
       0
       0
       0
       0
       0
       0
       0
       0
       0
       0
       0
       0
       0
       0
       0
       0
       0
       0
       0
       0
       0
       0
       0
       0
       0
       0
       0
       0
       0
       0
       0
       0
       0
       0
       0
       0
       0
       0
       0
       0
       0
       0
       0
       0
       0
       0
       0
       0
       0
       0
       0
       0
       0
       0
       0
       0
       0
       0
       0
       0
       0
       0
       0
       0
       0
       0
       0
       0
       0
       0
       0
       0
       0
       0
       0
       0
       0
       0
       0
       0
       0
       0
       0
       0
       0
       0
       0
       0
       0
       0
       0
       0
       0
       0
       0
       0
       0
       0
       0
$ROI:
0
$PRESETS:
None
0
0
$ENER_FIT:
0.000000 0.000000
$MCA_CAL:
3
0.000000E+000 0.000000E+000 0.000000E+000 
$SHAPE_CAL:
3
0.000000E+000 0.000000E+000 0.000000E+000
