$SPEC_ID:
No sample description was entered.
$SPEC_REM:
DET# 1
DETDESC# PHY-R11-37 MCB 129
AP# Maestro Version 7.01
$DATE_MEA:
11/08/2012 14:28:45
$MEAS_TIM:
406 408
$DATA:
0 2047
       0
       0
       0
       0
       0
       0
       0
       0
       0
       0
       0
       0
       0
       0
       0
       0
       0
       0
       0
       0
       0
       0
       0
       0
       0
       0
       0
       0
       0
       0
       0
       0
       0
       0
       0
       0
       0
       0
       0
       0
       0
       0
       0
       0
       0
       0
       0
       0
       0
       0
       0
       0
       0
       0
       0
       0
       0
       0
       0
       0
       0
       0
       0
       0
       0
       0
       0
       0
       0
       0
       0
       0
       0
       0
       0
       0
       0
       0
     151
     433
     426
     439
     401
     346
     329
     353
     327
     312
     344
     270
     266
     258
     215
     213
     238
     223
     233
     228
     200
     213
     194
     212
     181
     197
     183
     182
     178
     181
     136
     148
     144
     137
     129
     148
     129
     126
     134
     112
     124
     111
     121
     107
     108
     118
     104
     132
     112
     110
      97
      94
     114
     103
     112
     115
     101
     122
     112
     107
     104
      99
      96
     107
      97
      86
      99
      85
      86
     123
      81
      89
      99
      93
      81
      98
      71
      75
      96
      94
      78
      79
      68
      66
      76
      77
      86
      92
      98
      70
      72
      74
      86
      78
      85
      74
      71
      81
      75
      58
      63
      69
      67
      70
      59
      58
      66
      43
      63
      56
      66
      53
      59
      67
      77
      57
      62
      58
      48
      63
      49
      46
      49
      63
      44
      53
      50
      62
      46
      53
      51
      50
      45
      60
      50
      45
      55
      55
      57
      47
      50
      53
      45
      40
      47
      43
      56
      40
      45
      46
      61
      46
      43
      50
      39
      40
      42
      33
      39
      32
      27
      34
      33
      40
      50
      35
      37
      40
      44
      33
      41
      33
      46
      34
      48
      38
      56
      34
      40
      33
      49
      37
      39
      35
      41
      39
      46
      40
      41
      38
      35
      37
      44
      41
      39
      44
      39
      51
      45
      41
      30
      35
      29
      47
      30
      36
      32
      30
      28
      30
      30
      26
      22
      33
      24
      25
      28
      39
      25
      12
      35
      28
      25
      31
      28
      32
      24
      36
      31
      32
      26
      32
      23
      32
      38
      21
      28
      30
      23
      28
      18
      29
      23
      28
      23
      29
      27
      21
      32
      27
      20
      26
      31
      18
      23
      21
      27
      27
      17
      25
      16
      21
      14
      26
      24
      34
      19
      18
      27
      26
      17
      17
      18
      18
      19
      29
      19
      17
      20
      23
      15
      23
      16
      22
      14
      22
      20
      19
      17
      15
      14
      26
      22
      17
       8
      19
      18
      16
      22
      19
      15
      14
      14
      23
      10
      20
      20
      24
      20
      24
      19
      22
      23
      35
      34
      30
      27
      27
      32
      31
      28
      32
      39
      32
      21
      32
      28
      41
      36
      38
      35
      36
      29
      32
      37
      25
      33
      34
      25
      24
      21
      23
      21
      26
      22
      19
      26
      18
      16
      15
      10
      14
      19
      17
      15
      25
       4
      19
      15
      13
      17
      14
      13
      14
      14
      12
      11
       9
      15
      17
      12
       9
      12
       6
      14
      10
      11
       9
      11
      18
       5
      11
      10
       7
      13
       8
      10
       9
      11
       5
      11
       8
       2
      11
      17
      16
      14
       7
      14
      10
       8
      13
      10
       9
      14
      10
       7
       8
      15
      13
      10
      13
      10
      12
      16
       8
      13
       9
      12
      10
      11
       9
      11
      11
       7
      16
      18
      13
      12
      12
      13
      11
      16
      18
      24
       7
      10
      18
      13
      14
      16
      15
      16
      13
      12
      12
      17
      17
      22
      16
       8
       8
       9
      11
       5
       9
       3
      10
       7
       8
       6
       7
       9
       9
       4
       4
       4
       5
       6
       0
       6
       9
       4
       4
       4
       7
       6
       7
       7
       4
       3
       2
       3
       5
       3
       3
       3
       6
       2
       4
      10
       9
       7
       6
       1
       7
       5
       2
       5
      12
       3
       5
       5
       6
       3
       4
       7
       8
       3
       2
       5
       6
       8
       8
       4
       1
       7
       1
       6
      10
       6
       3
       4
       5
       3
       5
       5
       3
       5
       4
       2
       3
       5
       4
       4
       8
       1
       3
       9
       8
       7
       3
       6
       7
       4
       7
       5
       8
       2
       8
       3
       6
       5
       4
       4
       2
       4
       5
       2
       4
       8
       0
       4
       1
       0
       6
       2
       4
       3
       3
       4
       3
       2
       5
       1
       4
       1
       4
       2
       3
       4
       4
       4
       4
       2
       1
       1
       2
       4
      11
       3
       2
       2
       1
       2
       5
       5
       6
       1
       2
       0
       2
       2
       2
       5
       4
       2
       3
       5
       3
       2
       3
       1
       5
       5
       6
       2
       8
       6
       4
       3
       8
       9
       3
       4
       1
       3
       4
       4
       6
       0
       4
       5
       3
       4
       3
       5
       8
       4
       6
       6
       5
       0
       7
       6
       2
       3
       5
       6
       4
       5
       7
       2
       7
       8
       4
       7
       3
       3
       3
       1
       3
       4
       2
       4
       2
       7
       1
       4
       2
       2
       4
       2
       4
       5
       5
       1
       1
       2
       3
       1
       3
       3
       5
       3
       3
       3
       4
       2
       1
       0
       1
       2
       1
       2
       0
       2
       1
       5
       2
       0
       1
       3
       4
       2
       2
       0
       1
       1
       1
       2
       4
       4
       3
       0
       1
       2
       0
       0
       3
       1
       3
       0
       2
       1
       3
       2
       2
       2
       0
       4
       1
       2
       3
       3
       2
       4
       2
       2
       0
       1
       0
       2
       2
       4
       0
       3
       2
       2
       2
       1
       3
       2
       1
       1
       3
       2
       2
       1
       1
       3
       0
       4
       2
       0
       0
       1
       0
       0
       1
       3
       4
       2
       0
       4
       1
       2
       1
       4
       3
       2
       1
       0
       0
       0
       2
       1
       1
       0
       0
       2
       2
       0
       0
       1
       5
       1
       1
       1
       0
       0
       2
       1
       2
       0
       2
       1
       1
       1
       2
       0
       0
       1
       2
       1
       0
       1
       0
       1
       2
       1
       0
       0
       2
       1
       2
       4
       3
       0
       1
       1
       1
       0
       1
       6
       0
       0
       2
       0
       1
       2
       1
       2
       3
       3
       2
       4
       2
       2
       1
       2
       1
       0
       2
       3
       3
       3
       2
       0
       5
       2
       0
       1
       3
       2
       2
       0
       3
       1
       3
       2
       3
       2
       1
       3
       4
       0
       2
       0
       1
       3
       1
       0
       1
       1
       3
       1
       1
       3
       1
       2
       2
       0
       5
       0
       1
       3
       0
       1
       3
       2
       2
       0
       1
       2
       5
       0
       2
       1
       0
       1
       1
       1
       0
       1
       1
       0
       1
       0
       2
       1
       0
       1
       3
       1
       2
       1
       0
       1
       0
       4
       0
       1
       3
       1
       2
       2
       2
       0
       0
       1
       2
       0
       3
       1
       3
       2
       0
       0
       0
       1
       3
       2
       0
       5
       0
       2
       1
       3
       3
       2
       1
       2
       0
       2
       0
       0
       0
       0
       1
       1
       0
       0
       2
       2
       1
       0
       0
       0
       2
       1
       0
       2
       0
       1
       1
       0
       1
       0
       1
       0
       0
       0
       0
       1
       1
       2
       3
       1
       1
       2
       2
       1
       3
       1
       1
       2
       1
       2
       0
       1
       0
       0
       1
       1
       1
       2
       0
       2
       0
       2
       0
       0
       0
       1
       1
       1
       0
       3
       1
       2
       1
       1
       1
       0
       2
       4
       1
       0
       1
       2
       1
       0
       0
       1
       1
       2
       2
       0
       0
       1
       0
       2
       1
       2
       0
       0
       2
       1
       1
       0
       3
       2
       1
       0
       1
       1
       1
       0
       1
       0
       1
       2
       3
       0
       3
       1
       1
       0
       4
       1
       2
       2
       1
       1
       0
       2
       1
       3
       3
       3
       3
       0
       2
       1
       0
       0
       2
       2
       4
       2
       0
       0
       0
       0
       1
       1
       1
       1
       2
       0
       0
       2
       1
       0
       0
       0
       0
       1
       0
       2
       1
       1
       0
       0
       2
       0
       1
       0
       3
       1
       0
       2
       2
       1
       4
       3
       0
       1
       2
       1
       1
       1
       1
       0
       1
       0
       2
       0
       1
       3
       1
       0
       0
       0
       1
       1
       0
       1
       1
       1
       1
       0
       0
       2
       1
       0
       1
       1
       1
       2
       0
       1
       0
       0
       1
       1
       0
       0
       1
       0
       0
       0
       2
       0
       2
       1
       0
       2
       0
       0
       0
       2
       0
       0
       0
       0
       0
       1
       0
       0
       1
       2
       0
       0
       1
       1
       1
       1
       0
       1
       1
       2
       2
       0
       0
       0
       0
       3
       2
       0
       0
       0
       0
       0
       1
       1
       1
       0
       2
       1
       0
       0
       2
       1
       1
       0
       0
       1
       1
       2
       0
       1
       1
       0
       2
       2
       0
       0
       2
       0
       0
       0
       0
       2
       0
       1
       1
       0
       3
       2
       0
       0
       0
       1
       2
       2
       0
       1
       1
       2
       0
       0
       1
       0
       1
       0
       0
       2
       0
       2
       0
       0
       0
       2
       1
       0
       0
       1
       1
       1
       1
       0
       0
       0
       0
       0
       1
       0
       1
       0
       2
       1
       1
       1
       0
       2
       2
       2
       2
       1
       1
       0
       0
       0
       1
       1
       3
       1
       0
       2
       1
       2
       0
       0
       1
       1
       0
       0
       2
       2
       1
       3
       0
       2
       1
       3
       1
       0
       0
       1
       0
       1
       1
       0
       0
       2
       1
       1
       1
       0
       1
       0
       3
       0
       3
       0
       2
       1
       3
       3
       2
       0
       1
       3
       0
       1
       1
       0
       0
       1
       0
       4
       3
       1
       1
       1
       2
       3
       1
       1
       0
       2
       1
       2
       2
       1
       4
       4
       1
       1
       1
       0
       1
       5
       0
       2
       2
       1
       2
       2
       1
       2
       3
       3
       2
       2
       1
       1
       1
       1
       0
       1
       1
       3
       1
       0
       1
       0
       3
       3
       2
       2
       1
       0
       1
       0
       2
       0
       0
       3
       2
       2
       3
       4
       1
       0
       1
       1
       8
       1
       1
       0
       1
       1
       1
       3
       5
       1
       1
       2
       1
       1
       1
       0
       1
       2
       1
       3
       0
       0
       2
       3
       0
       4
       3
       1
       0
       1
       2
       4
       1
       0
       0
       4
       3
       0
       2
       0
       1
       1
       3
       1
       2
       0
       3
       1
       1
       1
       0
       2
       1
       3
       2
       2
       1
       0
       2
       2
       1
       1
       0
       2
       1
       0
       0
       3
       1
       0
       1
       0
       1
       1
       0
       0
       1
       0
       1
       1
       2
       4
       0
       0
       1
       0
       1
       1
       0
       1
       0
       1
       2
       0
       0
       3
       1
       0
       0
       1
       3
       1
       2
       0
       1
       0
       0
       0
       1
       1
       1
       0
       0
       1
       0
       1
       1
       1
       2
       0
       0
       0
       3
       0
       2
       2
       0
       1
       2
       0
       0
       0
       1
       0
       1
       0
       1
       0
       1
       0
       0
       0
       0
       0
       2
       2
       2
       1
       1
       1
       0
       1
       1
       2
       1
       1
       1
       0
       3
       2
       1
       2
       0
       0
       0
       4
       2
       0
       3
       2
       2
       5
       7
       2
       2
       2
       3
       6
       6
       5
       7
      12
       8
       4
       9
       4
       8
       5
       7
       9
       8
       8
      12
      11
      17
      24
      32
      28
      22
      25
       9
      12
      15
      12
      10
       8
       5
       1
       2
       4
       1
       1
       1
       2
       0
       0
       0
       1
       0
       0
       0
       0
       0
       0
       1
       0
       0
       0
       0
       0
       0
       0
       0
       0
       0
       0
       0
       0
       0
       0
       0
       0
       0
       0
       0
       0
       0
       0
       0
       0
       0
       0
       0
       0
       0
       0
       0
       0
       0
       0
       0
       0
       0
       0
       0
       0
       0
       0
       0
       0
       0
       0
       0
       0
       0
       0
       0
       0
       0
       0
       0
       0
       0
       0
       0
       0
       0
       0
       0
       0
       0
       0
       0
       0
       0
       0
       0
       0
       0
       0
       0
       0
       0
       0
       0
       0
       0
       0
       0
       0
       0
       0
       0
       0
       0
       0
       0
       0
       0
       0
       0
       0
       0
       0
       0
       0
       0
       0
       0
       0
       0
       0
       0
       0
       0
       0
       0
       0
       0
       0
       0
       0
       0
       0
       0
       0
       0
       0
       0
       0
       0
       0
       0
       0
       0
       0
       0
       0
       0
       0
       0
       0
       0
       0
       0
       0
       0
       0
       0
       0
       0
       0
       0
       0
       0
       0
       0
       0
       0
       0
       0
       0
       0
       0
       0
       0
       0
       0
       0
       0
       0
       0
       0
       0
       0
       0
       0
       0
       0
       0
       0
       0
       0
       0
       0
       0
       0
       0
       0
       0
       0
       0
       0
       0
       0
       0
       0
       0
       0
       0
       0
       0
       0
       0
       0
       0
       0
       0
       0
       0
       0
       0
       0
       0
       0
       0
       0
       0
       0
       0
       0
       0
       0
       0
       0
       0
       0
       0
       0
       0
       0
       0
       0
       0
       0
       0
       0
       0
       0
       0
       0
       0
       0
       0
       0
       0
       0
       0
       0
       0
       0
       0
       0
       0
       0
       0
       0
       0
       0
       0
       0
       0
       0
       0
       0
       0
       0
       0
       0
       0
       0
       0
       0
       0
       0
       0
       0
       0
       0
       0
       0
       0
       0
       0
       0
       0
       0
       0
       0
       0
       0
       0
       0
       0
       0
       0
       0
       0
       0
       0
       0
       0
       0
       0
       0
       0
       0
       0
       0
       0
       0
$ROI:
0
$PRESETS:
None
0
0
$ENER_FIT:
0.000000 0.000000
$MCA_CAL:
3
0.000000E+000 0.000000E+000 0.000000E+000 
$SHAPE_CAL:
3
0.000000E+000 0.000000E+000 0.000000E+000
