$SPEC_ID:
No sample description was entered.
$SPEC_REM:
DET# 1
DETDESC# PHY-R11-37 MCB 129
AP# Maestro Version 7.01
$DATE_MEA:
11/08/2012 14:06:08
$MEAS_TIM:
62 64
$DATA:
0 2047
       0
       0
       0
       0
       0
       0
       0
       0
       0
       0
       0
       0
       0
       0
       0
       0
       0
       0
       0
       0
       0
       0
       0
       0
       0
       0
       0
       0
       0
       0
       0
       0
       0
       0
       0
       0
       0
       0
       0
       0
       0
       0
       0
       0
       0
       0
       0
       0
       0
       0
       0
       0
       0
       0
       0
       0
       0
       0
       0
       0
       0
       0
       0
       0
       0
       0
       0
       0
       0
       0
       0
       0
       0
       0
       0
       0
       0
       0
      90
     265
     226
     221
     227
     239
     203
     206
     203
     184
     193
     183
     195
     161
     158
     176
     163
     169
     143
     165
     167
     136
     155
     145
     134
     136
     131
     135
     112
     119
     111
      91
      89
      91
     121
     108
      86
     114
      86
     107
      76
     103
      93
      78
     106
     101
      91
      88
      95
      76
      93
      86
      85
      73
      76
      82
      93
      83
      87
      78
      85
      91
      89
      80
      93
      65
      91
      96
      88
      69
      94
      89
      88
      74
      74
      81
      67
      74
      84
      91
      81
      77
      72
      83
      69
      73
      72
      77
      72
      79
      73
      80
      73
      70
      87
      70
      75
      81
      75
      68
      73
      68
      76
      67
      85
      95
      64
      58
      86
      63
      60
      69
      75
      65
      89
      61
      75
      62
      67
      91
      90
      76
      80
      75
      72
      68
      77
      82
      68
      61
      74
      70
      78
      73
      74
      64
      63
      83
      77
      77
      67
      75
      75
      90
      82
      73
      84
      70
      91
      79
      66
      77
      82
     102
      66
      97
      78
      73
      81
      81
      84
      74
      80
      81
      85
      72
      76
      88
      97
     102
      94
      86
      80
      94
      99
      76
     100
      86
      96
      84
      75
      96
      80
      88
      78
      75
      59
      65
      72
      59
      55
      70
      61
      53
      51
      64
      60
      52
      62
      59
      61
      52
      47
      66
      57
      48
      62
      48
      63
      48
      57
      46
      58
      48
      48
      54
      52
      54
      45
      45
      52
      50
      33
      49
      57
      40
      54
      66
      46
      48
      79
      61
      93
      76
      99
     108
     130
     134
     170
     175
     205
     188
     243
     225
     245
     229
     237
     239
     240
     262
     224
     236
     226
     201
     177
     162
     154
     130
     130
     110
      87
      69
      71
      66
      60
      48
      44
      41
      31
      43
      39
      34
      31
      49
      43
      65
      56
      72
     100
     107
     120
     126
     145
     145
     161
     177
     205
     187
     211
     218
     202
     213
     214
     192
     217
     189
     172
     147
     152
     127
     128
     112
      88
      83
      81
      69
      52
      47
      55
      35
      37
      29
      31
      26
      17
      17
      19
      15
      18
      11
      21
      10
      11
      20
      13
      13
      12
       7
      12
      11
       9
      10
      12
       7
      13
       6
       7
       8
       8
       7
       5
      10
       4
       7
       3
       5
       4
       6
       6
       9
       9
       1
       6
       5
       6
       7
       7
       6
       4
       2
       6
       6
       4
       5
       5
       3
       6
       4
       6
       4
       4
       6
       6
       7
       1
       3
       3
       0
       2
       4
       5
       5
       5
       2
       7
       3
       3
       3
       6
       5
       4
       3
       5
       8
       7
       1
       4
       8
       0
       2
       4
      11
       6
       4
       3
       3
       3
       2
       7
       3
       4
       1
       2
       4
       6
       5
       2
       2
       6
       7
       6
       4
       4
       0
       9
       4
       5
       3
       1
       3
       5
       2
       2
       8
       1
       9
       3
       5
       4
       0
       8
       3
       3
       2
       7
       6
       3
       3
       4
       2
       5
       3
       0
       1
       1
       2
       2
       1
       1
       1
       3
       2
       0
       2
       0
       2
       3
       4
       0
       6
       1
       1
       1
       2
       1
       2
       1
       0
       0
       2
       3
       1
       1
       2
       3
       4
       2
       2
       5
       2
       1
       3
       2
       3
       3
       0
       0
       2
       2
       2
       3
       2
       4
       3
       3
       4
       3
       0
       2
       2
       3
       3
       1
       4
       3
       3
       2
       0
       1
       3
       1
       3
       0
       0
       3
       0
       1
       1
       2
       2
       0
       0
       3
       2
       2
       3
       4
       1
       0
       3
       1
       0
       0
       3
       4
       0
       2
       2
       0
       3
       0
       1
       4
       2
       5
       0
       3
       3
       1
       3
       3
       1
       2
       0
       0
       3
       0
       4
       1
       1
       1
       1
       0
       1
       0
       0
       1
       0
       1
       1
       0
       0
       0
       0
       1
       0
       0
       0
       4
       0
       2
       0
       0
       0
       0
       1
       0
       4
       0
       0
       2
       2
       3
       0
       1
       2
       6
       3
       2
       1
       2
       2
       4
       3
       4
       7
       3
       1
       2
       3
       2
       0
       1
       3
       3
       2
       0
       0
       3
       4
       2
       0
       0
       5
       2
       3
       0
       1
       0
       0
       0
       2
       0
       3
       1
       0
       1
       1
       2
       2
       1
       1
       1
       2
       0
       1
       0
       2
       0
       2
       1
       0
       0
       0
       1
       1
       0
       0
       1
       0
       0
       0
       0
       0
       0
       0
       0
       1
       0
       0
       0
       0
       0
       2
       1
       1
       1
       1
       1
       0
       0
       0
       0
       0
       1
       0
       1
       1
       1
       0
       0
       0
       0
       2
       1
       0
       0
       0
       0
       0
       1
       1
       1
       1
       0
       1
       0
       0
       2
       1
       0
       0
       0
       0
       0
       0
       0
       0
       0
       0
       0
       0
       0
       0
       0
       1
       0
       1
       0
       0
       0
       0
       1
       0
       0
       1
       1
       0
       0
       0
       0
       0
       0
       1
       0
       0
       1
       0
       0
       0
       0
       0
       0
       1
       0
       0
       0
       0
       0
       0
       0
       0
       1
       1
       0
       0
       0
       0
       1
       0
       0
       0
       0
       0
       0
       2
       0
       1
       0
       0
       0
       0
       0
       1
       0
       0
       0
       1
       0
       0
       0
       0
       0
       0
       1
       0
       0
       0
       1
       0
       0
       0
       0
       0
       0
       0
       0
       0
       0
       0
       0
       0
       0
       0
       0
       0
       0
       0
       0
       0
       0
       0
       0
       1
       0
       0
       0
       0
       0
       0
       0
       0
       0
       0
       0
       0
       1
       1
       0
       0
       0
       0
       0
       0
       0
       0
       1
       0
       0
       0
       0
       0
       0
       0
       0
       0
       0
       1
       0
       0
       0
       0
       1
       0
       0
       0
       0
       1
       0
       0
       0
       0
       0
       0
       0
       1
       0
       0
       0
       0
       0
       0
       1
       0
       0
       0
       2
       0
       0
       0
       0
       0
       0
       0
       1
       0
       0
       0
       0
       0
       0
       0
       1
       1
       0
       0
       0
       0
       0
       0
       2
       0
       0
       0
       1
       0
       0
       0
       0
       0
       0
       0
       0
       0
       0
       0
       0
       1
       0
       0
       0
       1
       0
       0
       0
       0
       0
       0
       0
       0
       1
       0
       0
       0
       0
       0
       0
       0
       0
       0
       1
       0
       0
       1
       0
       0
       0
       0
       0
       0
       1
       0
       1
       0
       1
       0
       0
       0
       0
       1
       0
       0
       0
       0
       0
       0
       0
       0
       0
       1
       0
       0
       1
       0
       0
       1
       0
       0
       0
       0
       0
       0
       0
       0
       0
       0
       2
       1
       0
       1
       2
       0
       0
       0
       0
       0
       0
       0
       0
       2
       1
       1
       0
       0
       1
       0
       1
       0
       0
       0
       0
       0
       1
       0
       0
       0
       0
       0
       0
       0
       0
       0
       0
       0
       0
       0
       0
       0
       0
       0
       0
       0
       0
       0
       0
       0
       1
       0
       0
       0
       0
       0
       0
       0
       1
       0
       0
       0
       0
       0
       0
       0
       0
       1
       0
       0
       0
       0
       0
       0
       0
       0
       0
       0
       0
       0
       0
       0
       1
       0
       0
       0
       0
       0
       0
       1
       0
       0
       1
       0
       0
       0
       0
       0
       0
       0
       0
       0
       0
       0
       0
       0
       0
       0
       0
       0
       0
       0
       0
       0
       0
       0
       1
       1
       0
       0
       1
       1
       0
       0
       0
       0
       1
       1
       0
       0
       0
       0
       0
       0
       0
       0
       1
       1
       1
       0
       0
       0
       0
       0
       0
       0
       0
       0
       0
       0
       0
       0
       0
       0
       0
       0
       0
       0
       0
       0
       0
       0
       0
       0
       0
       0
       0
       0
       0
       0
       1
       0
       1
       0
       0
       0
       0
       0
       0
       1
       0
       0
       0
       0
       0
       2
       0
       0
       0
       0
       0
       0
       0
       0
       0
       0
       1
       0
       1
       0
       1
       0
       0
       0
       0
       0
       0
       0
       0
       1
       0
       0
       0
       0
       0
       0
       0
       0
       0
       1
       0
       0
       0
       0
       0
       0
       1
       0
       0
       0
       1
       0
       0
       0
       0
       0
       0
       0
       1
       0
       0
       0
       0
       0
       0
       0
       0
       0
       0
       0
       0
       0
       0
       0
       0
       0
       0
       0
       0
       0
       0
       0
       1
       1
       0
       1
       0
       0
       0
       0
       0
       0
       0
       0
       0
       0
       0
       0
       0
       2
       0
       0
       0
       0
       0
       0
       0
       0
       0
       0
       0
       0
       1
       0
       0
       0
       1
       0
       0
       1
       0
       0
       0
       0
       0
       0
       0
       0
       0
       1
       0
       0
       0
       1
       1
       0
       0
       2
       0
       1
       0
       0
       0
       0
       1
       0
       0
       1
       0
       1
       0
       1
       0
       0
       0
       0
       1
       1
       0
       0
       0
       0
       0
       0
       0
       0
       0
       0
       0
       1
       0
       0
       2
       0
       0
       0
       0
       1
       0
       0
       0
       0
       0
       0
       0
       0
       0
       0
       0
       0
       1
       0
       0
       0
       0
       0
       0
       0
       0
       0
       0
       0
       0
       0
       0
       0
       0
       0
       0
       0
       0
       0
       2
       0
       0
       0
       0
       0
       0
       2
       0
       0
       0
       0
       0
       0
       0
       1
       0
       1
       0
       0
       0
       0
       0
       0
       0
       0
       0
       1
       0
       0
       1
       0
       1
       1
       0
       0
       0
       0
       0
       0
       1
       0
       0
       0
       0
       0
       0
       0
       0
       0
       0
       0
       0
       1
       0
       1
       0
       0
       0
       0
       0
       1
       1
       1
       0
       1
       0
       0
       0
       0
       1
       2
       0
       0
       0
       0
       2
       0
       0
       0
       1
       1
       0
       0
       0
       0
       0
       0
       0
       0
       1
       0
       0
       0
       0
       0
       1
       0
       0
       0
       0
       0
       0
       0
       0
       0
       1
       0
       0
       0
       0
       0
       0
       0
       0
       0
       0
       0
       0
       0
       0
       0
       0
       0
       0
       0
       0
       0
       0
       0
       0
       0
       0
       0
       0
       1
       0
       0
       0
       0
       0
       0
       0
       0
       0
       0
       0
       0
       0
       0
       0
       0
       0
       0
       1
       0
       0
       0
       0
       0
       0
       0
       0
       0
       0
       0
       0
       0
       1
       0
       0
       0
       0
       0
       0
       0
       0
       1
       0
       0
       0
       0
       0
       0
       1
       0
       0
       0
       0
       0
       0
       0
       2
       0
       0
       0
       1
       0
       0
       0
       0
       0
       0
       0
       0
       0
       0
       0
       0
       0
       0
       1
       0
       0
       0
       0
       0
       0
       0
       0
       1
       0
       0
       0
       1
       1
       1
       2
       0
       0
       2
       2
       3
       8
      10
      14
       6
       0
       0
       0
       0
       0
       0
       1
       0
       0
       0
       0
       0
       0
       0
       0
       0
       1
       0
       0
       0
       0
       0
       0
       0
       0
       0
       0
       1
       0
       0
       0
       0
       0
       0
       0
       0
       0
       0
       0
       0
       0
       0
       0
       0
       0
       0
       0
       0
       0
       0
       0
       0
       0
       0
       0
       0
       0
       0
       0
       0
       0
       0
       0
       0
       0
       0
       0
       0
       0
       0
       0
       0
       0
       0
       0
       0
       0
       0
       0
       0
       0
       0
       0
       0
       0
       0
       0
       0
       0
       0
       0
       0
       0
       0
       0
       0
       0
       0
       0
       0
       0
       0
       0
       1
       0
       0
       0
       0
       0
       0
       0
       0
       0
       0
       0
       0
       0
       0
       0
       0
       0
       0
       0
       0
       0
       0
       0
       0
       0
       0
       0
       0
       0
       0
       0
       0
       0
       0
       0
       0
       0
       0
       0
       0
       0
       0
       0
       0
       0
       0
       0
       0
       0
       0
       0
       0
       0
       0
       0
       0
       0
       0
       0
       0
       0
       0
       0
       0
       0
       0
       0
       0
       0
       0
       0
       0
       0
       0
       0
       0
       0
       0
       0
       0
       0
       0
       0
       0
       0
       0
       0
       0
       0
       0
       0
       0
       0
       0
       0
       0
       0
       0
       0
       0
       0
       0
       0
       0
       0
       0
       0
       0
       0
       0
       0
       0
       0
       0
       0
       0
       0
       0
       0
       0
       0
       0
       0
       0
       0
       0
       0
       0
       0
       0
       0
       0
       0
       0
       0
       0
       0
       0
       0
       0
       0
       0
       0
       0
       0
       0
       0
       0
       0
       0
       0
       0
       0
       0
       0
       0
       0
       0
       0
       0
       0
       0
       0
       0
       0
       0
       0
       0
       0
       0
       0
       0
       0
       0
       0
       0
       0
       0
       0
       0
       0
       0
       0
       0
       0
       0
       0
       0
       0
       0
       0
       0
       0
       0
       0
       0
       0
       0
       0
       0
       0
       0
       0
       0
       0
       0
       0
       0
       0
       0
       0
       0
       0
       0
       0
       0
       0
       0
       0
       0
       0
       0
       0
       0
       0
       0
       0
       0
       0
       0
       0
$ROI:
0
$PRESETS:
None
0
0
$ENER_FIT:
0.000000 0.000000
$MCA_CAL:
3
0.000000E+000 0.000000E+000 0.000000E+000 
$SHAPE_CAL:
3
0.000000E+000 0.000000E+000 0.000000E+000
