$SPEC_ID:
No sample description was entered.
$SPEC_REM:
DET# 1
DETDESC# PHY-R11-37 MCB 129
AP# Maestro Version 7.01
$DATE_MEA:
11/06/2012 17:09:34
$MEAS_TIM:
217 221
$DATA:
0 2047
       0
       0
       0
       0
       0
       0
       0
       0
       0
       0
       0
       0
       0
       0
       0
       0
       0
       0
       0
       0
       0
       0
       0
       0
       0
       0
       0
       0
       0
       0
       0
       0
       0
       0
       0
       0
       0
       0
       0
       0
       0
       0
       0
       0
       0
       0
       0
       0
       0
       0
       0
       0
       0
       0
       0
       0
       0
       0
       0
       0
       0
       0
       0
       0
       0
       0
       0
       0
       0
       0
       0
       0
       0
       0
       0
       0
       0
       0
     287
     839
     740
     764
     736
     727
     706
     702
     721
     698
     653
     615
     583
     566
     531
     550
     557
     532
     534
     552
     567
     508
     494
     485
     462
     432
     413
     456
     390
     375
     352
     412
     400
     335
     355
     404
     367
     364
     331
     339
     344
     323
     340
     306
     315
     296
     292
     330
     302
     333
     320
     277
     292
     312
     304
     293
     280
     302
     273
     355
     318
     309
     298
     311
     334
     333
     302
     317
     322
     313
     301
     316
     273
     288
     258
     276
     290
     290
     290
     275
     255
     271
     283
     285
     288
     275
     286
     264
     266
     272
     254
     280
     256
     254
     290
     265
     275
     251
     268
     272
     255
     257
     271
     255
     270
     242
     260
     275
     242
     268
     265
     284
     243
     260
     281
     291
     267
     279
     258
     257
     220
     251
     238
     245
     275
     269
     265
     257
     253
     258
     275
     284
     304
     268
     279
     269
     311
     287
     288
     275
     259
     280
     266
     288
     289
     272
     266
     265
     297
     263
     278
     275
     280
     305
     289
     284
     303
     330
     319
     306
     321
     295
     284
     320
     322
     306
     317
     306
     311
     352
     361
     378
     302
     312
     314
     319
     290
     318
     312
     301
     324
     303
     266
     290
     260
     250
     256
     266
     266
     229
     249
     216
     236
     235
     239
     216
     223
     206
     212
     184
     221
     206
     217
     205
     231
     191
     197
     211
     213
     204
     206
     181
     209
     215
     188
     182
     184
     207
     196
     207
     165
     201
     157
     181
     193
     188
     179
     202
     196
     240
     274
     272
     300
     302
     373
     423
     441
     565
     582
     647
     720
     730
     790
     885
     945
     982
     937
     960
     979
     926
     956
     849
     769
     690
     665
     595
     582
     475
     462
     354
     329
     303
     275
     221
     182
     160
     148
     139
     130
     145
     136
     159
     169
     186
     211
     248
     277
     300
     365
     389
     430
     478
     449
     625
     594
     622
     655
     734
     716
     803
     712
     772
     775
     744
     730
     639
     623
     583
     529
     484
     407
     419
     360
     323
     267
     242
     187
     169
     137
     137
     111
      97
      74
      72
      63
      68
      50
      57
      46
      46
      52
      36
      45
      50
      42
      41
      37
      28
      40
      44
      44
      50
      37
      29
      44
      45
      27
      39
      31
      24
      29
      28
      39
      23
      26
      21
      20
      17
      22
      21
      26
      25
      20
      21
      16
      24
      15
      18
      17
      19
      12
      13
      21
      19
      16
      28
      10
      18
      17
      19
      11
      12
      21
      10
      17
      13
      16
      15
      11
      20
      17
      15
      18
      18
      15
      14
       9
      18
      18
      15
      15
      19
      20
      10
      16
      14
      13
       7
      12
       7
      19
      14
      14
      18
      17
       6
      14
      11
      15
       8
      15
      17
      13
       9
      12
      15
       9
      16
      12
      21
      13
       4
      13
      18
      20
      14
      15
      16
      13
      12
      15
      19
      11
      15
      14
      13
      10
      12
      16
      24
      19
      15
      18
      12
      10
      17
      17
      24
      16
      15
      14
       8
       5
       8
       8
       3
       5
       7
      10
       5
      12
      11
      10
      11
       8
       9
       2
       9
       7
       6
       7
      13
       9
      10
       8
       7
       8
       6
       8
      10
       5
       7
       6
      11
       5
       7
       8
      19
       5
       8
      11
      10
       6
       4
       8
       7
       9
       6
       7
       8
      11
       6
       5
       7
       8
       9
       6
       6
       4
      10
       8
       9
       9
       7
       7
       9
       9
       7
       5
       9
       6
       3
       7
      14
       9
      11
       5
       9
      13
       8
       6
      11
      10
       7
       4
      11
       7
       7
       4
       7
       4
       6
       6
       7
       8
       8
      11
       9
       8
       3
       6
       7
       6
       9
       7
       6
       6
       7
       9
       4
       9
       5
       4
       3
       8
       1
       2
       6
       3
       4
       5
       6
       3
       7
       3
       2
       1
       3
       5
       3
       2
       6
       2
       5
       3
       5
       3
       3
       3
       0
       2
       5
       4
       2
       3
       7
       5
       3
       3
       8
       6
       4
       5
       7
       4
      11
       4
       8
       6
      11
       8
       9
      10
       8
      13
      13
      15
       7
      17
      12
      10
      10
       8
      12
      10
       7
       5
      10
      11
       8
       5
       7
       9
       2
       5
       8
       7
       3
       3
       3
       2
       2
       3
       2
       4
       4
       3
       3
       1
       5
       0
       4
       3
       3
       4
       3
       1
       3
       3
       3
       0
       4
       2
       3
       1
       3
       4
       2
       1
       2
       2
       3
       0
       3
       0
       1
       2
       3
       1
       1
       3
       3
       2
       0
       2
       0
       0
       0
       1
       0
       2
       0
       0
       1
       0
       1
       0
       0
       0
       4
       1
       2
       1
       0
       1
       1
       4
       2
       0
       2
       0
       1
       0
       0
       2
       1
       4
       1
       0
       1
       0
       4
       0
       1
       3
       0
       0
       1
       1
       0
       1
       0
       1
       0
       2
       0
       0
       0
       1
       2
       1
       1
       4
       0
       2
       0
       1
       1
       2
       0
       4
       1
       2
       2
       1
       0
       0
       0
       2
       2
       1
       1
       1
       0
       1
       1
       0
       2
       0
       0
       1
       0
       1
       1
       0
       2
       1
       0
       2
       0
       1
       1
       1
       0
       0
       1
       1
       0
       2
       2
       0
       2
       1
       1
       1
       1
       0
       1
       1
       0
       0
       2
       0
       1
       4
       5
       0
       2
       1
       1
       2
       0
       1
       1
       0
       1
       0
       1
       0
       1
       0
       1
       0
       1
       0
       0
       2
       1
       1
       2
       0
       0
       1
       0
       0
       1
       1
       2
       0
       1
       5
       4
       1
       0
       0
       1
       0
       1
       1
       1
       0
       0
       4
       0
       0
       0
       2
       2
       0
       0
       2
       2
       1
       0
       0
       0
       0
       0
       1
       0
       0
       1
       0
       1
       0
       0
       0
       1
       2
       0
       0
       0
       0
       0
       1
       0
       0
       1
       0
       0
       1
       0
       1
       0
       0
       1
       1
       0
       0
       1
       0
       0
       2
       2
       0
       0
       0
       0
       0
       0
       2
       1
       0
       0
       1
       0
       0
       1
       1
       0
       0
       3
       0
       1
       0
       1
       2
       1
       1
       1
       1
       0
       1
       2
       0
       3
       2
       2
       0
       2
       0
       0
       1
       0
       1
       1
       0
       1
       2
       2
       2
       0
       1
       1
       3
       1
       1
       0
       1
       1
       0
       0
       0
       0
       1
       0
       1
       2
       4
       0
       0
       0
       0
       1
       1
       0
       1
       0
       1
       2
       1
       1
       0
       1
       1
       1
       0
       1
       1
       0
       1
       0
       1
       1
       0
       0
       2
       0
       0
       0
       1
       0
       0
       0
       2
       0
       0
       0
       1
       0
       0
       0
       0
       2
       0
       1
       1
       0
       1
       3
       1
       0
       1
       0
       0
       1
       0
       1
       0
       2
       1
       0
       0
       0
       4
       0
       0
       0
       0
       0
       0
       0
       1
       1
       1
       0
       1
       1
       0
       0
       2
       1
       1
       1
       0
       0
       3
       0
       1
       4
       1
       0
       0
       0
       0
       0
       1
       1
       1
       2
       0
       0
       1
       0
       1
       1
       1
       1
       0
       0
       3
       0
       1
       1
       0
       1
       0
       1
       1
       1
       0
       0
       0
       0
       0
       0
       0
       1
       0
       1
       4
       0
       1
       1
       1
       0
       2
       0
       0
       0
       0
       1
       2
       1
       0
       3
       3
       0
       0
       0
       0
       2
       0
       0
       0
       0
       2
       1
       1
       0
       1
       1
       0
       1
       1
       0
       0
       2
       1
       1
       0
       0
       1
       0
       0
       2
       1
       1
       0
       1
       0
       0
       0
       1
       0
       1
       0
       0
       0
       0
       0
       0
       0
       0
       0
       0
       1
       0
       0
       0
       0
       1
       0
       0
       0
       0
       1
       1
       0
       1
       0
       0
       2
       1
       0
       1
       1
       1
       1
       3
       0
       1
       1
       0
       0
       0
       1
       0
       2
       1
       1
       0
       0
       3
       0
       1
       0
       0
       0
       0
       0
       2
       1
       0
       1
       0
       0
       1
       0
       0
       2
       1
       0
       1
       0
       2
       0
       0
       0
       1
       0
       0
       0
       0
       0
       0
       0
       0
       0
       0
       0
       0
       0
       1
       1
       1
       0
       0
       0
       0
       0
       0
       0
       0
       0
       1
       3
       1
       0
       1
       1
       0
       0
       1
       0
       0
       2
       1
       0
       1
       0
       0
       1
       1
       0
       1
       1
       1
       1
       0
       0
       1
       0
       1
       0
       3
       0
       0
       0
       1
       1
       0
       2
       0
       0
       0
       0
       1
       0
       0
       0
       0
       0
       0
       0
       1
       0
       0
       0
       1
       0
       0
       1
       0
       0
       0
       0
       1
       1
       1
       1
       1
       0
       0
       0
       0
       0
       1
       0
       1
       1
       0
       0
       1
       0
       1
       1
       1
       3
       2
       0
       0
       1
       1
       0
       0
       1
       1
       1
       0
       0
       0
       1
       0
       0
       1
       0
       0
       1
       0
       0
       1
       2
       1
       0
       1
       1
       0
       1
       0
       0
       0
       0
       1
       1
       2
       1
       0
       0
       1
       0
       1
       1
       2
       1
       0
       0
       3
       2
       1
       4
       2
       1
       1
       1
       1
       0
       3
       1
       1
       0
       1
       1
       4
       2
       1
       0
       0
       1
       0
       0
       0
       2
       0
       2
       1
       0
       1
       1
       0
       0
       1
       2
       1
       2
       0
       1
       2
       0
       2
       1
       2
       0
       2
       1
       3
       0
       0
       1
       1
       1
       0
       1
       0
       0
       0
       2
       1
       0
       0
       0
       0
       0
       2
       0
       0
       2
       0
       0
       2
       0
       0
       2
       1
       1
       2
       1
       2
       0
       2
       1
       0
       1
       0
       1
       2
       1
       1
       2
       1
       1
       1
       0
       1
       2
       0
       1
       0
       1
       0
       1
       2
       0
       3
       1
       1
       1
       0
       0
       1
       1
       0
       2
       0
       1
       0
       1
       0
       0
       2
       0
       1
       0
       1
       0
       1
       1
       1
       0
       0
       1
       1
       0
       0
       1
       0
       1
       1
       0
       2
       0
       1
       1
       1
       1
       0
       1
       0
       0
       0
       0
       0
       0
       1
       0
       0
       3
       0
       2
       0
       1
       1
       0
       0
       0
       0
       1
       0
       0
       2
       1
       0
       1
       0
       0
       2
       0
       0
       2
       1
       1
       1
       2
       0
       0
       0
       1
       0
       0
       0
       0
       2
       1
       0
       0
       1
       0
       0
       0
       0
       0
       1
       1
       1
       0
       0
       1
       1
       0
       0
       1
       1
       2
       1
       1
       0
       0
       2
       1
       0
       2
       0
       0
       1
       2
       0
       1
       2
       2
       2
       3
       1
       3
       1
       3
       1
       1
       2
       6
       5
       5
       9
       7
      27
      45
      35
      28
      13
       2
       2
       0
       1
       1
       0
       0
       1
       0
       0
       0
       2
       1
       0
       0
       0
       1
       1
       0
       1
       1
       0
       0
       0
       0
       0
       0
       0
       0
       0
       0
       0
       0
       0
       0
       0
       1
       0
       0
       0
       0
       0
       1
       0
       0
       0
       0
       0
       0
       0
       0
       0
       0
       0
       0
       0
       1
       0
       0
       0
       0
       0
       0
       0
       0
       0
       0
       0
       0
       0
       0
       0
       0
       0
       1
       0
       0
       0
       0
       0
       0
       0
       0
       0
       0
       0
       0
       0
       0
       0
       0
       0
       0
       0
       0
       0
       0
       0
       0
       0
       0
       0
       0
       0
       0
       0
       0
       0
       0
       0
       0
       0
       0
       0
       0
       0
       0
       0
       0
       0
       0
       0
       0
       0
       0
       0
       0
       0
       0
       0
       0
       0
       0
       0
       0
       0
       0
       0
       0
       0
       0
       0
       0
       0
       0
       0
       0
       0
       0
       0
       0
       0
       0
       0
       0
       0
       0
       0
       0
       0
       0
       0
       0
       0
       0
       0
       0
       0
       0
       0
       0
       0
       0
       0
       0
       0
       0
       0
       0
       0
       0
       0
       0
       0
       0
       0
       0
       0
       0
       0
       0
       0
       0
       0
       0
       0
       0
       0
       0
       0
       0
       0
       0
       0
       0
       0
       0
       0
       0
       0
       0
       0
       0
       0
       0
       0
       0
       0
       0
       0
       0
       0
       0
       0
       0
       0
       0
       0
       0
       0
       0
       0
       0
       0
       0
       0
       0
       0
       0
       0
       0
       0
       0
       0
       0
       0
       0
       0
       0
       0
       0
       0
       0
       0
       0
       0
       0
       0
       0
       0
       0
       0
       0
       0
       0
       0
       0
       0
       0
       0
       0
       0
       0
       0
       0
       0
       0
       0
       0
       0
       0
       0
       0
       0
       0
       0
       0
       0
       0
       0
       0
       0
       0
       0
       0
       0
       0
       0
       0
       0
       0
       0
       0
       0
       0
       0
       0
       0
       0
       0
       0
       0
       0
       0
       0
       0
       0
       0
       0
       0
       0
       0
       0
       0
       0
       0
       0
       0
       0
       0
       0
       0
$ROI:
0
$PRESETS:
None
0
0
$ENER_FIT:
0.000000 1.000000
$MCA_CAL:
3
0.000000E+000 1.000000E+000 0.000000E+000 keV
$SHAPE_CAL:
3
1.000000E+000 0.000000E+000 0.000000E+000
