$SPEC_ID:
No sample description was entered.
$SPEC_REM:
DET# 1
DETDESC# PHY-R11-37 MCB 129
AP# Maestro Version 7.01
$DATE_MEA:
11/08/2012 17:34:41
$MEAS_TIM:
98 100
$DATA:
0 2047
       0
       0
       0
       4
   12710
    1982
      68
     354
    1274
     941
     688
     614
     572
     556
     563
     519
     477
     525
     568
     582
     640
     694
     754
     764
     701
     649
     654
     579
     612
     550
     572
     597
     569
     555
     509
     496
     512
     444
     490
     471
     434
     414
     437
     409
     411
     371
     398
     364
     349
     345
     328
     287
     304
     337
     388
     341
     335
     352
     326
     279
     261
     267
     258
     231
     200
     196
     178
     196
     163
     180
     144
     148
     124
     110
     119
      97
     104
     101
      76
      71
      75
      81
      68
      61
      57
      68
      72
      64
      68
      50
      67
      41
      63
      52
      47
      56
      45
      36
      44
      36
      46
      49
      55
      42
      44
      41
      27
      36
      38
      36
      29
      36
      42
      31
      29
      27
      31
      34
      22
      26
      20
      21
      33
      16
      17
      34
      19
      23
      23
      18
      26
      25
      23
      24
      27
      30
      24
      20
      20
      30
      18
      16
      24
      23
      26
      23
      22
      21
      25
      21
      23
      33
      13
      22
      22
      18
      21
      25
      18
      16
      16
      13
      19
      16
      17
      18
      20
      19
      24
      17
      22
      21
      16
      24
      11
      19
      10
      11
      11
      16
      13
      15
      12
      16
      16
      14
      16
      14
      16
      13
      23
      15
      17
      17
      12
      11
      10
      10
      19
      13
       8
       9
      14
      16
      15
      15
      12
      10
      18
      10
      15
       5
       8
      16
       6
       6
      13
       7
       9
      14
       9
      13
      18
      13
      11
       7
      18
      11
      14
       6
       7
      17
      14
      15
      10
      13
       9
      17
       8
      14
       9
       8
      14
       8
       4
      10
       9
       6
       8
       8
       9
       6
      12
      10
      14
      12
       7
       5
       5
       7
      12
      13
       8
       8
       5
      12
       4
      13
      13
      10
      11
       9
       6
       5
      13
       7
       5
       9
       9
      14
      12
       4
       9
      10
       8
       5
       8
       7
       9
       6
       3
       6
       7
      15
      10
       3
       7
       4
       5
       7
       9
       3
       6
       4
       8
       5
       4
       8
      10
      10
      11
       7
       4
       4
      11
       8
       6
       5
       6
       8
       8
       5
       5
      11
       9
       2
       4
       5
       1
       5
       2
       4
       5
       1
       7
       9
      11
       5
       6
       4
       1
       5
       5
       8
       4
       5
       4
       6
       9
       9
       1
       4
       6
       2
       4
       4
       5
       5
       4
       2
       9
       2
       6
       6
       4
       6
       0
       4
       5
       3
       2
       4
       5
       6
       3
       3
       3
       2
       2
       3
       5
       9
       5
       2
       1
       6
       7
       5
       6
       9
       4
      12
       9
      13
      11
       3
      12
       6
       3
       9
      12
      11
       6
      10
       5
      16
      10
       8
       7
       7
       9
      10
      10
      14
      10
       8
       4
       7
       9
      10
       7
      11
       2
       2
       7
       4
       3
       7
       4
       1
       1
       1
       4
       1
       2
       2
       1
       4
       6
       3
       5
       2
       2
       3
       3
       4
       3
       3
       3
       5
       3
       0
       6
       1
       1
       2
       3
       3
       6
       3
       3
       3
       1
       3
       1
       2
       4
       2
       1
       7
       4
       1
       3
       1
       1
       1
       1
       1
       4
       2
       4
       3
       1
       2
       3
       5
       3
       2
       3
       7
       0
       5
       4
       5
       3
       5
       3
       4
       4
       0
       4
       2
       4
       6
       4
       1
       4
       0
       4
       4
       4
       6
       5
       1
       1
       2
       1
       4
       7
       7
       9
       8
       6
       0
       2
       1
       4
       2
       3
       1
       2
       0
       6
       2
       1
       1
       0
       0
       3
       1
       0
       2
       0
       1
       1
       4
       1
       1
       2
       1
       0
       2
       1
       2
       2
       1
       1
       0
       0
       0
       1
       5
       0
       3
       0
       0
       0
       0
       0
       1
       1
       3
       0
       1
       5
       1
       3
       0
       1
       0
       1
       1
       1
       1
       1
       1
       1
       3
       2
       3
       2
       0
       1
       2
       2
       1
       0
       1
       1
       4
       1
       2
       1
       1
       1
       1
       1
       1
       0
       2
       2
       2
       1
       3
       0
       1
       2
       1
       0
       1
       2
       2
       0
       1
       1
       1
       0
       1
       1
       0
       2
       1
       0
       0
       2
       0
       0
       0
       2
       1
       3
       1
       1
       1
       0
       2
       1
       0
       1
       1
       1
       2
       1
       1
       1
       2
       1
       0
       0
       1
       0
       1
       0
       2
       0
       0
       1
       0
       0
       2
       0
       0
       0
       0
       1
       1
       3
       2
       0
       0
       1
       1
       0
       0
       0
       1
       0
       0
       0
       1
       0
       2
       0
       0
       1
       1
       1
       2
       0
       2
       1
       2
       1
       0
       1
       0
       0
       0
       3
       1
       0
       0
       1
       1
       0
       1
       1
       1
       2
       0
       2
       1
       1
       2
       2
       5
       1
       2
       1
       0
       4
       0
       2
       1
       4
       1
       2
       2
       2
       0
       3
       1
       1
       1
       1
       3
       1
       1
       0
       0
       0
       0
       1
       0
       0
       0
       1
       1
       0
       0
       1
       1
       1
       0
       1
       0
       0
       0
       1
       1
       0
       1
       0
       0
       2
       0
       0
       0
       0
       1
       1
       0
       1
       0
       1
       1
       1
       0
       0
       0
       2
       0
       0
       3
       0
       0
       0
       0
       0
       0
       0
       0
       0
       0
       0
       0
       1
       0
       1
       1
       0
       0
       0
       0
       0
       0
       0
       1
       1
       1
       0
       0
       0
       0
       0
       1
       0
       0
       1
       0
       1
       1
       0
       0
       0
       0
       0
       0
       0
       1
       1
       0
       1
       0
       1
       1
       2
       0
       0
       0
       0
       0
       1
       0
       0
       0
       0
       1
       0
       1
       0
       0
       0
       0
       0
       0
       0
       0
       0
       1
       0
       1
       0
       0
       0
       0
       0
       0
       0
       0
       0
       0
       1
       0
       1
       1
       1
       0
       0
       0
       0
       0
       2
       0
       1
       0
       0
       2
       0
       0
       0
       0
       0
       0
       0
       0
       1
       1
       1
       0
       0
       1
       0
       1
       0
       0
       0
       0
       0
       3
       0
       0
       0
       0
       0
       0
       0
       1
       0
       0
       1
       1
       0
       0
       0
       0
       2
       1
       0
       0
       0
       0
       1
       0
       0
       0
       0
       1
       2
       0
       1
       0
       0
       0
       0
       0
       0
       0
       0
       0
       1
       2
       0
       0
       0
       1
       0
       0
       0
       0
       1
       0
       1
       0
       0
       0
       1
       0
       0
       0
       1
       0
       2
       1
       0
       0
       1
       0
       0
       1
       1
       0
       0
       0
       0
       1
       0
       1
       1
       0
       0
       0
       0
       0
       0
       1
       0
       0
       1
       1
       1
       2
       0
       2
       0
       0
       0
       0
       0
       1
       1
       0
       0
       0
       0
       0
       1
       1
       1
       1
       0
       0
       0
       0
       0
       0
       0
       0
       0
       0
       1
       0
       0
       0
       0
       0
       0
       1
       1
       1
       0
       0
       0
       0
       0
       1
       1
       1
       0
       0
       0
       1
       0
       0
       0
       0
       0
       2
       1
       0
       0
       0
       0
       0
       0
       1
       1
       0
       0
       0
       0
       0
       0
       1
       1
       0
       0
       0
       0
       0
       0
       0
       0
       2
       2
       0
       1
       1
       0
       0
       1
       0
       0
       0
       0
       0
       0
       3
       1
       0
       1
       1
       0
       2
       0
       0
       0
       0
       0
       0
       0
       0
       0
       0
       0
       0
       0
       2
       0
       0
       0
       0
       0
       1
       0
       0
       0
       0
       0
       0
       0
       1
       0
       0
       1
       0
       0
       0
       0
       0
       0
       0
       1
       0
       0
       0
       0
       0
       0
       0
       0
       0
       0
       0
       0
       0
       0
       1
       1
       1
       0
       1
       0
       0
       0
       0
       1
       0
       1
       0
       0
       0
       0
       0
       1
       0
       1
       0
       0
       0
       0
       0
       0
       2
       0
       0
       0
       0
       0
       1
       0
       0
       0
       0
       0
       1
       0
       0
       0
       0
       0
       0
       0
       0
       0
       1
       0
       0
       0
       0
       1
       0
       2
       0
       0
       0
       0
       1
       1
       0
       0
       0
       0
       0
       0
       0
       0
       0
       2
       0
       0
       1
       1
       0
       1
       0
       0
       0
       0
       1
       0
       0
       0
       0
       1
       0
       1
       0
       0
       0
       0
       0
       0
       0
       0
       0
       0
       0
       0
       1
       0
       2
       0
       0
       1
       0
       1
       0
       0
       0
       0
       0
       0
       2
       0
       0
       0
       0
       0
       0
       0
       0
       0
       1
       0
       1
       0
       0
       0
       0
       0
       0
       0
       0
       0
       0
       0
       0
       0
       1
       0
       0
       0
       3
       1
       1
       0
       0
       0
       0
       0
       0
       1
       0
       0
       0
       0
       0
       0
       0
       0
       2
       0
       0
       0
       0
       0
       0
       1
       0
       0
       2
       0
       1
       0
       0
       0
       1
       0
       0
       1
       0
       1
       0
       0
       0
       0
       0
       0
       0
       0
       1
       0
       0
       1
       0
       0
       0
       0
       1
       0
       1
       1
       0
       0
       0
       0
       0
       1
       0
       0
       0
       0
       0
       1
       1
       0
       0
       1
       0
       0
       0
       1
       0
       1
       0
       0
       1
       0
       0
       0
       0
       0
       1
       0
       0
       0
       0
       1
       0
       0
       0
       1
       0
       0
       0
       0
       0
       0
       0
       0
       1
       1
       0
       0
       0
       1
       0
       1
       0
       1
       0
       0
       0
       1
       0
       1
       0
       0
       0
       0
       0
       1
       0
       4
       0
       0
       0
       0
       0
       1
       0
       1
       0
       0
       0
       0
       0
       1
       0
       0
       0
       0
       0
       1
       0
       0
       0
       0
       0
       0
       0
       0
       0
       0
       2
       0
       0
       0
       1
       0
       0
       1
       0
       1
       0
       0
       0
       1
       1
       1
       1
       0
       2
       0
       0
       0
       1
       0
       0
       2
       0
       1
       1
       1
       0
       1
       1
       0
       1
       1
       1
       0
       0
       1
       0
       0
       0
       0
       0
       1
       1
       0
       0
       0
       0
       3
       1
       0
       1
       0
       0
       0
       0
       0
       0
       0
       1
       0
       0
       0
       0
       2
       1
       0
       0
       0
       1
       0
       1
       1
       1
       1
       0
       0
       0
       0
       1
       1
       1
       0
       0
       1
       0
       0
       1
       0
       0
       0
       0
       0
       3
       0
       0
       0
       1
       0
       0
       0
       1
       0
       0
       0
       0
       0
       0
       0
       0
       1
       0
       0
       0
       0
       0
       0
       0
       0
       0
       0
       0
       0
       0
       0
       0
       0
       1
       0
       0
       0
       0
       0
       0
       0
       0
       1
       0
       0
       0
       0
       0
       0
       0
       0
       1
       0
       0
       0
       0
       0
       0
       0
       0
       0
       0
       0
       0
       0
       0
       0
       0
       0
       0
       0
       0
       1
       1
       0
       0
       1
       0
       0
       1
       0
       0
       0
       1
       0
       0
       0
       0
       0
       0
       0
       0
       0
       0
       0
       0
       1
       0
       0
       0
       1
       0
       0
       0
       0
       0
       0
       0
       1
       1
       0
       1
       0
       0
       0
       0
       1
       0
       1
       0
       1
       1
       1
       0
       2
       0
       2
       0
       0
       0
       2
       3
       1
       2
       3
       3
       4
      11
      18
      14
      19
       3
       0
       0
       0
       0
       0
       0
       0
       0
       0
       0
       0
       0
       0
       0
       0
       0
       0
       0
       0
       0
       0
       0
       0
       0
       0
       0
       0
       0
       0
       0
       0
       0
       0
       0
       0
       0
       0
       0
       0
       0
       0
       0
       0
       0
       0
       0
       0
       0
       0
       0
       0
       0
       0
       0
       0
       0
       0
       0
       0
       0
       0
       0
       0
       0
       0
       0
       0
       0
       0
       0
       0
       0
       0
       0
       0
       0
       0
       0
       0
       0
       0
       0
       0
       0
       0
       0
       0
       0
       0
       0
       0
       0
       0
       0
       0
       0
       0
       0
       0
       0
       0
       0
       0
       0
       0
       0
       0
       0
       0
       0
       0
       0
       0
       0
       0
       0
       0
       0
       0
       0
       0
       0
       0
       0
       0
       0
       0
       0
       0
       0
       0
       0
       0
       0
       0
       0
       0
       0
       0
       0
       0
       0
       0
       0
       0
       0
       0
       0
       0
       0
       0
       0
       0
       0
       0
       0
       0
       0
       0
       0
       0
       0
       0
       0
       0
       0
       0
       0
       0
       0
       0
       0
       0
       0
       0
       0
       0
       0
       0
       0
       0
       0
       0
       0
       0
       0
       0
       0
       0
       0
       0
       0
       0
       0
       0
       0
       0
       0
       0
       0
       0
       0
       0
       0
       0
       0
       0
       0
       0
       0
       0
       0
       0
       0
       0
       0
       0
       0
       0
       0
       0
       0
       0
       0
       0
       0
       0
       0
       0
       0
       0
       0
       0
       0
       0
       0
       0
       0
       0
       0
       0
       0
       0
       0
       0
       0
       0
       0
       0
       0
       0
       0
       0
       0
       0
       0
       0
       0
       0
       0
       0
       0
       0
       0
       0
       0
       0
       0
       0
       0
       0
       0
       0
       0
       0
       0
       0
       0
       0
       0
       0
       0
       0
       0
       0
       0
       0
       0
       0
       0
       0
       0
       0
       0
       0
       0
       0
       0
       0
       0
       0
       0
       0
       0
       0
       0
       0
       0
       0
       0
       0
       0
       0
       0
       0
       0
       0
       0
       0
       0
       0
       0
       0
       0
       0
       0
       0
       0
       0
       0
       0
       0
       0
       0
$ROI:
1
380 433
$PRESETS:
None
0
0
$ENER_FIT:
0.000000 0.000000
$MCA_CAL:
3
0.000000E+000 0.000000E+000 0.000000E+000 
$SHAPE_CAL:
3
0.000000E+000 0.000000E+000 0.000000E+000
