$SPEC_ID:
No sample description was entered.
$SPEC_REM:
DET# 1
DETDESC# PHY-R11-37 MCB 129
AP# Maestro Version 7.01
$DATE_MEA:
11/29/2012 17:37:01
$MEAS_TIM:
360 361
$DATA:
0 2047
       0
       0
       0
       0
       0
       0
       0
       0
       0
       0
       0
       0
       0
       0
       0
       0
       0
       0
       0
       0
       0
       0
       0
       0
       0
       0
       0
       0
       0
       0
       0
       0
       0
       0
       0
       0
       0
       0
       0
       0
       0
       0
       0
       0
       0
       0
       0
       0
       0
       0
       0
       0
       0
       0
       0
       0
       0
       0
       0
       0
       0
       0
       0
       0
       0
       0
       0
       0
       0
       0
       0
       0
       0
       0
       0
       0
       0
       0
       0
       0
       0
       0
       0
       0
       0
       0
       0
       0
       0
       0
       1
       0
       2
     645
    1265
    1254
    1186
    1151
    1181
    1148
    1080
    1078
    1097
    1043
    1031
    1035
     965
     966
     916
     991
     959
     919
     960
     936
     972
     924
     916
     970
     900
     915
     832
     913
     886
     878
     810
     829
     820
     782
     744
     716
     651
     670
     622
     572
     582
     569
     500
     502
     515
     477
     459
     448
     430
     404
     403
     415
     380
     353
     383
     365
     358
     356
     347
     345
     336
     328
     347
     291
     340
     298
     258
     300
     286
     282
     284
     295
     295
     275
     266
     260
     273
     287
     278
     245
     278
     291
     263
     271
     271
     321
     317
     358
     349
     401
     474
     531
     641
     695
     881
    1166
    1360
    1626
    2009
    2344
    2602
    3076
    3400
    3853
    4105
    4335
    4566
    4784
    4754
    4753
    4582
    4416
    4107
    3774
    3402
    3097
    2634
    2382
    1981
    1632
    1413
    1124
     911
     751
     537
     403
     331
     308
     234
     249
     172
     167
     160
     154
     115
     160
     117
     125
     138
     128
     158
     118
     142
     124
     112
     125
     126
     129
     132
     121
     136
     112
     110
     131
     123
     102
     100
     122
     104
     119
     112
      92
      99
     139
      99
     101
     104
     102
     106
     103
     123
     103
     112
     116
      95
      96
     108
     102
     111
     113
     129
     116
      85
      98
     103
      94
     100
     100
      95
     109
     109
     124
     109
     113
     111
     108
     120
     101
      97
     101
     103
     106
     104
     108
     112
      90
     105
     100
     115
     111
      96
     101
     122
     125
     104
     115
     105
     105
      91
      95
     103
     133
      84
      92
      94
     130
     109
      99
     107
     117
     101
     102
      81
      97
     103
     106
     102
     115
      91
      93
     111
     101
      89
      92
     107
     111
     109
     105
      84
     114
     109
     106
     121
     101
     135
     116
     113
     105
     115
      89
     129
     104
     109
     110
     101
     105
      94
     105
     127
     138
     100
     130
     124
     131
     104
     109
     120
      95
     130
     101
     107
      89
     113
     105
     119
     116
     125
     122
     124
     128
     126
     100
     122
     108
     120
     116
     115
      98
     116
     106
     123
     109
      88
      94
     108
     106
      81
      88
      89
      88
      92
      78
      67
      77
      79
      73
      72
      73
      70
      48
      64
      52
      54
      51
      57
      48
      40
      42
      47
      45
      39
      48
      42
      35
      43
      45
      31
      38
      32
      39
      45
      33
      30
      31
      43
      39
      46
      25
      37
      38
      30
      38
      31
      32
      37
      32
      29
      40
      32
      29
      30
      36
      40
      39
      39
      45
      46
      43
      59
      58
      82
      80
      82
      89
     103
     117
     124
     140
     146
     178
     187
     203
     201
     252
     249
     279
     338
     358
     343
     383
     400
     425
     448
     427
     421
     482
     475
     489
     488
     493
     410
     434
     444
     429
     402
     374
     347
     366
     330
     306
     303
     269
     268
     238
     197
     223
     164
     160
     133
     127
     122
     120
      89
      96
      67
      75
      59
      47
      36
      46
      35
      36
      27
      29
      30
      25
      25
      19
      19
      16
      18
      15
      24
      20
      12
      32
      29
      23
      19
      27
      30
      21
      27
      26
      18
      24
      26
      20
      24
      28
      29
      23
      23
      28
      31
      31
      22
      31
      43
      22
      27
      22
      24
      26
      29
      25
      31
      23
      31
      23
      22
      14
      22
      26
      22
      25
      21
      21
      22
      29
      33
      22
      12
      26
      17
      18
      14
      18
      17
      12
      16
      16
       9
      14
      15
      14
      12
      13
      10
      12
      15
      16
      12
      16
       8
      13
       7
      14
      18
      10
      18
       8
      13
      10
       4
      11
      12
      15
       2
      11
       7
      10
       6
       9
       6
       6
       7
       3
       6
      12
      10
       9
       8
       6
       7
       6
      11
       4
       3
       3
       5
       9
       7
       7
       6
       8
       5
       5
       8
      11
       7
       6
       6
       7
       6
      14
       3
       9
      16
      13
       6
       6
      10
       5
      14
       8
      12
      10
       8
      10
      14
      15
       8
      16
      11
      18
      12
      10
      19
      13
      18
      20
      11
      21
      12
      11
      24
      13
      24
      13
      16
      18
      12
      20
      18
      18
      11
      15
      26
      13
      13
      13
      11
      10
      13
      11
       9
      17
       9
      12
       6
       8
      10
       9
       6
      11
       6
       7
       9
       4
       3
       2
       3
       1
       4
       3
       5
       3
       8
       4
       2
       2
       1
       3
       2
       4
       4
       7
       4
       2
       2
       1
       2
       1
       5
       3
       2
       4
       2
       2
       5
       4
       1
       3
       8
       4
       2
       3
       1
       1
       3
       2
       7
       1
       2
       7
       4
       3
       3
       2
       0
       3
       4
       2
       4
       3
       2
       4
       2
       3
       2
       3
       1
       6
       1
       4
       2
       4
       1
       5
       5
       7
       2
       0
       6
       4
       3
       3
       3
       6
       1
       2
       3
       5
       4
       1
       5
       1
       2
       1
       2
       6
       1
       4
       1
       8
       2
       2
       4
       2
       2
       6
       4
       4
       5
       4
       3
       2
       2
       3
       2
       1
       3
       2
       4
       4
       2
       3
       4
       3
       3
       3
       4
       0
       3
       4
       3
       2
       2
       5
       3
       2
       0
       3
       1
       4
       0
       1
       8
       0
       1
       6
       1
       4
       5
       1
       2
       3
       1
       4
       1
       5
       1
       2
       4
       5
       3
       0
       2
       0
       0
       2
       0
       1
       4
       1
       2
       5
       4
       1
       0
       5
       2
       1
       4
       4
       1
       2
       1
       4
       2
       1
       4
       2
       1
       3
       2
       2
       2
       2
       2
       2
       1
       1
       1
       0
       2
       1
       3
       1
       1
       6
       0
       1
       1
       0
       3
       1
       1
       1
       2
       2
       1
       0
       4
       2
       2
       2
       1
       2
       0
       0
       1
       3
       0
       0
       0
       3
       1
       4
       3
       3
       1
       1
       1
       1
       1
       1
       3
       2
       4
       2
       2
       1
       3
       3
       3
       7
       1
       0
       0
       3
       4
       2
       3
       2
       2
       1
       3
       3
       6
       4
       3
       1
       2
       3
       5
       3
       1
       4
       3
       3
       4
       6
       3
       2
       1
       6
       5
       1
       3
       4
       4
       2
       1
       2
       4
       2
       1
       3
       4
       1
       2
       2
       1
       1
       1
       0
       5
       2
       2
       1
       1
       0
       4
       2
       1
       6
       3
       0
       2
       2
       0
       1
       4
       1
       3
       1
       1
       1
       1
       4
       1
       2
       1
       0
       1
       2
       1
       1
       1
       0
       1
       1
       1
       2
       1
       1
       1
       1
       1
       3
       1
       0
       3
       5
       1
       2
       0
       1
       0
       2
       1
       2
       0
       0
       1
       0
       0
       2
       2
       1
       1
       1
       1
       2
       0
       0
       1
       1
       2
       1
       0
       0
       3
       3
       0
       1
       3
       0
       1
       1
       1
       1
       1
       0
       0
       0
       1
       0
       1
       3
       0
       3
       0
       2
       0
       2
       0
       0
       1
       1
       2
       0
       0
       0
       2
       0
       0
       1
       1
       0
       0
       0
       0
       2
       1
       1
       0
       2
       2
       2
       1
       1
       2
       4
       2
       2
       1
       3
       0
       2
       0
       0
       0
       4
       0
       0
       1
       0
       2
       1
       1
       0
       0
       1
       0
       0
       2
       0
       0
       0
       0
       0
       2
       0
       2
       2
       1
       2
       0
       0
       2
       1
       1
       2
       1
       0
       0
       1
       0
       2
       0
       1
       1
       0
       2
       0
       0
       3
       4
       1
       0
       0
       0
       2
       1
       1
       1
       0
       0
       0
       0
       1
       2
       1
       0
       1
       0
       0
       1
       3
       2
       3
       0
       0
       0
       1
       0
       0
       3
       1
       1
       2
       2
       0
       2
       1
       1
       2
       2
       1
       0
       0
       2
       2
       1
       0
       2
       1
       1
       0
       1
       0
       1
       0
       0
       0
       3
       0
       0
       0
       3
       0
       2
       0
       1
       0
       2
       1
       0
       1
       2
       0
       1
       0
       0
       1
       0
       0
       4
       0
       0
       2
       2
       0
       1
       1
       3
       2
       1
       1
       2
       1
       0
       2
       0
       0
       0
       0
       1
       0
       1
       0
       1
       0
       2
       1
       0
       1
       1
       2
       0
       0
       2
       0
       2
       2
       0
       0
       1
       1
       1
       1
       0
       2
       1
       2
       1
       1
       3
       0
       0
       0
       1
       2
       1
       2
       2
       4
       2
       0
       1
       1
       0
       0
       0
       1
       1
       2
       0
       1
       0
       1
       4
       1
       0
       0
       0
       0
       0
       0
       1
       0
       1
       2
       0
       0
       1
       0
       2
       1
       0
       0
       3
       1
       0
       0
       1
       0
       0
       0
       3
       0
       1
       1
       2
       1
       0
       3
       1
       0
       0
       0
       0
       0
       2
       0
       3
       1
       1
       0
       0
       1
       0
       0
       2
       0
       1
       1
       0
       2
       1
       1
       0
       0
       1
       0
       0
       1
       1
       4
       1
       1
       2
       1
       2
       1
       1
       1
       1
       1
       2
       0
       0
       1
       1
       0
       1
       2
       0
       4
       0
       1
       0
       3
       1
       1
       1
       0
       1
       0
       0
       0
       0
       0
       0
       1
       0
       2
       1
       1
       0
       0
       0
       1
       0
       0
       1
       0
       1
       0
       2
       0
       1
       1
       0
       1
       0
       1
       0
       1
       0
       0
       0
       0
       1
       2
       0
       2
       0
       0
       0
       0
       0
       0
       0
       0
       1
       1
       0
       0
       0
       1
       0
       2
       1
       0
       0
       1
       1
       0
       1
       1
       0
       0
       1
       1
       1
       0
       1
       1
       0
       2
       1
       2
       2
       0
       0
       0
       1
       0
       0
       0
       0
       1
       1
       1
       1
       1
       0
       0
       2
       1
       1
       0
       0
       1
       1
       1
       0
       1
       2
       4
       1
       1
       0
       1
       0
       3
       0
       0
       0
       0
       0
       1
       1
       0
       1
       0
       1
       0
       0
       0
       2
       0
       1
       1
       0
       0
       1
       0
       1
       0
       0
       1
       1
       2
       0
       1
       0
       0
       1
       1
       1
       1
       0
       1
       0
       0
       0
       0
       0
       0
       0
       0
       1
       1
       0
       2
       1
       0
       0
       0
       0
       1
       0
       0
       0
       0
       0
       1
       1
       0
       1
       1
       0
       1
       0
       0
       0
       2
       1
       1
       0
       3
       0
       0
       2
       0
       0
       0
       0
       0
       1
       0
       1
       0
       0
       0
       2
       0
       0
       0
       1
       0
       0
       1
       1
       1
       0
       0
       1
       1
       0
       1
       1
       1
       0
       0
       0
       0
       0
       0
       0
       1
       2
       3
       1
       1
       2
       1
       1
       1
       2
       0
       1
       0
       0
       1
       0
       0
       0
       1
       3
       0
       1
       1
       1
       0
       0
       0
       0
       0
       1
       1
       0
       2
       0
       0
       0
       1
       1
       2
       1
       0
       1
       1
       1
       0
       0
       1
       1
       2
       2
       0
       2
       0
       0
       0
       1
       1
       2
       0
       0
       2
       0
       0
       1
       1
       1
       1
       2
       2
       1
       2
       1
       0
       0
       2
       1
       0
       0
       0
       0
       1
       0
       1
       1
       0
       0
       0
       1
       0
       0
       3
       0
       0
       2
       1
       0
       0
       0
       2
       1
       0
       0
       0
       1
       2
       0
       1
       0
       1
       1
       0
       1
       0
       0
       3
       0
       0
       0
       0
       1
       1
       1
       0
       0
       0
       0
       1
       1
       0
       1
       0
       0
       2
       0
       1
       0
       1
       2
       1
       0
       0
       0
       0
       1
       1
       0
       0
       1
       1
       0
       1
       1
       1
       1
       1
       0
       0
       1
       0
       1
       2
       1
       0
       1
       0
       0
       0
       0
       0
       1
       0
       1
       3
       0
       0
       0
       0
       0
       0
       1
       3
       0
       0
       1
       0
       1
       0
       1
       1
       1
       1
       0
       0
       1
       1
       0
       0
       1
       0
       2
       1
       0
       1
       0
       1
       0
       1
       0
       0
       1
       1
       1
       0
       1
       1
       1
       0
       0
       0
       2
       2
       0
       0
       0
       0
       0
       0
       0
       0
       0
       0
       0
       0
       0
       0
       0
       0
       0
       0
       0
       0
       0
       0
       0
       0
       0
       0
       0
       0
       0
       0
       0
       0
       0
       0
       0
       0
       0
       0
       0
       0
       0
       0
       0
       0
       0
       0
       0
       0
       0
       0
       0
       0
       0
       0
       0
       0
       0
       0
       0
       0
       0
       0
       0
       0
       0
       0
       0
       0
       0
       0
       0
       0
       0
       0
       0
       0
       0
       0
       0
       0
       0
       0
       0
       0
       0
       0
       0
       0
       0
       0
       0
       0
       0
       0
       0
       0
       0
       0
       0
       0
       0
       0
       0
       0
       0
       0
       0
       0
       0
       0
       0
       0
       0
       0
       0
       0
       0
       0
       0
       0
       0
       0
       0
       0
       0
       0
       0
       0
       0
       0
       0
       0
       0
       0
       0
       0
       0
       0
       0
       0
       0
       0
       0
       0
       0
       0
       0
       0
$ROI:
0
$PRESETS:
Live Time
360
0
$ENER_FIT:
0.000000 0.000000
$MCA_CAL:
3
0.000000E+000 0.000000E+000 0.000000E+000 
$SHAPE_CAL:
3
0.000000E+000 0.000000E+000 0.000000E+000
