$SPEC_ID:
No sample description was entered.
$SPEC_REM:
DET# 1
DETDESC# PHY-R11-37 MCB 129
AP# Maestro Version 7.01
$DATE_MEA:
11/29/2012 17:32:43
$MEAS_TIM:
360 360
$DATA:
0 2047
       0
       0
       0
       0
       0
       0
       0
       0
       0
       0
       0
       0
       0
       0
       0
       0
       0
       0
       0
       0
       0
       0
       0
       0
       0
       0
       0
       0
       0
       0
       0
       0
       0
       0
       0
       0
       0
       0
       0
       0
       0
       0
       0
       0
       0
       0
       0
       0
       0
       0
       0
       0
       0
       0
       0
       0
       0
       0
       0
       0
       0
       0
       0
       0
       0
       0
       0
       0
       0
       0
       0
       0
       0
       0
       0
       0
       0
       0
       0
       0
       0
       0
       0
       0
       0
       0
       0
       0
       2
       0
       0
       1
       0
     510
     904
     877
     889
     870
     852
     781
     865
     834
     799
     810
     778
     779
     767
     746
     768
     756
     747
     712
     680
     701
     679
     712
     700
     754
     671
     636
     643
     672
     603
     629
     584
     561
     577
     575
     550
     604
     584
     573
     525
     559
     537
     547
     514
     527
     503
     467
     517
     487
     473
     443
     432
     451
     440
     448
     467
     441
     439
     438
     461
     384
     400
     396
     355
     372
     394
     398
     377
     364
     395
     405
     384
     368
     340
     371
     378
     394
     382
     390
     348
     334
     361
     388
     334
     306
     359
     346
     349
     342
     356
     323
     318
     309
     325
     338
     306
     307
     332
     327
     324
     334
     329
     341
     300
     343
     322
     352
     362
     332
     340
     328
     354
     325
     325
     310
     306
     269
     321
     299
     289
     303
     292
     297
     267
     278
     301
     277
     258
     240
     236
     292
     286
     284
     273
     263
     291
     263
     257
     238
     248
     289
     249
     261
     287
     246
     287
     262
     267
     292
     241
     274
     245
     254
     263
     239
     253
     246
     226
     251
     252
     239
     257
     244
     274
     242
     284
     225
     260
     235
     263
     232
     255
     259
     249
     253
     252
     248
     267
     244
     253
     258
     223
     298
     266
     216
     246
     228
     231
     243
     267
     246
     262
     257
     242
     267
     256
     247
     264
     233
     232
     273
     256
     241
     257
     261
     237
     256
     267
     252
     274
     259
     246
     261
     260
     249
     241
     261
     269
     245
     273
     258
     294
     251
     271
     258
     258
     280
     249
     251
     273
     249
     256
     314
     275
     288
     314
     300
     302
     266
     287
     312
     293
     285
     294
     273
     300
     295
     283
     349
     288
     301
     264
     301
     291
     254
     301
     279
     292
     300
     266
     271
     259
     265
     271
     267
     305
     261
     238
     249
     256
     270
     231
     220
     244
     241
     222
     245
     227
     216
     219
     219
     217
     225
     186
     219
     228
     214
     219
     238
     222
     233
     206
     230
     239
     257
     224
     243
     239
     233
     212
     196
     193
     216
     220
     209
     212
     223
     198
     186
     189
     219
     207
     190
     208
     174
     178
     185
     151
     163
     195
     174
     155
     183
     173
     158
     136
     167
     160
     165
     170
     153
     178
     160
     193
     211
     205
     222
     248
     259
     286
     285
     355
     394
     383
     404
     463
     526
     565
     547
     662
     671
     694
     720
     800
     738
     812
     787
     816
     866
     832
     904
     780
     840
     796
     769
     801
     747
     717
     672
     631
     564
     526
     545
     480
     436
     403
     372
     352
     305
     270
     278
     221
     210
     177
     164
     172
     130
     129
     136
     116
     125
      97
     130
     127
     128
     143
     163
     184
     217
     220
     211
     241
     298
     319
     338
     374
     407
     411
     470
     461
     486
     563
     571
     596
     572
     659
     636
     617
     698
     655
     678
     669
     658
     650
     627
     594
     597
     537
     566
     529
     457
     472
     460
     447
     381
     318
     313
     325
     273
     253
     229
     215
     186
     161
     141
     126
     118
     107
      86
      70
      80
      83
      58
      61
      54
      51
      40
      48
      36
      33
      28
      28
      33
      24
      26
      28
      46
      36
      33
      45
      27
      25
      29
      23
      28
      21
      19
      27
      23
      32
      26
      20
      10
      18
      29
      16
      15
      23
      19
      27
      17
      16
      23
      10
      10
      12
      14
      17
      10
      11
      14
       9
      14
       4
      12
      16
       8
      12
      14
       8
      11
      14
      12
      12
      14
       7
      12
       9
       6
      16
       7
      10
       9
      12
       8
       8
       4
      16
       6
       7
      11
       5
       5
       9
       7
       4
       4
       6
      12
       6
      13
       6
       5
      10
       8
       8
      14
       4
      12
       7
      11
       9
      13
       3
       7
       8
       8
      10
      10
       6
       6
       5
       6
       9
      10
       6
       7
      12
       5
      11
      10
      11
       7
      13
      11
      12
       7
       6
       3
       9
      14
       4
       5
      11
      14
       6
       9
       6
       6
       7
       7
       8
      12
       4
       4
       9
       6
       5
       8
       6
       6
       3
       7
       8
       6
       9
       7
       7
       5
      11
       7
      11
       3
       4
       5
       3
       7
       8
       3
       3
       6
       4
       7
       1
       4
       8
       6
       4
       7
       4
       6
       4
       2
       9
       6
       6
       5
       8
       7
       9
       3
       5
       4
       4
       6
      13
       1
       2
       4
       7
       2
       2
       3
       4
       9
      10
       7
      11
       6
       4
       3
       9
       4
       7
       7
       1
       8
       3
       4
       3
       4
       8
       5
       3
       4
       5
       4
       5
       4
       1
       2
       2
       0
       7
       5
       2
       6
       5
       7
       1
       3
       5
       2
       2
       9
       2
       2
       8
       6
       5
       4
       2
       4
       5
       1
       2
       1
       3
       4
       4
       6
       7
       2
       5
       1
       8
       4
       9
       3
       5
       4
       8
       6
       3
       5
       9
       3
       7
       5
       7
       3
       9
       4
       7
       7
       7
       4
       5
       3
       4
       9
       4
       6
       4
       2
       4
       5
       0
       2
       6
       4
       7
       9
       3
       5
       3
       8
       4
       3
       5
       5
       1
       3
       8
       5
       3
       5
       3
       2
      11
       7
       4
       5
       4
       5
       5
       5
       1
       4
       8
       3
       2
       2
       3
       1
       5
       6
       1
       2
       2
       6
       6
      10
       2
       4
       4
       4
       3
       3
       5
       3
       3
       2
       6
       2
       3
       3
       1
       2
       4
       2
       0
       2
       4
       0
       3
       0
       5
       2
       1
       1
       2
       2
       2
       2
       5
       2
       4
       4
       0
       2
       3
       1
       2
       6
       2
       2
       1
       1
       4
       2
       2
       5
       4
       4
       3
       2
       1
       3
       1
       8
       3
       4
       3
       6
       3
       2
       4
       3
       4
       7
       3
       4
       6
       7
       4
       6
       4
       7
       6
       8
       4
       8
       5
       5
       4
       7
       8
       2
       4
       5
      10
       7
       2
       4
       6
       4
       5
       5
       3
       5
       8
      10
       7
       6
       5
       4
       5
       4
       2
       7
       2
       3
       7
       2
       1
       2
       5
       4
       7
       1
       4
       1
       3
       1
       0
       2
       3
       6
       4
       3
       0
       0
       1
       2
       1
       0
       3
       2
       1
       2
       3
       2
       1
       5
       4
       0
       2
       2
       0
       0
       1
       0
       1
       0
       0
       3
       1
       0
       3
       0
       0
       2
       0
       0
       2
       3
       0
       0
       2
       1
       1
       2
       2
       2
       1
       0
       0
       1
       2
       1
       1
       1
       0
       1
       3
       1
       0
       2
       2
       2
       1
       0
       0
       2
       0
       0
       3
       0
       1
       1
       2
       1
       0
       2
       1
       0
       0
       1
       1
       2
       3
       1
       1
       0
       0
       0
       0
       2
       2
       2
       0
       0
       3
       0
       0
       0
       1
       2
       1
       1
       0
       2
       0
       3
       1
       1
       2
       0
       1
       2
       2
       0
       2
       1
       1
       1
       0
       1
       0
       1
       1
       0
       0
       1
       0
       1
       0
       0
       3
       1
       0
       0
       1
       1
       2
       0
       2
       0
       3
       2
       0
       0
       2
       0
       1
       2
       0
       0
       0
       0
       0
       3
       0
       1
       1
       4
       0
       3
       2
       1
       0
       2
       0
       2
       0
       3
       2
       0
       0
       1
       1
       2
       0
       1
       1
       0
       1
       0
       1
       2
       0
       2
       4
       3
       1
       2
       0
       1
       2
       1
       0
       2
       1
       2
       0
       1
       1
       1
       0
       0
       0
       0
       1
       0
       1
       2
       0
       0
       0
       1
       0
       2
       2
       2
       1
       1
       1
       1
       3
       0
       0
       2
       2
       1
       0
       0
       1
       0
       0
       0
       2
       1
       0
       2
       0
       2
       2
       1
       0
       1
       2
       0
       0
       0
       0
       2
       2
       1
       0
       1
       2
       2
       1
       0
       2
       2
       2
       0
       2
       4
       0
       1
       3
       0
       0
       0
       0
       0
       1
       0
       0
       0
       1
       1
       1
       1
       0
       1
       2
       0
       0
       2
       1
       2
       2
       0
       1
       1
       1
       1
       0
       0
       0
       1
       0
       3
       1
       1
       0
       3
       0
       1
       1
       2
       0
       0
       2
       1
       1
       0
       0
       0
       0
       0
       4
       1
       1
       0
       0
       1
       1
       0
       2
       1
       2
       1
       0
       1
       1
       0
       0
       0
       0
       1
       2
       0
       1
       0
       0
       1
       0
       0
       0
       1
       1
       0
       1
       0
       1
       1
       0
       0
       1
       3
       1
       0
       0
       0
       1
       0
       0
       1
       1
       1
       0
       1
       0
       1
       2
       0
       0
       0
       0
       2
       1
       1
       0
       1
       2
       0
       1
       0
       0
       1
       1
       1
       1
       1
       1
       1
       1
       2
       2
       1
       0
       1
       0
       1
       0
       0
       1
       0
       2
       3
       0
       0
       0
       3
       0
       1
       0
       1
       0
       1
       0
       0
       2
       1
       1
       1
       4
       1
       2
       2
       1
       0
       2
       0
       1
       1
       1
       1
       1
       0
       1
       0
       0
       0
       1
       0
       2
       1
       1
       0
       0
       0
       0
       2
       0
       1
       1
       1
       3
       2
       1
       2
       0
       0
       1
       0
       2
       0
       0
       0
       0
       1
       2
       2
       1
       0
       1
       2
       0
       0
       2
       0
       1
       1
       1
       0
       0
       0
       0
       1
       5
       0
       1
       0
       0
       1
       0
       1
       1
       0
       0
       1
       0
       0
       1
       1
       2
       1
       1
       1
       0
       1
       1
       1
       0
       0
       0
       0
       0
       1
       0
       0
       1
       1
       0
       2
       0
       2
       0
       1
       1
       1
       0
       1
       1
       1
       2
       1
       0
       1
       2
       0
       1
       1
       0
       2
       0
       0
       1
       0
       1
       1
       0
       1
       1
       4
       0
       0
       0
       1
       0
       0
       1
       2
       0
       1
       0
       0
       0
       2
       1
       0
       0
       0
       0
       0
       1
       2
       0
       1
       1
       0
       0
       0
       1
       1
       0
       0
       0
       0
       2
       0
       1
       1
       0
       1
       1
       0
       3
       2
       1
       0
       1
       0
       0
       1
       0
       0
       0
       0
       0
       0
       0
       1
       1
       0
       1
       0
       0
       1
       1
       0
       1
       1
       0
       2
       0
       1
       1
       1
       1
       1
       1
       0
       1
       0
       1
       1
       0
       1
       0
       0
       0
       0
       3
       1
       0
       0
       0
       0
       0
       1
       1
       0
       1
       2
       1
       1
       0
       0
       1
       1
       0
       0
       1
       1
       1
       0
       1
       1
       0
       0
       2
       0
       1
       1
       0
       0
       2
       0
       0
       1
       0
       1
       1
       1
       1
       1
       0
       0
       0
       0
       0
       0
       0
       1
       2
       2
       0
       1
       1
       1
       1
       0
       0
       0
       1
       1
       0
       1
       0
       1
       0
       4
       0
       0
       0
       0
       0
       1
       1
       1
       1
       0
       1
       1
       1
       0
       1
       0
       1
       0
       1
       2
       0
       1
       1
       0
       1
       2
       0
       0
       1
       0
       0
       1
       0
       1
       0
       0
       1
       0
       0
       0
       3
       1
       0
       0
       0
       0
       1
       0
       0
       0
       0
       1
       0
       0
       1
       0
       2
       0
       1
       1
       1
       1
       0
       2
       1
       0
       0
       1
       1
       1
       2
       2
       2
       0
       0
       2
       0
       1
       3
       0
       0
       1
       0
       0
       0
       0
       0
       0
       0
       0
       2
       0
       3
       1
       1
       1
       1
       0
       1
       0
       1
       3
       1
       0
       0
       0
       0
       0
       2
       0
       1
       0
       0
       0
       1
       0
       0
       0
       0
       0
       0
       0
       0
       2
       0
       1
       1
       0
       0
       0
       0
       0
       0
       0
       1
       0
       0
       2
       0
       1
       0
       0
       0
       0
       0
       0
       0
       0
       0
       0
       0
       1
       0
       1
       0
       1
       0
       1
       0
       0
       0
       0
       0
       0
       1
       0
       0
       1
       4
       1
       0
       0
       0
       2
       0
       1
       1
       0
       0
       0
       0
       0
       0
       0
       0
       0
       0
       0
       0
       0
       0
       0
       0
       0
       0
       0
       0
       0
       0
       0
       0
       0
       0
       0
       0
       0
       0
       0
       0
       0
       0
       0
       0
       0
       0
       0
       0
       0
       0
       0
       0
       0
       0
       0
       0
       0
       0
       0
       0
       0
       0
       0
       0
       0
       0
       0
       0
       0
       0
       0
       0
       0
       0
       0
       0
       0
       0
       0
       0
       0
       0
       0
       0
       0
       0
       0
       0
       0
       0
       0
       0
       0
       0
       0
       0
       0
       0
       0
       0
       0
       0
       0
       0
       0
       0
       0
       0
       0
       0
       0
       0
       0
       0
       0
       0
       0
       0
       0
       0
       0
       0
       0
       0
       0
       0
       0
       0
       0
       0
       0
       0
       0
       0
       0
       0
       0
       0
       0
       0
       0
       0
       0
       0
       0
       0
       0
       0
       0
       0
       0
       0
       0
       0
       0
       0
       0
$ROI:
0
$PRESETS:
Live Time
360
0
$ENER_FIT:
0.000000 0.000000
$MCA_CAL:
3
0.000000E+000 0.000000E+000 0.000000E+000 
$SHAPE_CAL:
3
0.000000E+000 0.000000E+000 0.000000E+000
