$SPEC_ID:
No sample description was entered.
$SPEC_REM:
DET# 1
DETDESC# PHY-R11-37 MCB 129
AP# Maestro Version 7.01
$DATE_MEA:
11/15/2012 16:05:29
$MEAS_TIM:
291 300
$DATA:
0 2047
       0
       0
       0
       0
       0
       0
       0
       0
       0
       0
       0
       0
       0
       0
       0
       0
       0
       0
       0
       0
       0
       0
       0
       0
       0
       0
       0
       0
       0
       0
       0
       0
       0
       0
       0
       0
       0
       0
       0
       0
       0
       0
       0
       0
       0
       0
       0
       1
    1394
    3205
    3033
    2887
    2905
    2853
    2730
    2814
    2840
    2799
    2560
    2515
    2545
    2302
    2339
    2229
    2140
    2138
    2121
    2063
    2051
    2052
    1926
    1880
    1740
    1606
    1530
    1576
    1561
    1454
    1492
    1488
    1461
    1443
    1430
    1476
    1389
    1308
    1374
    1326
    1319
    1292
    1244
    1139
    1185
    1127
    1058
    1105
    1005
     973
     976
     912
     906
     838
     799
     757
     841
     838
     774
     813
     882
     867
     856
     891
     823
     825
     787
     768
     678
     699
     685
     654
     597
     576
     571
     602
     621
     578
     617
     621
     603
     635
     692
     710
     932
    1028
    1274
    1532
    1883
    2252
    2791
    3306
    3816
    4272
    4585
    4987
    5082
    4979
    4604
    4274
    3885
    3282
    2761
    2369
    1760
    1488
    1181
     955
     767
     682
     575
     550
     432
     534
     411
     437
     396
     409
     395
     395
     362
     421
     352
     356
     360
     330
     339
     350
     361
     331
     300
     324
     313
     294
     316
     293
     297
     277
     263
     265
     270
     272
     264
     227
     270
     240
     236
     247
     229
     266
     234
     250
     251
     237
     217
     224
     212
     212
     198
     212
     223
     266
     236
     211
     211
     229
     202
     223
     250
     217
     247
     219
     218
     218
     206
     214
     223
     252
     211
     222
     221
     238
     248
     243
     241
     274
     247
     308
     292
     269
     290
     326
     384
     372
     363
     354
     379
     378
     354
     407
     397
     385
     376
     360
     346
     356
     310
     304
     252
     255
     255
     237
     179
     197
     156
     153
     134
     162
     144
     121
     141
     129
     100
      95
     124
     106
     104
     106
      80
     102
      91
      89
      94
      72
      75
      92
      98
      78
      90
      79
      92
      73
      76
      59
      88
      80
      84
      92
     122
     122
     116
     137
     158
     144
     190
     196
     218
     287
     297
     336
     406
     409
     476
     542
     542
     590
     609
     674
     721
     682
     729
     707
     689
     686
     698
     645
     653
     581
     543
     475
     448
     397
     394
     343
     298
     268
     220
     205
     171
     171
     131
     113
      94
      85
      96
      64
      71
      71
      53
      72
      64
      46
      48
      44
      37
      54
      48
      37
      47
      45
      40
      34
      45
      37
      44
      35
      27
      35
      30
      30
      49
      24
      45
      45
      35
      38
      44
      41
      34
      35
      42
      34
      32
      34
      30
      35
      32
      33
      37
      29
      51
      43
      58
      45
      44
      57
      31
      46
      64
      50
      61
      55
      52
      71
      48
      57
      60
      69
      57
      55
      56
      52
      49
      52
      39
      38
      50
      40
      41
      24
      30
      36
      41
      30
      32
      32
      24
      26
      34
      23
      24
      27
      20
      21
      26
      14
      22
      19
      11
      21
      17
      24
      22
      19
      17
      17
      19
      17
      20
      18
      18
      23
      17
      15
      15
      18
      14
      26
      21
      18
      16
      19
      15
      26
      22
      17
      17
      12
      25
      27
      30
      19
      21
      22
      24
      27
      16
      17
      19
      20
      21
      23
      18
      33
      20
      22
      27
      34
      23
      14
      25
      20
      24
      22
      37
      36
      32
      37
      40
      36
      26
      40
      39
      34
      55
      39
      41
      60
      40
      43
      46
      22
      31
      38
      32
      24
      36
      28
      25
      31
      43
      32
      24
      13
      12
      15
      17
      10
       4
       6
       9
       9
       8
      11
       7
       6
      11
       4
       4
      10
      12
       4
       3
       5
      14
      10
       9
       6
       7
       6
       3
       6
       2
       6
       7
      10
       2
       7
       9
       3
      12
       6
       8
       6
       3
       5
       7
      10
       8
       6
       4
       5
       5
       6
       9
      10
       8
       5
       4
       4
       7
       8
       2
       8
       9
       4
       5
       5
       6
       8
       5
       3
       8
       5
       9
      11
       4
       7
       3
       4
       3
      10
       6
       3
       3
       7
       2
      11
       8
       6
       7
       3
       5
       8
       3
       6
       4
       9
       4
       8
       4
       4
       7
       4
       7
       8
       5
       1
       9
       5
       3
       3
      10
       5
       5
       8
       6
       2
       4
       3
       2
       5
       7
       2
       4
       3
       3
       5
       2
       7
       7
       1
       1
       4
       6
       5
       1
       3
       7
       1
       2
       1
       2
       0
       2
       3
       4
       3
       4
       2
       5
       4
       4
       3
       3
       0
       1
       0
       3
       3
       5
       5
       5
       3
       8
       3
       3
       3
       4
       3
       1
       5
       7
       3
       7
       4
       6
       4
       4
       7
       3
       6
       6
       6
       6
       8
       6
       3
       9
       6
       8
       6
       7
       7
       8
       6
       5
       6
       7
       6
       5
       9
       4
       4
       6
       9
       6
       4
       1
       3
       3
       1
       1
       5
       4
       0
       2
       5
       2
       3
       1
       6
       7
       2
       4
       4
       2
       1
       4
       6
       3
       1
       2
       2
       2
       0
       3
       1
       1
       1
       1
       2
       3
       6
       0
       2
       2
       3
       0
       4
       2
       2
       4
       1
       2
       1
       2
       3
       1
       1
       4
       2
       0
       4
       4
       2
       2
       2
       4
       1
       3
       2
       1
       3
       1
       3
       1
       2
       1
       3
       1
       0
       1
       1
       0
       1
       2
       2
       2
       1
       2
       2
       2
       2
       0
       2
       0
       1
       1
       3
       1
       1
       0
       0
       2
       1
       1
       0
       3
       4
       0
       1
       0
       0
       1
       1
       2
       0
       0
       1
       0
       4
       2
       0
       1
       2
       0
       2
       1
       0
       3
       1
       2
       2
       1
       0
       1
       2
       2
       1
       0
       1
       2
       0
       2
       1
       3
       0
       2
       1
       1
       2
       0
       1
       1
       1
       4
       2
       0
       2
       2
       0
       1
       1
       3
       3
       2
       2
       1
       1
       1
       1
       0
       1
       1
       0
       3
       0
       1
       2
       2
       3
       2
       4
       1
       0
       2
       3
       2
       3
       2
       1
       1
       3
       2
       1
       0
       2
       0
       0
       0
       4
       3
       1
       0
       1
       3
       3
       0
       0
       1
       0
       1
       1
       1
       0
       0
       0
       1
       0
       1
       2
       1
       3
       0
       1
       3
       0
       0
       1
       1
       0
       1
       1
       4
       1
       2
       1
       2
       1
       0
       1
       0
       2
       0
       1
       1
       1
       1
       2
       1
       2
       1
       1
       0
       1
       5
       0
       4
       2
       0
       1
       0
       1
       1
       1
       0
       0
       0
       1
       2
       1
       1
       1
       0
       1
       1
       2
       0
       3
       0
       1
       0
       0
       1
       3
       3
       1
       0
       0
       0
       0
       1
       0
       1
       0
       0
       2
       0
       4
       0
       3
       1
       1
       2
       0
       2
       2
       0
       4
       0
       0
       0
       0
       2
       3
       0
       0
       3
       2
       1
       1
       1
       0
       0
       0
       1
       0
       1
       0
       1
       0
       0
       0
       0
       1
       0
       1
       0
       1
       2
       0
       0
       2
       0
       1
       1
       1
       1
       2
       0
       1
       0
       1
       0
       1
       0
       3
       0
       3
       0
       0
       2
       0
       0
       0
       1
       2
       0
       2
       0
       1
       0
       0
       0
       1
       1
       0
       0
       1
       1
       2
       0
       1
       0
       2
       0
       1
       0
       0
       1
       0
       3
       1
       0
       1
       1
       2
       1
       1
       1
       0
       0
       1
       2
       0
       2
       0
       0
       1
       2
       0
       2
       1
       0
       0
       2
       1
       0
       0
       0
       2
       0
       0
       1
       1
       1
       2
       0
       0
       1
       2
       0
       1
       2
       0
       0
       0
       0
       1
       3
       1
       1
       0
       2
       0
       0
       0
       0
       1
       0
       2
       1
       1
       0
       1
       1
       2
       2
       1
       0
       0
       0
       1
       1
       1
       0
       4
       2
       0
       3
       1
       1
       1
       0
       0
       2
       0
       1
       1
       0
       1
       1
       0
       2
       1
       0
       0
       0
       0
       1
       1
       1
       0
       0
       0
       0
       0
       1
       0
       2
       0
       2
       0
       1
       1
       1
       3
       1
       1
       0
       1
       1
       1
       0
       1
       0
       1
       0
       0
       0
       0
       1
       2
       0
       0
       0
       0
       1
       0
       2
       0
       0
       0
       1
       2
       1
       0
       1
       0
       0
       0
       0
       1
       1
       1
       2
       2
       0
       1
       1
       3
       0
       2
       0
       0
       1
       2
       0
       0
       1
       0
       1
       1
       0
       2
       3
       1
       1
       1
       1
       1
       2
       1
       1
       0
       2
       1
       2
       0
       0
       1
       0
       1
       1
       1
       0
       2
       0
       1
       2
       0
       3
       1
       1
       1
       0
       2
       0
       1
       0
       0
       0
       0
       1
       1
       0
       1
       0
       0
       0
       1
       1
       0
       1
       0
       1
       1
       0
       0
       1
       3
       0
       0
       0
       0
       0
       2
       1
       0
       1
       1
       0
       0
       0
       0
       2
       0
       0
       0
       1
       0
       0
       0
       0
       1
       0
       2
       2
       3
       1
       0
       0
       0
       0
       1
       0
       0
       1
       0
       0
       0
       1
       0
       1
       0
       0
       0
       0
       0
       1
       1
       1
       1
       0
       0
       0
       3
       0
       0
       1
       1
       1
       0
       1
       1
       2
       0
       1
       2
       1
       0
       0
       0
       0
       2
       2
       1
       0
       0
       1
       1
       0
       0
       2
       2
       3
       1
       2
       0
       1
       3
       1
       2
       2
       1
       0
       1
       1
       3
       0
       1
       0
       0
       1
       0
       0
       1
       1
       0
       2
       1
       1
       0
       2
       0
       2
       1
       3
       1
       1
       1
       0
       0
       1
       0
       2
       1
       1
       0
       0
       0
       0
       0
       1
       2
       1
       1
       1
       1
       2
       0
       2
       0
       4
       1
       0
       2
       2
       1
       0
       1
       1
       2
       0
       0
       0
       1
       0
       0
       2
       2
       0
       2
       3
       0
       0
       1
       0
       1
       1
       2
       1
       0
       3
       2
       1
       1
       1
       0
       0
       2
       1
       5
       0
       1
       0
       1
       1
       4
       3
       0
       2
       0
       0
       1
       1
       2
       1
       2
       0
       0
       1
       1
       1
       0
       3
       2
       3
       0
       0
       1
       2
       2
       1
       0
       1
       2
       1
       1
       1
       1
       1
       2
       0
       1
       0
       0
       0
       0
       1
       1
       1
       1
       1
       0
       1
       0
       1
       0
       1
       1
       1
       0
       0
       1
       0
       0
       0
       3
       3
       3
       0
       0
       2
       1
       1
       0
       0
       4
       0
       0
       0
       0
       1
       2
       2
       1
       2
       1
       0
       2
       0
       0
       0
       2
       1
       0
       0
       0
       0
       0
       0
       1
       3
       1
       1
       0
       0
       0
       2
       0
       0
       0
       2
       0
       0
       1
       0
       3
       2
       0
       1
       0
       0
       0
       2
       1
       0
       2
       2
       0
       1
       1
       0
       1
       1
       0
       0
       0
       3
       1
       0
       0
       0
       2
       1
       0
       2
       2
       0
       1
       2
       1
       0
       1
       0
       3
       2
       1
       0
       1
       0
       4
       2
       2
       3
       0
       2
       1
       1
       1
       2
       1
       3
       3
       2
       0
       2
       2
       1
       7
       2
       5
       4
       4
       3
       7
       9
       5
       3
       9
      10
      18
      32
      53
      40
      38
      15
       8
       4
       3
       3
       3
       2
       1
       3
       1
       1
       0
       1
       2
       2
       0
       0
       0
       1
       0
       1
       0
       0
       0
       0
       1
       0
       0
       0
       0
       0
       1
       0
       0
       0
       0
       0
       1
       1
       0
       0
       0
       0
       0
       0
       0
       0
       0
       0
       0
       0
       0
       0
       0
       0
       1
       0
       0
       0
       0
       0
       0
       0
       0
       0
       0
       0
       0
       0
       0
       0
       0
       0
       0
       0
       0
       0
       0
       0
       0
       0
       0
       0
       0
       0
       0
       0
       0
       0
       0
       0
       0
       0
       0
       0
       0
       0
       0
       0
       0
       0
       0
       0
       0
       0
       0
       0
       0
       0
       0
       0
       0
       0
       0
       0
       0
       0
       0
       0
       0
       0
       0
       0
       0
       0
       0
       0
       0
       0
       0
       0
       0
       0
       0
       0
       0
       0
       0
       0
       0
       0
       0
       0
       0
       0
       0
       0
       0
       0
       0
       0
       0
       0
       0
       0
       0
       0
       0
       0
       0
       0
       0
       0
       0
       0
       0
       0
       0
       0
       0
       0
       0
       0
       0
       0
       0
       0
       0
       0
       0
       0
       0
       0
       0
       0
       0
       0
       0
       0
       0
       0
       0
       0
       0
       0
       0
       0
       0
       0
       0
       0
       0
       0
       0
       0
       0
       0
       0
       0
       0
       0
       0
       0
       0
       0
       0
       0
       0
       0
       0
       0
       0
       0
       0
       0
       0
       0
       0
       0
       0
       0
       0
       0
       0
       0
       0
       0
       0
       0
       0
       0
       0
       0
       0
       0
       0
       0
       0
       0
       0
       0
       0
       0
       0
       0
       0
       0
       0
       0
       0
       0
       0
       0
       0
       0
       0
       0
       0
       0
       0
       0
       0
       0
       0
       0
       0
       0
       0
       0
       0
       0
       0
       0
       0
       0
       0
       0
       0
       0
       0
       0
       0
       0
       0
       0
       0
       0
       0
       0
       0
       0
       0
       0
       0
       0
       0
       0
       0
       0
       0
       0
       0
       0
       0
       0
       0
       0
       0
       0
       0
       0
       0
       0
       0
       0
       0
       0
       0
       0
       0
       0
       0
$ROI:
0
$PRESETS:
Live Time
300
0
$ENER_FIT:
0.000000 0.000000
$MCA_CAL:
3
0.000000E+000 0.000000E+000 0.000000E+000 
$SHAPE_CAL:
3
0.000000E+000 0.000000E+000 0.000000E+000
