$SPEC_ID:
No sample description was entered.
$SPEC_REM:
DET# 1
DETDESC# PHY-R11-37 MCB 129
AP# Maestro Version 7.01
$DATE_MEA:
11/22/2012 14:03:12
$MEAS_TIM:
900 919
$DATA:
0 2047
       0
       0
       1
       0
       0
       2
       0
       0
       1
       1
       2
       4
       1
       4
       0
       1
       1
       3
       2
       0
       0
       0
       0
       0
       0
       1
       0
       0
       0
       0
       0
       0
       1
       0
       2
       0
       0
       2
       4
       5
       2
       5
      13
      22
      24
     101
   60622
  123831
  120681
  119129
  117149
  109943
   97713
   79785
   60083
   42541
   28838
   19179
   13649
   10254
    8620
    7494
    7123
    6850
    6903
    6742
    6685
    6823
    6835
    6876
    7077
    7141
    7484
    7422
    7531
    7602
    7609
    7619
    7359
    7424
    7291
    7154
    7125
    7131
    7213
    7318
    7345
    7431
    7635
    7819
    7902
    8223
    8589
    8900
    9248
    9526
   10009
   10336
   10562
   10758
   10795
   10797
   10533
   10152
    9845
    9379
    8967
    8566
    8165
    8085
    7963
    7768
    7771
    7622
    7708
    7648
    7719
    7731
    7799
    7808
    7868
    7954
    7810
    8033
    7934
    7971
    8006
    7928
    7937
    7870
    7761
    7757
    7633
    7694
    7733
    7606
    7694
    7516
    7392
    7395
    7254
    7243
    7149
    7134
    7177
    6992
    7023
    6950
    6895
    6981
    6664
    6734
    6487
    6643
    6449
    6472
    6438
    6361
    6307
    6263
    6261
    6314
    6155
    6318
    6126
    5961
    6048
    6023
    5919
    5997
    5956
    5996
    5847
    5862
    5796
    5836
    5869
    5868
    5728
    5641
    5610
    5678
    5442
    5420
    5444
    5286
    5294
    5227
    5099
    4986
    4891
    4884
    4790
    4582
    4459
    4281
    4274
    4087
    4014
    3833
    3775
    3701
    3551
    3499
    3322
    3272
    3097
    3226
    3096
    3078
    3063
    3018
    2987
    2976
    2884
    2875
    2940
    2996
    3079
    3047
    2997
    3179
    3148
    3378
    3387
    3420
    3507
    3506
    3499
    3631
    3675
    3657
    3605
    3553
    3521
    3461
    3378
    3212
    3066
    3001
    2949
    2839
    2729
    2612
    2469
    2445
    2366
    2292
    2210
    2100
    2016
    2026
    2021
    2033
    1922
    1948
    1924
    1868
    1927
    1862
    1974
    1854
    1957
    1997
    1893
    2116
    2160
    2267
    2359
    2528
    2622
    2819
    3039
    3247
    3712
    4014
    4727
    5237
    5890
    6700
    7401
    8393
    9475
   10784
   11909
   13341
   14565
   16260
   17693
   19091
   20899
   22074
   23574
   24859
   26153
   26805
   27972
   28075
   28839
   28801
   28433
   28160
   27760
   26850
   25902
   24628
   23116
   21694
   20297
   18829
   17074
   15793
   14175
   12642
   11360
   10018
    8842
    7787
    6836
    5819
    5446
    4542
    3957
    3516
    3098
    2813
    2399
    2248
    2045
    1767
    1733
    1531
    1459
    1405
    1338
    1355
    1349
    1275
    1329
    1248
    1275
    1247
    1299
    1238
    1248
    1225
    1209
    1245
    1293
    1199
    1300
    1275
    1263
    1266
    1219
    1232
    1288
    1220
    1187
    1197
    1233
    1203
    1231
    1201
    1190
    1201
    1243
    1176
    1165
    1147
    1188
    1137
    1140
    1082
    1057
    1133
    1148
    1127
    1116
    1091
    1111
    1139
    1022
    1088
    1060
    1064
    1063
    1055
     989
    1069
    1095
    1090
    1043
    1014
    1010
    1058
    1026
    1071
    1045
    1007
    1009
    1034
     993
    1049
    1014
    1000
     993
     983
    1032
     995
    1037
    1005
     964
     986
     953
     972
     975
     983
     979
     965
     989
     993
    1010
     974
     947
     961
     926
     923
    1031
     905
     949
     911
     942
     952
     886
     940
     908
     951
     922
     878
     938
     939
     944
     925
     863
     945
     973
     943
     995
     971
     941
     961
     986
     988
     945
     994
     938
     976
     966
     974
     947
     990
    1015
    1012
     957
    1007
    1037
    1001
    1015
    1104
    1102
    1064
    1085
    1199
    1158
    1096
    1162
    1190
    1216
    1162
    1176
    1216
    1330
    1228
    1289
    1329
    1378
    1338
    1361
    1479
    1471
    1514
    1543
    1605
    1687
    1649
    1679
    1806
    1816
    1807
    1981
    1826
    1976
    2066
    2004
    2006
    2051
    2083
    2051
    2173
    2119
    2125
    2108
    2047
    2148
    2038
    2116
    2030
    2096
    1977
    1925
    1948
    1830
    1800
    1737
    1728
    1652
    1560
    1475
    1453
    1339
    1376
    1266
    1242
    1237
    1106
    1004
     988
     922
     840
     889
     857
     777
     724
     693
     709
     667
     603
     633
     569
     553
     564
     523
     509
     494
     494
     475
     413
     430
     391
     393
     360
     426
     379
     396
     355
     394
     338
     372
     355
     351
     284
     331
     323
     326
     325
     299
     299
     302
     310
     301
     278
     264
     294
     309
     268
     257
     268
     287
     277
     278
     277
     251
     263
     279
     259
     287
     278
     262
     298
     271
     310
     290
     285
     292
     337
     332
     343
     342
     390
     385
     373
     411
     452
     453
     509
     482
     567
     631
     602
     621
     750
     746
     870
     916
    1007
    1019
    1050
    1133
    1230
    1345
    1409
    1553
    1563
    1723
    1780
    1983
    2087
    2202
    2283
    2397
    2514
    2591
    2843
    2851
    3090
    3119
    3305
    3405
    3436
    3534
    3687
    3801
    3708
    3959
    3871
    4037
    4071
    4017
    4099
    4150
    4079
    4114
    4080
    4010
    3866
    3776
    3730
    3637
    3606
    3399
    3260
    3133
    3036
    2886
    2828
    2764
    2641
    2545
    2379
    2274
    2075
    2048
    1912
    1796
    1663
    1579
    1424
    1398
    1211
    1181
    1140
    1018
     980
     821
     838
     772
     726
     675
     611
     577
     537
     537
     483
     420
     430
     373
     382
     375
     329
     311
     345
     322
     277
     268
     260
     261
     232
     249
     248
     223
     217
     224
     193
     209
     187
     184
     207
     179
     201
     175
     184
     178
     167
     172
     180
     153
     159
     156
     158
     179
     164
     146
     149
     161
     149
     169
     127
     127
     163
     157
     156
     168
     155
     148
     142
     152
     155
     171
     178
     165
     156
     162
     145
     159
     190
     170
     137
     124
     152
     136
     155
     155
     152
     156
     164
     154
     141
     154
     155
     142
     148
     173
     147
     160
     126
     149
     136
     141
     148
     163
     165
     165
     140
     152
     176
     182
     147
     164
     149
     129
     148
     152
     152
     146
     143
     132
     154
     154
     147
     149
     145
     153
     172
     143
     186
     158
     164
     151
     136
     143
     202
     173
     162
     174
     162
     164
     157
     159
     153
     171
     129
     175
     148
     135
     193
     146
     178
     185
     165
     153
     163
     147
     174
     149
     172
     142
     155
     153
     152
     144
     158
     151
     146
     156
     162
     136
     152
     141
     149
     126
     147
     140
     140
     138
     130
     115
     112
     125
     124
     115
     117
     116
     127
     116
      96
      81
      95
     111
      94
      91
     120
     110
      95
      99
      84
      79
      96
      81
      90
      93
      75
      59
      84
      57
      65
      81
      77
      64
      81
      65
      75
      68
      70
      66
      74
      75
      67
      68
      61
      57
      65
      66
      72
      68
      68
      70
      56
      70
      67
      62
      75
      76
      60
      68
      76
      88
      82
      80
      89
      80
      70
      92
      97
      89
     100
      76
     119
     123
     111
     123
     117
     116
     131
     153
     111
     136
     154
     137
     131
     159
     158
     146
     130
     142
     129
     164
     142
     141
     145
     142
     151
     157
     149
     167
     173
     148
     148
     168
     158
     141
     123
     145
     114
     132
     124
     112
     125
     124
     115
     116
     126
     108
     111
     108
     106
     113
     100
      82
     120
      98
      82
      85
      86
     101
      76
      83
      91
     102
      94
      91
     102
      74
     106
      98
      89
     119
     104
     105
     114
     119
     104
     116
     134
     116
     119
     141
     127
     136
     139
     123
     159
     160
     177
     173
     162
     152
     173
     182
     178
     176
     170
     192
     175
     200
     189
     176
     164
     188
     199
     168
     152
     171
     157
     171
     162
     177
     157
     150
     131
     158
     155
     143
     161
     141
     150
     134
     150
     132
      96
     121
     108
      98
     106
     111
      95
      98
      91
      92
      82
      84
      66
      76
      67
      76
      58
      73
      67
      68
      46
      64
      44
      50
      49
      54
      39
      39
      28
      33
      36
      32
      31
      34
      45
      20
      24
      20
      30
      26
      19
      26
      31
      23
      25
      20
      22
      21
      14
      19
      19
      22
      21
      17
      11
      26
      20
      26
      19
      20
      19
      12
      18
      22
      28
      19
      15
      10
      15
      14
      12
      23
      23
      19
      22
      19
      24
      13
      15
      22
      27
      19
      25
      14
      26
      21
      26
      18
      23
      20
      20
      25
      17
      26
      19
      21
      22
      26
      18
      32
      18
      16
      19
      22
      22
      25
      19
      21
      22
      17
      28
      16
      22
      24
      16
      20
      17
      20
      25
      21
      21
      18
      17
      15
      21
      25
      20
      19
      26
       9
      16
      14
      20
      22
      26
      19
      12
      16
      12
      22
       9
      14
      13
      18
      12
      22
      20
      13
      16
      18
      18
      21
      10
      12
      11
      12
      13
      17
      19
      15
      11
      13
      17
      11
      11
      12
      15
      10
      15
      14
      19
      12
      22
      15
      12
      14
      12
      14
       6
      15
      12
       8
      11
      16
      11
      14
      14
      14
      14
      13
      14
      11
       9
      11
      14
       9
      16
      14
       7
      10
      13
      16
      14
      11
      13
      11
      16
       8
      13
       6
      14
       6
      12
      23
      10
       8
       9
      10
      14
      11
      14
       8
       8
      13
      11
      13
      15
      11
      19
      15
       9
      13
      12
      19
      13
      12
      10
       9
       6
      13
      21
      14
       9
      17
       6
      17
       9
       4
       7
      10
      11
      10
      14
       5
      12
      13
       9
       9
      12
      16
      14
      10
      19
      14
       9
      14
      10
      13
      11
      12
      14
       7
      11
       7
      10
       6
       4
      13
       9
       7
       9
       5
       8
      13
       7
       9
       4
      10
       9
       7
      15
       3
       7
       4
       7
       7
       6
      11
       5
      10
      12
      13
       7
       4
      13
      11
       9
       4
       8
      12
       7
       9
       7
       8
      12
      12
       7
       5
       4
       6
      12
       8
      10
       7
      11
      10
       6
       9
      11
       6
      13
      13
       6
       8
       7
       3
       6
       6
      12
       3
       3
       9
       6
       6
       4
       8
      10
       4
       6
       8
       5
       2
       8
       4
       7
       6
       6
      10
       7
       7
      10
      10
       9
       7
       6
       7
      12
       8
      13
       8
      11
      12
      13
      16
       5
      13
      12
       8
       9
      11
      14
      10
      12
      10
      10
      13
      16
      14
      13
      16
      13
      20
      13
       8
       9
      18
      15
       6
      15
      12
      10
      17
      18
      20
      18
      17
      16
      18
      26
      16
      15
      17
      15
      19
      15
      17
      20
      22
      15
       9
      12
      16
      11
      15
      18
      15
      14
      10
      11
      10
      18
      15
      15
      13
      19
      18
      11
      13
      10
      14
      14
       9
       9
      15
      11
      17
      12
      12
       7
      17
      12
      11
      12
       6
      11
       8
      12
      14
       6
       8
       8
       7
       6
       9
      10
       7
      11
       9
      18
      14
      11
       9
       9
       5
       6
      10
       6
      10
      11
       9
      15
      12
       6
       7
       9
      11
       6
       5
      14
       9
      11
       6
       7
      12
       8
      10
       7
      11
       8
      11
      12
       5
      10
       5
       8
       8
       6
       6
       7
       5
       7
       7
      11
      10
       9
       7
       6
      10
       7
       5
      10
       9
       6
      10
      10
       3
       4
       8
       4
       3
       6
       7
       7
       6
       3
       4
       6
       4
       7
       9
       4
       2
       8
       7
       7
       4
       6
       4
       4
       4
       5
       4
       6
       7
       7
       5
       7
       3
       3
       7
       9
       6
       2
       3
       6
       5
       3
       3
       4
       7
       6
       3
       1
       5
       8
       1
       7
       4
       4
       1
       5
       4
       6
       8
       6
       7
       5
       2
       3
       4
       3
       7
       2
       4
       5
       7
       9
       4
       4
       5
       3
       4
       4
       4
       6
       9
       3
       5
       6
      11
       3
       3
       5
       8
       3
       2
       4
       6
       5
       5
       5
       6
       3
       5
       1
       5
       5
       4
       2
       6
       3
       6
       7
       3
       7
       6
       6
       7
       2
       1
       2
       6
       3
       8
       3
       5
       5
       7
       5
       4
       3
       2
       2
       6
       4
       2
       3
       4
       5
       3
       6
       5
       2
       5
       6
       3
       1
       5
       3
       3
       1
       2
       2
       8
       7
       5
       5
       3
       4
       5
       3
       4
       7
       5
       4
       8
       3
       1
       1
       6
       3
       7
       5
       5
       7
       3
       3
       6
       4
       2
       1
       3
       2
       2
       8
       7
       3
       5
       7
       7
       2
       4
       7
       4
       3
       2
       3
       1
       3
       1
       4
       8
       0
       2
       1
       5
       4
       2
      10
       6
       4
       4
       4
       6
       6
       5
       4
       8
       5
       5
       6
       7
      12
       3
       6
       8
       4
       5
       7
       8
       7
       4
       6
       2
       6
       7
      11
       3
       5
       7
       8
       4
       3
       5
       5
       2
       6
       6
       6
       4
       7
       8
       6
       8
       3
       6
      10
       1
       7
       5
       4
       5
       1
       6
       4
       4
       6
       3
       5
       7
       3
       5
       5
       7
       3
       4
       4
       6
       2
       4
       7
       7
       5
       1
       5
       4
       3
       4
       4
       3
       1
       5
       4
       7
       5
       1
       6
       3
       0
       3
       4
       5
       1
       2
       4
       7
       8
       2
       3
       2
       1
       3
       2
       3
       3
       0
       2
       0
       0
       0
       0
       0
       0
       0
       0
       0
       0
       0
       0
       0
       0
       0
       0
       0
       0
       0
       0
       0
       0
       0
       0
       0
       0
       0
       0
       0
       0
       0
       0
       1
       0
       0
       0
       0
       0
       0
       0
       0
       0
       0
       0
       0
       0
       0
       0
       0
       0
       0
       0
       0
       0
       0
       0
       0
       0
       0
       0
       0
       0
       0
       0
       0
       0
       0
       0
       0
       0
       0
       0
       0
       0
       0
       0
       0
       0
       0
       0
       0
       0
       0
       0
       0
       0
       0
       0
       0
       0
       0
       0
       0
       0
       0
       0
       0
       0
       0
       0
       0
       0
       0
       0
       0
       0
       0
       0
       0
       0
       0
       0
       0
       0
       0
       0
       0
       0
       0
       0
       0
       0
       0
       0
       0
       0
       0
       0
       0
       0
       0
       0
       0
       0
       0
       0
       0
       0
       0
       0
       0
       0
       0
       0
       0
       0
       0
       0
       0
       0
       0
       0
$ROI:
0
$PRESETS:
Live Time
900
0
$ENER_FIT:
0.000000 0.000000
$MCA_CAL:
3
0.000000E+000 0.000000E+000 0.000000E+000 
$SHAPE_CAL:
3
0.000000E+000 0.000000E+000 0.000000E+000
