$SPEC_ID:
No sample description was entered.
$SPEC_REM:
DET# 1
DETDESC# PHY-R11-37 MCB 129
AP# Maestro Version 7.01
$DATE_MEA:
11/15/2012 17:14:32
$MEAS_TIM:
300 305
$DATA:
0 2047
       0
       0
       0
       0
       0
       0
       0
       0
       0
       0
       0
       0
       0
       0
       0
       0
       0
       0
       0
       0
       0
       0
       0
       0
       0
       0
       0
       0
       0
       0
       0
       0
       0
       0
       0
       0
       0
       0
       0
       0
       0
       0
       0
       0
       0
       0
       0
       0
     726
    2580
    2658
    2726
    2653
    2614
    2502
    2623
    2610
    2767
    2678
    2647
    2623
    2470
    2455
    2477
    2487
    2366
    2331
    2256
    2098
    2205
    2048
    2075
    2023
    1992
    1996
    1834
    1914
    1842
    1774
    1762
    1706
    1663
    1616
    1603
    1570
    1472
    1398
    1416
    1427
    1376
    1382
    1314
    1309
    1310
    1349
    1287
    1232
    1204
    1164
    1168
    1137
    1162
    1163
    1130
    1082
    1095
    1101
    1099
    1071
    1059
     982
     980
     962
     932
     825
     830
     841
     792
     749
     731
     745
     696
     746
     709
     685
     674
     695
     650
     729
     712
     719
     703
     728
     757
     742
     726
     749
     715
     630
     679
     647
     548
     597
     510
     483
     519
     502
     484
     505
     441
     481
     467
     468
     467
     499
     469
     509
     566
     569
     629
     684
     891
     981
    1221
    1424
    1620
    2091
    2523
    2729
    3174
    3542
    3996
    4100
    4370
    4458
    4378
    4286
    4045
    3830
    3359
    3017
    2649
    2171
    1905
    1597
    1329
    1033
     851
     703
     620
     482
     467
     333
     400
     361
     378
     322
     334
     300
     313
     304
     290
     303
     320
     292
     269
     285
     304
     257
     305
     294
     280
     278
     269
     265
     289
     262
     259
     226
     257
     231
     224
     264
     247
     226
     239
     255
     209
     213
     241
     226
     232
     199
     221
     213
     208
     201
     207
     208
     240
     232
     172
     197
     194
     183
     180
     200
     200
     190
     190
     186
     200
     198
     163
     206
     181
     169
     173
     188
     199
     170
     185
     203
     156
     164
     159
     187
     193
     203
     196
     200
     195
     165
     196
     184
     197
     210
     205
     240
     204
     208
     219
     224
     236
     228
     252
     250
     250
     258
     264
     302
     289
     293
     326
     317
     312
     329
     317
     334
     334
     352
     345
     342
     324
     353
     286
     286
     293
     239
     257
     264
     207
     199
     184
     200
     160
     136
     134
     140
     112
      98
     123
     104
      98
     106
      95
      94
      82
     101
      74
      61
      99
      75
      74
      72
      59
      82
      69
      62
      78
      66
      54
      55
      67
      68
      77
      67
      61
      71
      48
      72
      64
      61
      64
      63
      68
      72
      85
      78
      93
     104
     115
     112
     119
     130
     169
     157
     205
     210
     232
     249
     300
     324
     303
     381
     399
     412
     470
     513
     572
     533
     538
     604
     595
     642
     620
     624
     687
     639
     557
     591
     615
     557
     528
     470
     444
     402
     361
     348
     307
     299
     281
     234
     189
     184
     172
     153
     121
     129
     116
      89
      91
      81
      75
      67
      61
      65
      51
      42
      43
      42
      51
      27
      38
      31
      34
      37
      33
      39
      43
      34
      31
      44
      38
      35
      40
      30
      48
      26
      32
      35
      23
      37
      31
      38
      30
      36
      26
      33
      28
      28
      28
      33
      33
      31
      27
      21
      27
      30
      31
      29
      24
      38
      27
      28
      40
      23
      26
      28
      33
      36
      39
      30
      37
      36
      39
      30
      53
      39
      39
      58
      54
      51
      45
      57
      47
      49
      55
      55
      58
      54
      52
      37
      51
      46
      44
      33
      31
      40
      39
      36
      21
      38
      45
      36
      29
      27
      30
      32
      28
      27
      20
      18
      28
      20
      18
      25
      16
      21
      22
      23
      19
       9
      18
      15
      17
      14
      17
      27
      19
      21
      21
      13
      21
      12
      21
      12
      18
      10
      11
      16
      10
      12
      11
       8
      13
      11
      13
      13
      18
      15
      17
      19
      16
      16
      11
      13
      20
      18
      19
      19
      12
      15
      18
      12
       9
      10
      22
      12
       9
      20
      10
       8
      18
      14
      15
      15
      17
      16
      18
      10
      11
      13
      22
      14
      14
      17
      11
      29
      25
      15
      19
      24
      21
      27
      25
      31
      20
      20
      22
      34
      32
      26
      35
      36
      38
      26
      34
      36
      38
      33
      32
      22
      31
      29
      28
      31
      23
      22
      25
      26
      17
      17
      17
      20
      20
      24
      22
       5
      15
      16
      17
      20
      11
      10
       7
      10
      12
       8
       7
       8
       8
      11
       2
       5
       5
       2
       4
       5
       4
       3
       3
       8
       3
       3
       6
       7
       6
       5
      11
      10
       8
       5
       8
       9
       3
      10
       5
       7
       4
       7
       9
       6
       6
       5
       5
       6
       2
       5
       5
       5
       7
       9
       6
       1
       7
       7
       6
       5
       5
       6
       2
       5
      10
       5
       9
       8
       7
       9
       4
      13
      10
       2
       9
       7
       7
       9
      10
       6
       9
       7
       9
       8
       6
      11
      13
       4
       4
       7
      11
       7
       4
       8
       5
      11
      12
      13
       8
       9
       9
       8
      10
       8
      14
       9
      15
      14
       5
       4
       1
       0
       9
       7
       7
       4
       3
       2
       4
       8
       5
       2
       4
       4
       4
       2
       4
       5
       3
       4
       3
       3
       7
       2
       3
       4
       1
       3
       2
       2
       5
       5
       5
       6
       4
       4
       9
       3
       4
       0
       5
       1
       2
       5
       0
       3
       3
       2
       5
       7
       3
       2
       7
       0
       2
       2
       3
       0
       2
       5
       3
       2
       2
       2
       2
       2
       5
       4
       1
       2
       2
       2
       3
       4
       3
       3
       2
       5
       0
       1
       2
       1
       0
       1
       3
       0
       4
       5
       4
       1
       1
       1
       5
       4
       2
       3
       3
       4
       5
       4
       4
       4
       3
       6
       8
       9
       5
       4
       4
       5
       4
       8
       3
      10
       7
       5
       8
       8
       8
       4
       5
       6
       8
       8
       5
       4
       6
       5
       4
       3
       4
       5
       4
       3
       4
       5
       7
       5
       6
       4
       5
       5
       2
       4
       9
       4
       5
       3
       5
       6
       2
       7
       2
       1
       3
       5
       1
       2
       2
       3
       3
       2
       3
       2
       2
       1
       1
       1
       1
       1
       0
       1
       2
       0
       2
       4
       1
       3
       2
       3
       0
       1
       3
       3
       3
       3
       2
       1
       1
       1
       2
       1
       1
       0
       1
       3
       0
       1
       1
       3
       2
       2
       2
       2
       1
       1
       2
       0
       1
       2
       0
       2
       1
       3
       3
       0
       0
       0
       2
       0
       0
       1
       1
       5
       1
       2
       0
       1
       1
       0
       0
       1
       2
       0
       0
       2
       1
       2
       1
       1
       0
       0
       1
       0
       1
       1
       1
       3
       1
       0
       1
       3
       0
       2
       1
       1
       1
       1
       0
       1
       1
       2
       2
       0
       1
       0
       1
       3
       3
       1
       0
       2
       1
       0
       0
       0
       0
       1
       1
       2
       0
       2
       1
       0
       1
       1
       1
       0
       1
       3
       0
       0
       3
       0
       1
       2
       1
       2
       1
       1
       2
       0
       2
       1
       1
       3
       1
       0
       0
       0
       0
       0
       3
       3
       1
       1
       2
       0
       1
       0
       3
       1
       0
       2
       4
       3
       1
       0
       0
       0
       2
       1
       2
       1
       2
       1
       2
       0
       0
       0
       1
       1
       3
       2
       3
       1
       1
       1
       0
       0
       1
       1
       1
       1
       1
       1
       4
       1
       2
       2
       2
       2
       1
       0
       1
       1
       1
       2
       1
       3
       3
       0
       1
       1
       0
       0
       1
       2
       2
       3
       0
       0
       1
       3
       1
       2
       1
       0
       0
       1
       0
       0
       0
       3
       2
       2
       0
       2
       1
       2
       1
       0
       0
       0
       1
       0
       0
       3
       0
       0
       0
       1
       1
       2
       1
       3
       0
       0
       0
       0
       1
       1
       0
       1
       0
       0
       1
       2
       2
       2
       1
       2
       0
       2
       1
       1
       1
       1
       0
       1
       1
       1
       1
       0
       3
       1
       0
       1
       1
       2
       0
       0
       1
       0
       0
       0
       2
       0
       1
       1
       0
       2
       2
       0
       2
       0
       2
       2
       3
       0
       0
       1
       0
       1
       0
       0
       2
       0
       1
       0
       1
       1
       2
       0
       1
       0
       1
       0
       1
       1
       1
       0
       1
       0
       2
       1
       0
       0
       1
       1
       0
       1
       0
       0
       4
       2
       0
       1
       1
       1
       1
       2
       0
       0
       0
       0
       2
       1
       0
       3
       2
       0
       0
       1
       0
       2
       1
       2
       0
       0
       3
       0
       0
       1
       2
       1
       1
       1
       2
       0
       1
       0
       1
       0
       0
       0
       0
       1
       1
       1
       0
       1
       1
       1
       2
       0
       0
       2
       1
       1
       0
       1
       1
       0
       1
       1
       2
       1
       0
       0
       1
       1
       2
       0
       0
       1
       1
       1
       1
       0
       1
       0
       0
       3
       1
       0
       0
       0
       0
       1
       1
       0
       1
       3
       2
       0
       0
       0
       1
       2
       1
       1
       1
       1
       1
       1
       3
       0
       0
       0
       0
       2
       1
       2
       0
       1
       0
       0
       2
       0
       1
       0
       1
       0
       0
       0
       0
       0
       1
       1
       1
       1
       0
       2
       1
       1
       0
       2
       0
       2
       0
       0
       0
       0
       0
       1
       0
       1
       0
       0
       0
       0
       0
       1
       1
       1
       0
       0
       1
       1
       0
       1
       2
       1
       0
       1
       0
       1
       1
       1
       3
       0
       2
       1
       0
       0
       1
       0
       0
       0
       0
       0
       0
       3
       0
       2
       0
       1
       1
       0
       1
       1
       0
       0
       0
       0
       0
       1
       2
       0
       1
       2
       0
       0
       0
       0
       1
       1
       1
       1
       2
       0
       1
       0
       0
       0
       0
       0
       0
       0
       1
       0
       0
       0
       0
       1
       0
       1
       0
       0
       0
       1
       2
       0
       0
       0
       1
       0
       0
       0
       0
       1
       0
       0
       0
       0
       2
       1
       1
       1
       0
       0
       0
       0
       2
       1
       1
       1
       1
       0
       0
       4
       0
       1
       0
       2
       0
       0
       0
       1
       2
       0
       0
       0
       0
       0
       1
       0
       0
       0
       2
       0
       0
       1
       2
       1
       0
       0
       0
       2
       0
       0
       1
       0
       0
       0
       1
       2
       0
       0
       0
       0
       1
       1
       1
       0
       0
       1
       0
       0
       1
       0
       0
       2
       0
       1
       1
       0
       0
       0
       1
       0
       0
       1
       0
       1
       1
       0
       0
       3
       2
       2
       1
       1
       1
       2
       0
       0
       0
       1
       0
       0
       0
       1
       0
       0
       2
       0
       2
       0
       0
       0
       0
       0
       0
       0
       0
       2
       0
       0
       0
       1
       1
       0
       0
       0
       1
       2
       0
       1
       0
       0
       0
       0
       2
       0
       0
       1
       0
       0
       0
       0
       0
       1
       0
       0
       0
       0
       0
       0
       2
       2
       1
       0
       1
       0
       2
       2
       0
       0
       0
       0
       2
       1
       0
       1
       0
       2
       1
       1
       1
       0
       0
       1
       1
       2
       2
       1
       1
       2
       1
       0
       0
       0
       0
       1
       1
       1
       0
       0
       1
       4
       0
       2
       0
       1
       1
       2
       1
       1
       2
       0
       1
       1
       2
       1
       0
       0
       1
       1
       2
       2
       1
       1
       0
       0
       0
       0
       0
       2
       1
       0
       0
       0
       1
       1
       3
       0
       2
       0
       1
       0
       0
       2
       1
       0
       2
       2
       3
       2
       2
       0
       0
       1
       1
       1
       0
       1
       0
       3
       1
       1
       0
       5
       0
       1
       4
       0
       2
       2
       1
       0
       0
       1
       0
       0
       0
       2
       0
       2
       2
       1
       1
       1
       1
       1
       2
       1
       1
       2
       1
       1
       1
       2
       2
       2
       3
       1
       3
       2
       3
       1
       2
       1
       2
       1
       1
       1
       3
       2
       1
       1
       1
       1
       0
       4
       3
       1
       1
       0
       2
       0
       0
       0
       4
       0
       0
       1
       6
       1
       1
       1
       1
       1
       1
       3
       0
       2
       0
       2
       2
       0
       4
       1
       0
       2
       0
       0
       1
       0
       0
       1
       2
       1
       0
       0
       1
       3
       0
       3
       1
       1
       0
       1
       0
       2
       2
       1
       1
       2
       1
       0
       2
       3
       2
       2
       0
       4
       0
       1
       2
       2
       3
       0
       0
       0
       1
       2
       2
       0
       1
       1
       1
       3
       1
       0
       0
       1
       1
       2
       1
       0
       0
       1
       3
       0
       4
       1
       0
       1
       2
       2
       3
       4
       3
       2
       2
       2
       2
       6
       4
       6
       5
       8
      17
      30
      64
      56
      42
      31
       6
       6
       1
       1
       2
       0
       1
       0
       1
       1
       0
       0
       1
       0
       0
       0
       0
       0
       1
       0
       1
       0
       0
       0
       0
       0
       0
       0
       0
       0
       1
       0
       0
       0
       0
       0
       0
       0
       0
       0
       0
       0
       0
       0
       0
       0
       0
       0
       0
       0
       1
       0
       0
       0
       0
       0
       0
       0
       0
       0
       0
       0
       0
       0
       0
       0
       0
       0
       0
       0
       0
       0
       0
       0
       0
       0
       0
       0
       0
       0
       0
       0
       0
       0
       0
       0
       0
       0
       0
       0
       0
       0
       0
       0
       0
       0
       0
       0
       0
       0
       0
       0
       0
       0
       0
       0
       0
       0
       0
       0
       0
       0
       0
       0
       0
       0
       0
       0
       0
       0
       0
       0
       0
       0
       0
       0
       0
       0
       0
       0
       0
       0
       0
       0
       0
       0
       0
       0
       0
       0
       0
       0
       0
       0
       0
       0
       0
       0
       0
$ROI:
0
$PRESETS:
Live Time
300
0
$ENER_FIT:
0.000000 0.000000
$MCA_CAL:
3
0.000000E+000 0.000000E+000 0.000000E+000 
$SHAPE_CAL:
3
0.000000E+000 0.000000E+000 0.000000E+000
