$SPEC_ID:
No sample description was entered.
$SPEC_REM:
DET# 1
DETDESC# PHY-R11-37 MCB 129
AP# Maestro Version 7.01
$DATE_MEA:
11/20/2012 16:36:19
$MEAS_TIM:
2500 2579
$DATA:
0 2047
       0
       0
       0
       0
       1
       0
       0
       0
       0
       0
       0
       1
       1
       0
       0
       0
       0
       2
       0
       2
       0
       1
       1
       0
       1
       0
       1
       2
       0
       3
       2
       1
       2
       0
       4
       5
       8
       6
       8
      12
      23
      32
      53
      94
     151
     626
   59115
  117619
  116698
  115670
  113842
  110810
  108710
  106673
  104916
  102190
  100840
   99056
   96532
   94360
   93272
   91567
   89781
   87736
   85405
   83211
   81496
   79549
   77300
   75735
   73886
   72420
   71187
   70092
   68613
   68267
   67229
   65914
   65364
   63870
   62708
   61337
   60366
   59819
   57959
   57476
   56275
   56041
   55289
   54458
   53653
   52756
   52071
   51589
   51056
   50249
   49675
   49303
   49236
   48130
   48021
   47417
   47496
   46774
   46856
   46968
   45971
   45966
   45415
   45911
   45427
   45413
   45559
   44954
   44800
   44422
   43928
   43597
   43285
   42394
   41652
   41005
   40547
   39667
   39174
   38160
   37354
   36846
   35943
   35579
   34418
   34319
   33546
   32956
   32327
   31806
   31436
   31078
   30469
   30008
   29404
   29507
   28881
   28594
   28249
   27847
   27690
   27486
   26935
   26591
   25954
   25748
   25399
   24671
   24460
   24195
   24134
   23750
   23432
   23099
   23029
   22501
   22496
   22337
   21927
   21666
   21711
   21021
   21093
   20887
   20578
   20622
   20317
   20211
   20084
   19938
   19761
   19548
   19521
   19402
   19208
   19136
   18824
   18775
   18505
   18431
   18274
   18198
   17899
   18088
   17726
   17570
   17422
   16989
   17114
   17188
   17191
   16761
   16438
   16564
   16432
   16300
   16362
   16151
   16060
   16005
   15810
   16014
   15861
   15950
   15693
   15475
   15532
   15479
   15311
   15062
   14919
   14920
   14786
   14895
   14582
   14434
   14337
   14035
   14044
   14068
   13902
   13896
   13501
   13773
   13445
   13518
   13121
   13127
   12971
   13044
   12841
   12582
   12681
   12679
   12936
   12553
   12317
   12631
   12312
   12296
   12170
   12321
   12272
   12082
   11947
   11736
   11947
   12064
   11821
   11756
   11730
   11672
   11710
   11640
   11759
   11594
   11402
   11212
   11148
   11330
   11215
   11025
   11171
   10729
   10678
   10860
   10583
   10636
   10451
   10456
   10426
   10479
   10267
   10159
   10403
   10290
   10393
   10446
   10197
   10314
   10592
   10744
   10466
   10675
   10926
   10993
   11107
   11372
   11442
   11558
   11534
   11854
   11961
   11918
   11988
   11836
   11938
   11873
   11973
   11584
   11677
   11598
   11198
   11023
   11023
   10853
   10333
   10183
    9959
    9803
    9711
    9315
    9129
    8907
    8848
    8530
    8204
    8245
    7832
    7951
    7920
    7711
    7345
    7473
    7299
    7355
    7276
    6978
    7235
    7180
    7121
    7048
    7035
    7047
    6831
    6836
    6834
    6706
    6763
    6830
    6815
    6902
    6727
    6814
    6876
    6863
    6823
    6949
    6935
    6946
    7123
    7003
    7299
    7178
    7568
    7601
    7762
    7877
    8323
    8433
    8747
    8991
    9320
    9816
   10106
   10623
   10902
   11517
   11796
   12566
   12931
   13473
   13773
   14377
   14721
   15348
   15899
   16330
   16734
   16929
   16899
   16921
   17121
   17134
   16900
   16709
   16538
   16435
   16002
   15397
   15229
   14303
   13956
   13264
   12831
   12149
   11301
   10648
   10063
    9487
    8906
    8476
    7716
    7351
    6933
    6356
    6079
    5566
    5253
    5000
    4712
    4363
    4275
    4000
    3753
    3715
    3469
    3457
    3408
    3231
    3137
    3039
    2924
    2975
    3004
    2923
    2857
    2841
    2858
    2665
    2860
    2833
    2751
    2663
    2862
    2746
    2717
    2708
    2737
    2606
    2670
    2735
    2704
    2645
    2660
    2630
    2568
    2738
    2591
    2624
    2634
    2624
    2614
    2617
    2457
    2537
    2526
    2591
    2499
    2500
    2491
    2551
    2530
    2514
    2502
    2514
    2501
    2461
    2506
    2542
    2531
    2550
    2441
    2529
    2482
    2445
    2481
    2397
    2506
    2561
    2433
    2515
    2419
    2385
    2450
    2345
    2355
    2402
    2378
    2371
    2395
    2362
    2380
    2321
    2316
    2366
    2354
    2331
    2350
    2283
    2385
    2318
    2345
    2325
    2263
    2321
    2439
    2223
    2374
    2287
    2373
    2322
    2308
    2246
    2226
    2248
    2282
    2206
    2160
    2230
    2219
    2247
    2206
    2183
    2174
    2169
    2171
    2198
    2192
    2155
    2201
    2163
    2081
    2187
    2214
    2232
    2153
    2149
    2157
    2100
    2134
    2045
    2058
    1986
    2040
    2050
    1999
    2084
    2069
    2020
    2029
    2038
    2002
    1951
    2039
    2053
    1927
    2052
    1997
    1924
    2044
    2010
    1948
    1929
    1978
    1910
    1958
    1899
    1905
    1889
    1930
    1882
    1899
    1909
    1943
    1872
    1896
    1906
    1817
    1825
    1901
    1981
    1814
    1809
    1850
    1837
    1794
    1738
    1849
    1728
    1797
    1789
    1855
    1871
    1835
    1793
    1790
    1762
    1739
    1819
    1766
    1799
    1760
    1805
    1778
    1746
    1758
    1770
    1806
    1768
    1697
    1697
    1811
    1649
    1767
    1788
    1738
    1755
    1814
    1766
    1768
    1699
    1812
    1774
    1836
    1784
    1841
    1843
    1823
    1719
    1837
    1798
    1904
    1822
    1748
    1918
    1825
    1950
    1896
    1858
    1892
    1830
    1978
    1991
    1973
    2026
    2031
    2052
    2028
    2096
    2147
    2051
    2233
    2182
    2039
    2231
    2288
    2203
    2344
    2304
    2365
    2347
    2357
    2369
    2359
    2426
    2394
    2380
    2417
    2423
    2365
    2478
    2420
    2359
    2263
    2305
    2337
    2286
    2314
    2279
    2265
    2222
    2136
    2181
    2148
    2101
    2063
    1952
    1997
    1913
    1879
    2040
    1906
    1806
    1867
    1751
    1802
    1810
    1649
    1669
    1635
    1579
    1568
    1494
    1503
    1525
    1487
    1467
    1519
    1469
    1459
    1463
    1471
    1502
    1428
    1378
    1430
    1425
    1492
    1487
    1453
    1476
    1385
    1441
    1490
    1535
    1436
    1526
    1467
    1490
    1582
    1576
    1559
    1598
    1499
    1547
    1539
    1590
    1624
    1681
    1676
    1758
    1775
    1802
    1786
    1768
    1782
    1818
    1740
    1861
    1841
    1883
    1797
    1868
    1881
    1835
    1841
    1918
    1907
    1885
    1975
    1838
    1847
    1885
    1844
    1832
    1839
    1912
    1890
    1758
    1811
    1729
    1722
    1721
    1747
    1741
    1664
    1616
    1633
    1600
    1652
    1561
    1562
    1519
    1497
    1502
    1337
    1428
    1465
    1438
    1344
    1340
    1360
    1306
    1284
    1304
    1325
    1227
    1286
    1213
    1205
    1265
    1208
    1271
    1220
    1189
    1214
    1216
    1137
    1158
    1149
    1191
    1124
    1165
    1148
    1161
    1141
    1144
    1171
    1240
    1218
    1155
    1167
    1165
    1198
    1205
    1259
    1144
    1173
    1194
    1212
    1199
    1145
    1193
    1208
    1231
    1188
    1139
    1119
    1199
    1151
    1159
    1170
    1087
    1150
    1132
    1154
    1106
    1143
    1139
    1171
    1116
    1101
    1061
    1073
    1050
    1045
    1061
    1102
     996
    1035
     996
    1000
     959
    1008
    1034
    1004
    1014
     990
     953
     954
    1002
    1005
     909
     930
     975
     938
     900
     919
     972
     931
     925
     938
     968
     906
     849
     881
     898
     912
     903
     905
     918
     946
     910
     900
     938
     891
     894
     932
     879
     897
     916
     898
     890
     909
     920
     903
     920
     900
     910
     900
     903
     893
     856
     940
     870
     905
     945
     865
     869
     872
     870
     889
     886
     921
     908
     898
     858
     892
     941
     943
     884
     957
     939
     928
     858
     955
     960
     943
     873
     925
     977
     977
     968
     964
     946
     952
     966
     974
     931
     937
    1032
     993
    1007
    1027
     995
    1013
     965
    1013
    1033
    1063
    1008
    1028
    1004
    1006
    1064
    1096
    1032
    1060
    1126
    1064
    1071
    1152
    1077
    1121
    1170
    1127
    1112
    1105
    1129
    1068
    1118
    1069
    1108
    1102
    1056
    1022
    1135
    1084
    1084
    1078
    1037
    1126
    1060
    1050
    1063
    1093
    1061
    1037
    1095
    1032
    1095
    1054
    1000
     991
    1016
    1023
    1034
    1007
    1013
     970
     979
    1021
     949
     961
    1009
     993
     871
     980
     993
     965
     983
     930
     924
     912
     989
     915
     898
     940
     999
     913
     914
     872
     921
     937
     918
     924
     937
     904
     861
     899
     869
     933
     920
     922
     933
     890
     911
     910
     853
     884
     892
     907
     925
     890
     909
     914
     879
     877
     832
     867
     865
     896
     855
     921
     884
     907
     867
     833
     888
     843
     914
     903
     906
     916
     897
     854
     892
     854
     878
     885
     842
     839
     888
     886
     856
     863
     901
     865
     843
     862
     853
     834
     890
     788
     800
     809
     818
     822
     830
     777
     820
     803
     798
     747
     772
     781
     770
     782
     794
     755
     728
     771
     753
     687
     738
     718
     734
     685
     657
     707
     653
     683
     678
     647
     621
     665
     667
     577
     621
     653
     644
     624
     626
     615
     583
     557
     564
     570
     579
     615
     538
     548
     526
     559
     533
     528
     526
     540
     554
     514
     564
     560
     502
     500
     497
     474
     499
     513
     484
     486
     505
     471
     462
     505
     493
     492
     512
     456
     478
     479
     468
     466
     451
     471
     431
     472
     473
     469
     461
     416
     477
     446
     447
     510
     467
     487
     429
     493
     484
     483
     472
     476
     469
     472
     514
     523
     490
     518
     557
     511
     526
     557
     602
     599
     573
     650
     606
     627
     645
     613
     684
     762
     704
     793
     794
     784
     835
     869
     851
     882
     921
     935
     906
    1016
    1049
    1094
    1080
    1050
    1149
    1144
    1163
    1232
    1282
    1348
    1371
    1372
    1367
    1412
    1392
    1433
    1461
    1554
    1539
    1607
    1625
    1605
    1640
    1690
    1720
    1683
    1686
    1768
    1758
    1751
    1734
    1730
    1783
    1793
    1771
    1767
    1740
    1751
    1708
    1759
    1694
    1593
    1690
    1647
    1598
    1627
    1586
    1514
    1587
    1520
    1481
    1428
    1536
    1352
    1358
    1360
    1332
    1280
    1216
    1282
    1253
    1177
    1121
    1117
    1117
    1069
    1075
     974
     965
     896
     880
     897
     853
     881
     822
     793
     753
     755
     731
     754
     705
     692
     666
     624
     660
     611
     551
     534
     535
     479
     514
     471
     469
     456
     463
     450
     417
     430
     424
     379
     345
     364
     347
     335
     327
     303
     326
     325
     328
     297
     320
     270
     291
     300
     278
     290
     283
     290
     272
     267
     278
     251
     245
     252
     250
     252
     243
     226
     240
     248
     218
     246
     234
     233
     252
     246
     244
     233
     241
     235
     220
     232
     251
     213
     221
     238
     195
     221
     246
     229
     239
     219
     218
     222
     226
     202
     226
     206
     203
     198
     227
     203
     223
     230
     242
     224
     201
     206
     217
     225
     210
     214
     227
     230
     210
     211
     215
     236
     235
     221
     238
     225
     241
     201
     224
     216
     214
     221
     217
     210
     195
     230
     208
     230
     249
     222
     225
     241
     212
     230
     232
     195
     218
     233
     220
     232
     230
     226
     231
     220
     221
     225
     215
     222
     224
     222
     209
     208
     270
     232
     211
     209
     224
     220
     211
     230
     227
     233
     233
     229
     246
     217
     233
     245
     255
     225
     220
     234
     235
     189
     227
     233
     224
     221
     237
     215
     229
     251
     260
     239
     207
     241
     254
     244
     236
     252
     229
     233
     268
     231
     209
     241
     240
     250
     238
     252
     227
     215
     244
     261
     257
     239
     240
     237
     221
     240
     257
     240
     235
     213
     248
     239
     210
     233
     238
     242
     234
     249
     235
     225
     186
     221
     242
     239
     230
     207
     235
     209
     207
     236
     227
     222
     210
     203
     239
     216
     213
     237
     216
     223
     237
     190
     213
     230
     259
     209
     217
     212
     201
     209
     207
     217
     239
     192
     193
     211
     208
     244
     218
     234
     187
     218
     207
     235
     225
     222
     227
     188
     221
     217
     206
     203
     223
     256
     202
     196
     219
     220
     237
     202
     199
     203
     230
     229
     220
     188
     203
     193
     206
     232
     202
     212
     246
     203
     192
     222
     245
     201
     194
     208
     215
     206
     172
     211
     212
     223
     199
     200
     190
     223
     212
     200
     231
     229
     208
     187
     199
     239
     219
     190
     209
     225
     184
     217
     211
     226
     194
     195
     191
     229
     222
     217
     204
     193
     206
     237
     196
     246
     247
     219
     207
     229
     208
     202
     191
     238
     209
     174
     224
     213
     207
     204
     218
     211
     218
     196
     204
     231
     207
     215
     232
     202
     206
     209
     209
     197
     197
     202
     205
     222
     211
     190
     226
     205
     235
     215
     195
     238
     207
     198
     230
     205
     247
     235
     203
     227
     215
     238
     215
     209
     207
     230
     217
     203
     204
     221
     212
     200
     211
     213
     205
     227
     203
     223
     192
     221
     222
     206
     220
     233
     215
     208
     219
     205
     209
     202
     228
     208
     235
     221
     221
     207
     202
     234
     220
     225
     192
     215
     181
     238
     237
     221
     228
     222
     220
     219
     220
     228
     198
     202
     220
     218
     205
     196
     214
     180
     210
     199
     205
     211
     219
     202
     210
     214
     205
     193
     213
     221
     209
     262
     228
     195
     215
     236
     195
     208
     214
     221
     194
     203
     233
     215
     215
     203
     217
     219
     208
     247
     216
     228
     218
     194
     212
     225
     217
     206
     203
     214
     211
     211
     218
     192
     222
     238
     214
     204
     232
     208
     204
     213
     207
     197
     221
     210
     218
     231
     220
     217
     222
     222
     191
     217
     232
     232
     244
     228
     217
     233
     215
     231
     223
     219
     209
     241
     238
     242
     242
     268
     239
     249
     252
     231
     223
     247
     243
     269
     265
     234
     254
     221
     256
     241
     267
     271
     246
     259
     237
     294
     259
     250
     260
     269
     237
     241
     251
     240
     264
     286
     272
     267
     257
     273
     291
     260
     294
     261
     284
     258
     279
     266
     268
     304
     301
     285
     300
     293
     306
     289
     303
     300
     282
     315
     315
     317
     295
     328
     320
     301
     312
     325
     309
     315
     296
     305
     265
      39
       4
       1
       0
       3
       2
       1
       0
       3
       0
       1
       0
       0
       0
       0
       0
       0
       0
       0
       0
       0
       0
       0
       0
       0
       0
       0
       0
       0
       0
       0
       0
       0
       0
       1
       0
       0
       0
       0
       0
       0
       0
       0
       0
       0
       0
       0
       1
       1
       0
       0
       0
       0
       1
       0
       0
       0
       0
       3
       0
       0
       0
       0
       0
       2
       0
       0
       0
       0
       0
       0
       0
       0
       0
       0
       0
       0
       0
       0
       0
       0
       0
       0
       1
       0
       0
       0
       0
       0
       0
       0
       0
       0
       0
       0
       0
       0
       0
       0
       0
       0
       0
       0
       0
       0
       0
       0
       0
       0
       0
       0
       0
       0
       0
       0
       0
       0
       0
       0
       0
       0
       0
       0
       0
       0
       0
       0
       0
       0
       0
       0
       0
       0
       0
       0
       0
       0
       0
       0
       0
       0
       0
       0
       0
       0
       0
       0
       0
       0
       0
       0
       0
$ROI:
0
$PRESETS:
Live Time
2500
0
$ENER_FIT:
0.000000 0.000000
$MCA_CAL:
3
0.000000E+000 0.000000E+000 0.000000E+000 
$SHAPE_CAL:
3
0.000000E+000 0.000000E+000 0.000000E+000
