$SPEC_ID:
No sample description was entered.
$SPEC_REM:
DET# 1
DETDESC# PHY-R11-37 MCB 129
AP# Maestro Version 7.01
$DATE_MEA:
11/29/2012 17:58:15
$MEAS_TIM:
56328 57605
$DATA:
0 2047
       0
       0
       0
       0
       0
       0
       0
       0
       0
       0
       0
       0
       0
       0
       0
       0
       0
       0
       0
       0
       0
       0
       0
       0
       0
       0
       0
       1
       0
       0
       0
       0
       0
       0
       0
       1
       2
       2
       0
       0
       0
       2
       0
       0
       0
       0
       2
       1
       0
       1
       1
       4
       6
       2
       4
       8
       5
       5
       4
       4
       4
       5
      11
       5
       7
      11
      10
      16
      11
      23
      22
      34
      31
      36
      39
      57
      59
      68
      99
     112
     139
     163
     208
     258
     328
     421
     544
     699
     891
    1289
    1982
    3815
   13715
  715848
 1395826
 1388372
 1368200
 1348966
 1331667
 1311255
 1294214
 1273061
 1254393
 1235233
 1216796
 1198501
 1177862
 1159089
 1142151
 1124318
 1107609
 1091816
 1075225
 1062428
 1044105
 1032190
 1019292
 1004047
  991742
  982514
  969892
  957256
  946073
  933700
  923479
  911785
  899565
  886793
  874938
  863318
  850866
  836829
  827193
  812691
  799085
  788447
  777428
  762947
  751745
  740676
  729192
  719801
  709826
  699546
  690736
  681385
  674348
  667426
  659708
  650664
  644415
  639041
  629827
  622657
  616382
  610163
  602705
  595589
  588878
  583100
  577208
  571331
  565827
  560289
  553082
  548571
  543355
  540966
  535031
  530563
  526900
  521428
  518117
  513294
  509499
  505733
  502622
  497802
  495644
  492106
  488894
  486436
  482790
  481964
  478631
  479335
  478229
  477339
  477139
  480154
  481819
  485196
  490491
  496319
  502759
  512531
  521643
  532337
  542981
  553289
  562095
  570843
  578728
  581802
  585197
  581995
  578692
  570015
  559352
  546061
  530340
  514439
  495417
  475020
  457142
  439706
  422842
  406351
  391414
  378609
  366586
  357906
  348158
  342056
  334708
  330315
  326122
  322283
  318326
  315835
  313121
  309501
  307115
  304834
  302837
  300598
  299750
  297633
  295265
  293968
  292009
  291125
  289462
  288560
  286883
  286097
  283402
  282914
  281170
  280205
  279711
  278733
  276816
  275726
  275288
  274898
  273328
  271993
  270981
  269421
  268730
  268090
  266502
  264115
  262337
  261492
  258977
  257335
  253646
  252472
  251130
  248914
  246146
  243535
  241751
  240750
  239230
  237876
  236626
  234260
  232516
  231230
  229926
  228962
  227116
  226355
  225070
  224388
  223168
  221062
  220508
  218146
  217134
  215130
  215967
  213873
  212024
  211810
  209835
  209071
  207336
  206750
  205542
  204514
  202998
  203357
  201785
  201017
  199938
  199524
  198001
  197305
  197385
  196738
  194432
  194134
  193689
  193045
  192117
  192000
  191856
  191574
  190431
  190112
  189470
  189270
  187558
  188363
  188251
  187422
  186544
  185423
  184755
  184139
  183207
  182879
  182028
  182233
  180541
  179963
  178715
  177146
  176753
  175990
  174477
  173012
  172493
  171549
  170098
  169889
  169496
  168025
  167674
  166110
  166177
  164537
  164178
  163686
  162791
  161935
  162013
  160827
  161101
  159124
  158959
  158979
  157828
  157553
  157672
  156106
  155710
  155357
  155592
  155110
  153446
  153577
  152710
  152240
  152202
  151925
  150400
  150782
  149596
  149772
  149071
  149104
  148152
  147555
  147125
  146981
  147162
  146425
  146453
  145356
  145350
  145495
  145187
  144410
  144184
  144190
  142429
  143023
  142850
  142095
  141414
  141930
  141665
  140515
  140468
  139658
  139877
  138565
  139246
  138206
  137249
  137992
  138335
  137679
  137524
  136317
  137237
  136738
  135597
  135836
  135342
  135425
  135091
  134598
  134414
  135008
  134525
  134960
  134284
  134623
  133999
  133816
  134089
  133898
  134320
  133592
  135161
  134444
  134786
  134369
  134674
  135614
  135894
  136403
  136588
  137614
  137497
  137663
  137707
  138907
  138762
  139277
  140151
  140010
  140414
  140295
  140950
  140671
  140378
  140653
  140106
  140010
  139175
  138241
  138565
  138017
  137223
  136764
  135335
  134675
  134225
  133134
  132429
  131254
  131000
  129920
  128727
  128373
  127747
  127558
  126495
  125949
  125837
  124989
  124334
  124497
  123929
  122959
  122612
  122316
  121718
  121329
  121777
  121036
  120990
  120787
  119787
  120226
  119568
  118995
  119343
  118043
  118738
  118282
  118159
  118115
  117397
  117124
  117480
  117792
  116901
  116456
  117056
  116644
  115260
  116042
  115535
  115066
  115442
  115794
  114909
  114936
  114690
  114850
  114029
  113854
  113586
  113428
  113581
  113680
  113383
  112596
  113128
  113303
  112926
  113687
  112695
  112883
  112331
  112147
  112901
  112847
  112410
  112486
  112068
  113183
  112726
  112492
  112607
  112492
  112187
  113061
  111946
  112648
  111969
  111896
  111743
  111567
  111918
  111972
  111549
  110892
  110831
  110575
  111136
  111111
  110731
  110254
  109982
  109954
  109757
  109393
  109036
  108711
  108564
  108415
  107647
  108014
  107647
  107375
  106993
  106523
  105599
  105839
  106080
  104781
  104883
  104967
  104575
  104006
  103575
  104038
  103001
  103285
  103063
  103131
  102864
  101838
  101579
  101821
  101577
  101931
  102203
  100791
  101748
  101088
  101103
  101081
  101528
  101057
  100627
  100460
  100408
  100865
   99996
  100612
  100463
  100070
  101039
  100394
  100997
  101100
  100332
  100353
  100527
  100352
  100738
  100941
  101435
  100794
  101156
  101235
  102159
  102361
  102425
  102782
  103108
  103982
  104314
  104871
  105925
  105930
  106733
  108003
  108879
  109468
  109841
  111728
  112053
  113223
  114521
  115340
  116286
  117680
  119301
  119896
  120438
  121348
  122283
  122907
  122497
  124237
  124784
  124415
  124740
  124934
  124922
  125088
  124589
  123747
  123208
  123359
  122475
  122066
  121256
  120022
  119588
  118491
  118593
  116645
  116068
  116234
  114544
  113998
  113083
  112549
  111329
  110193
  109790
  109202
  108593
  107762
  107840
  107166
  106425
  106367
  105539
  105340
  105648
  104330
  104190
  103835
  103867
  103861
  103898
  103374
  103420
  102902
  103128
  102939
  102970
  102506
  102598
  102811
  102271
  101989
  102167
  102722
  102070
  101724
  101625
  102375
  101871
  101959
  101550
  101551
  101086
  101474
  100721
  100501
  100224
   99577
   99382
  100297
   98801
   98387
   98145
   98172
   97226
   97003
   96334
   95210
   94861
   94280
   93242
   93025
   91714
   91091
   90397
   88830
   88029
   87459
   87011
   85419
   84841
   83481
   82343
   81501
   79985
   79308
   77945
   76726
   75977
   74940
   74040
   72936
   71641
   71040
   69739
   69112
   67511
   67278
   65939
   65257
   64474
   63189
   62695
   61952
   61626
   60726
   59348
   59025
   58669
   58026
   56910
   56624
   55914
   55574
   55189
   54792
   54466
   53838
   53508
   53696
   52779
   52998
   52867
   52700
   51996
   52617
   52968
   52651
   52967
   53261
   53107
   53672
   54048
   54910
   55425
   55696
   57224
   58350
   59252
   60207
   62311
   63824
   65916
   67607
   69935
   72537
   74491
   78287
   81114
   84040
   87581
   91734
   95451
   99163
  104094
  108626
  113093
  118390
  122680
  128350
  133264
  139005
  143815
  149122
  154394
  159227
  164762
  169055
  173083
  176947
  182027
  185721
  189357
  190937
  193114
  196202
  198428
  198562
  200246
  200154
  200080
  199948
  198600
  196710
  194626
  192790
  189537
  186100
  183071
  180182
  176319
  171800
  167109
  162777
  158730
  153533
  149578
  143883
  138933
  133925
  129048
  124433
  119483
  114326
  110153
  105774
  100748
   96245
   92481
   88429
   84202
   80073
   77027
   73487
   70202
   66971
   63906
   60984
   58501
   55530
   53451
   50932
   48683
   46604
   45086
   43129
   41599
   39966
   38624
   37002
   36149
   34891
   34028
   33094
   32341
   31564
   30871
   30024
   29587
   28888
   28543
   27988
   27676
   27057
   26790
   26866
   26400
   26591
   26197
   26022
   25758
   25518
   25434
   25349
   24940
   25131
   24877
   24947
   24857
   24706
   24728
   24584
   24836
   24621
   24523
   24606
   24316
   24534
   24445
   24473
   24513
   24304
   24157
   24382
   24370
   24439
   24442
   24398
   24224
   24289
   24511
   24077
   24386
   24399
   24145
   24309
   24413
   24052
   24044
   24423
   24015
   24248
   24304
   24462
   24189
   24391
   24251
   24408
   24205
   24209
   24239
   24168
   24253
   24229
   24393
   24135
   24294
   24278
   24342
   24221
   24370
   24462
   24162
   24616
   24356
   24240
   24582
   24445
   24513
   24197
   24144
   24185
   24411
   24344
   24550
   24179
   24340
   24515
   24441
   24094
   24313
   24209
   24096
   24177
   23985
   24137
   24175
   24303
   23963
   24346
   23882
   24140
   23984
   24051
   23896
   23706
   23769
   24021
   23810
   23881
   23785
   23650
   24110
   23868
   23756
   23787
   23637
   23581
   23633
   23706
   23540
   23310
   23324
   23753
   23392
   23538
   23424
   23470
   23653
   23717
   23294
   23312
   23439
   23218
   23204
   23331
   23527
   23222
   23042
   23127
   23251
   23341
   23018
   23219
   23398
   23164
   23281
   23049
   23157
   23457
   23264
   23015
   23127
   23392
   23136
   22932
   23212
   23100
   22846
   23371
   22997
   23026
   23064
   23098
   23045
   23016
   23171
   23053
   23052
   22893
   22699
   23196
   23210
   22863
   22781
   22951
   23189
   23154
   23109
   22968
   22941
   23199
   22992
   23374
   23056
   22872
   22910
   23201
   23099
   23133
   22979
   22898
   23073
   22969
   22704
   23119
   22965
   22962
   22892
   23015
   23055
   22759
   23214
   22938
   23187
   22903
   23031
   23025
   23138
   23131
   22788
   22607
   22956
   22790
   22834
   22957
   22791
   22930
   22983
   22760
   22830
   23132
   23005
   22892
   23275
   22969
   23010
   22703
   22876
   23083
   23071
   22802
   22932
   22908
   22909
   23127
   22929
   22757
   23094
   23321
   23024
   23230
   22998
   22935
   23167
   23352
   22928
   23055
   23241
   23099
   23044
   23226
   23211
   23196
   23136
   23220
   23390
   23310
   23122
   23256
   23253
   23369
   23383
   23336
   23125
   23401
   23473
   23352
   23212
   23608
   23475
   23409
   23248
   23378
   23434
   23405
   23494
   23556
   23521
   23623
   23552
   23620
   23366
   23715
   23577
   23171
   23733
   23606
   23451
   23359
   23629
   23791
   23743
   23490
   23480
   23637
   23520
   23383
   23800
   23753
   23948
   23754
   23785
   23649
   23758
   23746
   23982
   23994
   24313
   24177
   24276
   24213
   24377
   24469
   24480
   24551
   24646
   24711
   24506
   24959
   25078
   25045
   25001
   25404
   25563
   25212
   25341
   25721
   25811
   25597
   26255
   26388
   26688
   26438
   26302
   26922
   27044
   27214
   27520
   27587
   27769
   27856
   27943
   28293
   28551
   28984
   28927
   29515
   29687
   30135
   30141
   29977
   30339
   30829
   31193
   31520
   31636
   31863
   31946
   32310
   32585
   32876
   33306
   33364
   33359
   34020
   34174
   34287
   34286
   34402
   34717
   34850
   35118
   35010
   35469
   35695
   36178
   35945
   35777
   36223
   36341
   36635
   36394
   36512
   36346
   36561
   36361
   37066
   36909
   36783
   36963
   36434
   36829
   36661
   36863
   36403
   36537
   36188
   36269
   36304
   36062
   36001
   35964
   35847
   35781
   35782
   35520
   35481
   35398
   35218
   35169
   34909
   35017
   34570
   34247
   34608
   34307
   34140
   34280
   34030
   34317
   33899
   33344
   33550
   33647
   33420
   33359
   32943
   33588
   32703
   32751
   32991
   32623
   32250
   32790
   32644
   32323
   32607
   32162
   31868
   32334
   32320
   32274
   31673
   32004
   31893
   32418
   32097
   31946
   31991
   31729
   31881
   31903
   31030
   31266
   31379
   31205
   31113
   31344
   31203
   31056
   31354
   31358
   31448
   31102
   31452
   31004
   31255
   30932
   30711
   31115
   31045
   30970
   30625
   30254
   30435
   30773
   30823
   30233
   30625
   30601
   30402
   30494
   30188
   29805
   30313
   30472
   30357
   29819
   29950
   30003
   29853
   29782
   29940
   29852
   30059
   29670
   30050
   29436
   29603
   29297
   29615
   29561
   29632
   29927
   29837
   29549
   29357
   29441
   29582
   29967
   29950
   29654
   29941
   30021
   29950
   29695
   29928
   30316
   30002
   30312
   30508
   30866
   30966
   30531
   30867
   31384
   31056
   31513
   31555
   32023
   31895
   32608
   32588
   33309
   33174
   33399
   33383
   34087
   34383
   34511
   34902
   35293
   35556
   35662
   36267
   36953
   37110
   37485
   38294
   38484
   38804
   40068
   40316
   40524
   41072
   41463
   41883
   42445
   43038
   43099
   44204
   44483
   44729
   45322
   46153
   46046
   46254
   46721
   47250
   47574
   48512
   48641
   48869
   48714
   49274
   50044
   50174
   49955
   49584
   50564
   50668
   50719
   51001
   50739
   50979
   50854
   51264
   51181
   50957
   50964
   50940
   50882
   50403
   50583
   50188
   49943
   49751
   50097
   49283
   49268
   48360
   48295
   48544
   48029
   47706
   47328
   47101
   46820
   46134
   45998
   45285
   45186
   44800
   43819
   44034
   43489
   43241
   43141
   42572
   42221
   41682
   41618
   40857
   40952
   39911
   39647
   39946
   38802
   38977
   38518
   37940
   37567
   37033
   37081
   37081
   36769
   35705
   35562
   35124
   34750
   34460
   33951
   33939
   33132
   33175
   32720
   32696
   32215
   32201
   31692
   31369
   31024
   31110
   30526
   30118
   30040
   29459
   29415
   28963
   28683
   28466
   28682
   27855
   27342
   27496
   26946
   26781
   26558
   25924
   25895
   25378
   25202
   25374
   24795
   24316
   24421
   24012
   23714
   23383
   23271
   23047
   22739
   22638
   22229
   21849
   21598
   21506
   21352
   20889
   20970
   20768
   20303
   20330
   19855
   19869
   19638
   19602
   19414
   19384
   19316
   18974
   19190
   18796
   18800
   19187
   18662
   18781
   18705
   18393
   18419
   18608
   18220
   18664
   18555
   18589
   18735
   19147
   19036
   18922
   18970
   19245
   19407
   19789
   19773
   20083
   20345
   20650
   20752
   21219
   21616
   21911
   21823
   22442
   22924
   23385
   23705
   24223
   24731
   25045
   25565
   26053
   26291
   26681
   27002
   27560
   28408
   28798
   29345
   29980
   30516
   30697
   31271
   31814
   32399
   32768
   33199
   33570
   34677
   34936
   35050
   35360
   35566
   36491
   36623
   37026
   37164
   37762
   37829
   38491
   38389
   38886
   39141
   38989
   39221
   39324
   39082
   39598
   39461
   39196
   39275
   39128
   39121
   38823
   38599
   38956
   38293
   38139
   37827
   37441
   37049
   36980
   36725
   36127
   35797
   35640
   34722
   34591
   33963
   33596
   33400
   32641
   31735
   31748
   30894
   30379
   29964
   29252
   28951
   28311
   27896
   27022
   26939
   26227
   25842
   25119
   24578
   24277
   23636
   23119
   22612
   22072
   21381
   21149
   20855
   19924
   19568
   19009
   18566
   18356
   17797
   17283
   16750
   16420
   15921
   15416
   15295
   14726
   14364
   13954
   13714
   13313
   12777
   12595
   12406
   11704
   11529
   11243
   10764
   10748
   10377
   10137
    9862
    9742
    9391
    9042
    9003
    8708
    8588
    8188
    7925
    7859
    7716
    7502
    7198
    7027
    6954
    6683
    6602
    6537
    6217
    6040
    6021
    5923
    5763
    5675
    5571
    5439
    5442
    5280
    5108
    5134
    4966
    4957
    4798
    4766
    4724
    4729
    4658
    4611
    4437
    4378
    4404
    4338
    4354
    4196
    4229
    4187
    4261
    4143
    4106
    3970
    3999
    3984
    4035
    3977
    4071
    3915
    3969
    3945
    3795
    3865
    3968
    3909
    3905
    3822
    3813
    3751
    3863
    3831
    3977
    3845
    3747
    3764
    3831
    3889
    3822
    3805
    3774
    3655
    3885
    3849
    3935
    3790
    3858
    3883
    3805
    3870
    3761
    3811
    3806
    3775
    3956
    3740
    3820
    3758
    4002
    3869
    3830
    3900
    3896
    3983
    3925
    3935
    3968
    3853
    3931
    3881
    3991
    3963
    3944
    3944
    3912
    3941
    3964
    4001
    4081
    4062
    4035
    3980
    3881
    3961
    4063
    4017
    4013
    4177
    4004
    4025
    4019
    3947
    4048
    3593
    1214
     206
     155
      99
      54
      58
      52
      52
      46
      41
      32
      55
      28
      38
      38
      33
      30
      20
      34
      25
      20
      26
      20
      19
      21
      25
      25
      16
      16
      10
      13
      13
      17
      10
       9
       9
       8
      12
       8
       6
      10
      14
       7
      11
       9
      13
      11
       7
       7
      11
      12
       7
       8
       9
      11
       9
      11
       7
      11
       9
       7
      17
       8
       9
      12
       8
       8
      13
       7
       7
       7
       4
      10
       9
      11
      10
       4
       8
       8
       4
       5
       9
       5
       2
       4
       2
       3
       3
       2
       5
       0
       2
       2
       1
       1
       0
       1
       0
       0
       0
       0
       1
       0
       0
       0
       0
       0
       0
       0
       0
       0
       0
       0
       0
       0
       0
       0
       0
       0
       0
       0
       0
       0
       0
       0
       0
       0
       0
       0
       0
       0
       0
       0
       0
       0
       0
       0
       0
       0
       0
       0
       0
       0
       0
       0
       0
       0
       0
$ROI:
0
$PRESETS:
Live Time
66000
0
$ENER_FIT:
0.000000 0.000000
$MCA_CAL:
3
0.000000E+000 0.000000E+000 0.000000E+000 
$SHAPE_CAL:
3
0.000000E+000 0.000000E+000 0.000000E+000
