$SPEC_ID:
No sample description was entered.
$SPEC_REM:
DET# 1
DETDESC# PHY-R11-37 MCB 129
AP# Maestro Version 7.01
$DATE_MEA:
11/20/2012 17:42:56
$MEAS_TIM:
336 337
$DATA:
0 2047
       0
       0
       0
       0
       0
       0
       0
       0
       0
       0
       0
       0
       0
       0
       0
       0
       0
       0
       0
       0
       0
       0
       0
       0
       0
       0
       0
       0
       0
       0
       0
       0
       0
       0
       0
       0
       0
       0
       0
       0
       0
       0
       0
       0
       0
       1
     732
    1440
    1494
    1580
    1576
    1481
    1447
    1360
    1300
    1263
    1215
    1128
    1133
    1051
     993
    1021
     890
     970
     969
     943
     897
     952
     869
     885
     909
     843
     815
     880
     873
     837
     845
     856
     833
     815
     813
     768
     792
     795
     851
     828
     747
     738
     733
     751
     766
     677
     748
     705
     679
     671
     691
     665
     636
     641
     658
     638
     641
     592
     640
     607
     632
     579
     646
     605
     633
     555
     605
     604
     591
     576
     599
     594
     583
     631
     563
     566
     552
     574
     564
     565
     601
     564
     551
     537
     560
     523
     501
     560
     543
     512
     507
     512
     552
     534
     467
     553
     514
     511
     529
     530
     479
     476
     483
     482
     425
     467
     485
     475
     397
     445
     430
     422
     415
     420
     409
     381
     412
     411
     396
     376
     389
     380
     395
     391
     370
     395
     378
     378
     343
     375
     358
     332
     335
     348
     347
     320
     338
     310
     339
     305
     316
     309
     298
     300
     301
     297
     301
     280
     274
     272
     321
     280
     305
     226
     243
     265
     240
     252
     235
     265
     232
     255
     240
     250
     232
     233
     219
     245
     216
     231
     245
     231
     204
     209
     201
     188
     199
     200
     198
     196
     188
     219
     211
     206
     223
     215
     200
     203
     202
     199
     192
     182
     188
     182
     172
     176
     191
     178
     181
     192
     170
     200
     164
     163
     161
     173
     164
     158
     162
     187
     177
     152
     176
     170
     188
     165
     190
     163
     173
     177
     189
     176
     168
     160
     163
     159
     165
     167
     148
     154
     160
     189
     159
     159
     159
     163
     166
     150
     172
     153
     166
     166
     163
     155
     156
     169
     154
     157
     176
     146
     161
     144
     161
     175
     153
     157
     166
     162
     135
     160
     171
     167
     179
     156
     145
     160
     141
     174
     157
     171
     149
     146
     121
     142
     142
     137
     142
     139
     117
     123
     136
     146
     122
     133
     153
     164
     135
     101
     119
     132
     123
     125
     117
     142
     154
     120
     153
     138
     137
     156
      96
     155
     141
     141
     127
     133
     133
     136
     148
     136
     150
     107
     139
     121
     115
     145
     143
     130
     133
     124
     129
     130
     158
     141
     113
     130
     120
     121
     157
     125
     119
     133
     135
     139
     143
     125
     156
     112
     147
     142
     145
     131
     120
     119
     117
     123
     111
     123
     114
     128
     127
     124
     137
     132
     121
     142
     121
     125
     106
     118
     117
     131
     129
     114
     125
     125
     118
     115
     111
     131
     131
     130
     133
     127
     125
     122
     123
     132
     140
     117
     134
     119
     139
     123
     119
     113
     134
     111
     138
     103
     111
     124
     135
     131
     123
     115
     130
     112
     122
     144
     121
     133
     116
     127
     136
     125
     138
     116
     117
     135
     112
     145
     142
     143
     115
     107
     144
     124
     127
     125
     122
     132
     110
     148
     122
     136
     144
     129
     118
     125
     149
     142
     127
     114
     133
     141
     135
     141
     124
     140
     136
     109
     153
     117
     124
     129
     140
     165
     154
     157
     125
     146
     138
     131
     127
     136
     169
     154
     171
     151
     142
     137
     142
     151
     143
     154
     123
     141
     133
     141
     153
     139
     163
     140
     157
     142
     148
     131
     141
     141
     137
     154
     125
     133
     132
     132
     152
     134
     131
     140
     131
     122
     145
     131
     132
     149
     128
     118
     134
     123
     136
     113
     143
     124
     104
     114
     120
     128
     108
     102
      94
     118
      98
     120
     118
      96
     119
     110
      98
      88
     109
     107
      94
      94
     112
     105
     104
      91
      97
      85
      98
     112
     111
     100
      83
     102
      91
      96
     100
     110
      81
     102
     106
      90
     109
     109
      87
      91
      65
     109
     111
      90
      99
      85
     107
      83
     115
      80
      87
      89
      92
      87
      97
      93
      83
      73
      78
     110
      84
      79
      88
      86
      76
      98
      84
      85
      97
      97
      74
      92
      90
      85
      97
      92
      82
     104
      88
      86
      91
      82
     100
      94
      97
     104
     110
     123
     119
     111
     136
     132
     114
     171
     166
     174
     153
     211
     198
     204
     236
     255
     280
     261
     283
     283
     296
     311
     311
     344
     382
     352
     379
     370
     402
     381
     388
     409
     443
     399
     409
     434
     397
     410
     420
     448
     450
     384
     377
     396
     369
     363
     381
     350
     340
     292
     296
     317
     269
     267
     279
     242
     244
     224
     218
     213
     168
     163
     171
     156
     152
     134
     114
      96
      88
      99
      94
      62
      83
      85
      66
      59
      72
      65
      58
      51
      69
      79
      66
      57
      72
      63
      75
      75
      82
      83
      85
      91
      91
      95
      94
     104
     130
     123
     155
     140
     158
     162
     173
     177
     193
     194
     196
     234
     213
     229
     227
     237
     255
     257
     285
     288
     318
     300
     297
     343
     342
     339
     337
     330
     353
     344
     324
     318
     296
     311
     337
     351
     330
     294
     299
     308
     300
     267
     293
     265
     256
     251
     233
     220
     240
     190
     209
     182
     189
     189
     169
     124
     126
     158
     117
     117
     110
     119
     109
     108
     109
      82
      70
      72
      76
      62
      48
      53
      49
      46
      40
      34
      47
      35
      33
      37
      24
      34
      27
      29
      15
      24
      31
      31
      26
      18
      30
      17
      24
      17
      17
      15
      20
      16
      26
      20
      11
      26
      18
      20
      28
      15
      23
      10
      18
      24
      15
      19
      20
      13
      11
      25
      17
      14
      19
      25
      20
      16
      20
      13
      13
      18
      23
       9
      14
      11
       3
      13
      15
      21
      14
      14
       9
      10
      14
      11
      11
       7
      11
      11
      13
      10
      11
      13
      10
      10
      10
      10
      12
      10
       5
       8
       9
      13
       7
       6
       4
       7
      10
       4
       7
       6
      12
       8
       6
       4
       8
       6
      10
      11
      10
       8
       4
       9
      10
       8
       7
       4
       8
       8
       3
       7
       6
       6
      10
       6
       7
       8
       7
       9
      11
       8
       7
      14
       5
      12
       8
       4
      17
      13
      14
       9
       9
       9
       4
       7
       9
       6
       7
       7
       6
       8
       6
       5
       4
       6
       7
       7
       4
       4
       5
       5
       3
      10
       6
       3
       6
       5
       4
       7
       4
      10
       3
       5
       5
       3
       8
      10
       6
       8
       5
       7
       7
       7
       7
       5
       5
       4
       1
       4
       7
       7
       6
      10
       5
       2
       6
       8
       2
       5
       5
       8
       7
       5
       4
       3
       5
       5
       5
       6
       5
       4
       6
       2
       9
       1
       9
       6
       5
       4
       5
       4
       2
       5
       2
       4
       6
       8
       7
       5
       6
       6
       5
       3
      11
       5
       8
       0
       4
       4
       4
       5
       2
       7
       3
       7
       3
       3
       1
       2
       6
       6
       8
       5
       2
       4
       6
       5
       1
       5
       5
       2
       7
       5
       4
      10
       2
       0
       5
       8
       4
       2
       6
       6
       2
       0
       1
       5
       5
       3
       3
       3
       4
       2
       3
       3
       7
       7
       2
       4
       6
       7
       1
       1
       3
       7
       3
       3
       3
       4
       5
       6
       2
       1
       4
       2
       3
       2
       1
       5
       5
       4
       5
       4
       3
       9
       3
       4
       6
       3
       2
       1
       0
       4
       1
       3
       2
       2
       1
       2
       4
       3
       6
       3
       7
       1
       7
       4
       3
       3
       4
       4
       2
       2
       0
       5
       5
       5
       1
       1
       5
       3
       2
       3
       3
       3
       4
       3
       5
       3
       1
       1
       3
       1
       1
       0
       3
       2
       0
       4
       3
       5
       2
       1
       3
       2
       1
       4
       2
       5
       3
       6
       2
       4
       3
       0
       2
       4
       2
       1
       3
       3
       3
       2
       2
       3
       3
       6
       0
       3
       3
       2
       3
       4
       3
       1
       4
       6
       1
       4
       4
       2
       1
       3
       2
       7
       3
       2
       3
       2
       1
       3
       3
       4
       5
       5
       2
       4
       3
       4
       2
       2
       1
       1
       4
       2
       4
       2
       2
       3
       5
       5
       1
       5
       4
       1
       3
       4
       4
       1
       4
       2
       5
       8
       6
       0
       2
       2
       1
       1
       4
       4
       3
       4
       2
       0
       6
       3
       2
       6
       3
       5
       6
       4
       5
       6
       4
       3
       3
       2
       4
       3
       4
       5
       3
       3
       4
       2
       3
       1
       5
       4
       4
       3
       2
       2
       3
       4
       4
       3
       4
       2
       6
       1
       5
       2
       3
       1
       1
       3
       1
       2
       2
       2
       2
       0
       1
       2
       2
       3
       0
       1
       3
       0
       1
       0
       2
       1
       0
       1
       1
       1
       2
       3
       4
       0
       0
       2
       2
       1
       0
       6
       0
       1
       2
       2
       0
       2
       3
       2
       2
       2
       3
       3
       1
       2
       2
       1
       0
       0
       3
       4
       3
       1
       1
       0
       1
       2
       1
       0
       1
       2
       2
       1
       3
       0
       1
       2
       2
       2
       3
       4
       0
       2
       2
       1
       2
       2
       0
       2
       1
       3
       1
       1
       4
       0
       1
       0
       2
       1
       3
       0
       1
       0
       1
       1
       0
       4
       1
       1
       2
       3
       1
       2
       2
       4
       1
       3
       4
       2
       3
       3
       5
       3
       2
       2
       1
       4
       1
       4
       4
       4
       3
       2
       4
       3
       3
       5
       2
       4
       7
       1
       2
       2
       5
       4
       5
       1
       2
       5
       3
       3
       5
       0
       4
       4
       3
       0
       7
       3
       5
       5
       1
       3
       1
       1
       5
       3
       1
       3
       6
       3
       3
       4
       3
       4
       2
       3
       4
       6
       2
       2
       5
       0
       2
       4
       4
       1
       3
       3
       3
       3
       3
       2
       2
       4
       1
       2
       2
       3
       2
       2
       5
       1
       3
       2
       1
       0
       1
       1
       3
       3
       2
       2
       0
       1
       1
       0
       2
       1
       0
       1
       1
       0
       1
       0
       1
       2
       0
       0
       5
       0
       0
       2
       1
       2
       1
       0
       1
       1
       2
       4
       0
       1
       1
       1
       1
       0
       2
       1
       2
       2
       0
       1
       3
       0
       0
       0
       1
       1
       2
       0
       1
       1
       1
       1
       1
       0
       3
       0
       0
       3
       1
       1
       0
       0
       0
       0
       0
       1
       1
       2
       2
       1
       0
       1
       0
       1
       1
       0
       1
       0
       0
       1
       0
       0
       0
       1
       0
       1
       0
       0
       1
       0
       0
       1
       0
       2
       0
       0
       0
       3
       3
       1
       3
       0
       1
       1
       1
       0
       0
       0
       1
       0
       0
       2
       0
       1
       0
       0
       3
       0
       1
       0
       0
       0
       1
       0
       1
       1
       1
       2
       0
       0
       1
       0
       1
       2
       0
       0
       1
       2
       0
       1
       0
       1
       0
       0
       1
       2
       0
       0
       1
       1
       1
       0
       0
       0
       1
       1
       1
       0
       0
       0
       1
       1
       1
       1
       1
       0
       0
       2
       0
       0
       0
       1
       0
       1
       0
       1
       1
       3
       1
       1
       0
       2
       1
       0
       0
       2
       1
       0
       0
       0
       0
       0
       2
       1
       0
       0
       1
       1
       0
       1
       2
       4
       1
       1
       2
       3
       0
       1
       1
       0
       0
       0
       2
       1
       1
       1
       0
       1
       1
       1
       2
       0
       1
       1
       0
       0
       0
       2
       1
       0
       0
       1
       0
       1
       2
       0
       0
       1
       0
       2
       0
       0
       0
       1
       1
       1
       1
       1
       1
       0
       1
       1
       0
       1
       1
       0
       0
       2
       2
       0
       0
       1
       0
       0
       1
       0
       0
       2
       2
       0
       0
       0
       0
       0
       0
       0
       0
       0
       0
       1
       1
       1
       0
       1
       0
       1
       0
       0
       0
       0
       4
       0
       0
       0
       0
       0
       1
       0
       1
       2
       0
       0
       1
       0
       2
       0
       0
       0
       0
       0
       0
       1
       2
       0
       0
       2
       0
       1
       0
       0
       1
       2
       1
       0
       1
       1
       0
       3
       0
       0
       0
       2
       0
       0
       1
       0
       1
       0
       0
       1
       1
       1
       0
       0
       1
       1
       0
       1
       1
       0
       1
       0
       0
       0
       2
       0
       0
       0
       0
       2
       1
       2
       1
       0
       3
       0
       0
       0
       1
       0
       0
       0
       0
       1
       1
       0
       2
       0
       0
       1
       0
       0
       0
       0
       0
       0
       0
       0
       0
       0
       0
       0
       0
       0
       0
       0
       0
       0
       0
       0
       0
       0
       0
       0
       0
       0
       0
       0
       0
       0
       0
       0
       0
       0
       0
       0
       0
       0
       0
       0
       0
       0
       0
       0
       0
       0
       0
       0
       0
       0
       0
       0
       0
       0
       0
       0
       0
       0
       0
       0
       0
       0
       0
       0
       0
       0
       0
       0
       0
       0
       0
       0
       0
       0
       0
       0
       0
       0
       0
       0
       0
       0
       0
       0
       0
       0
       0
       0
       0
       0
       0
       0
       0
       0
       0
       0
       0
       0
       0
       0
       0
       0
       0
       0
       0
       0
       0
       0
       0
       0
       0
       0
       0
       0
       0
       0
       0
       0
       0
       0
       0
       0
       0
       0
       0
       0
       0
       0
       0
       0
       0
       0
       0
       0
       0
       0
       0
       0
       0
       0
       0
       0
       0
       0
       0
       0
       0
       0
       0
       0
       0
       0
       0
       0
$ROI:
0
$PRESETS:
Live Time
900
0
$ENER_FIT:
0.000000 0.000000
$MCA_CAL:
3
0.000000E+000 0.000000E+000 0.000000E+000 
$SHAPE_CAL:
3
0.000000E+000 0.000000E+000 0.000000E+000
