$SPEC_ID:
No sample description was entered.
$SPEC_REM:
DET# 1
DETDESC# PHY-R11-37 MCB 129
AP# Maestro Version 7.01
$DATE_MEA:
11/20/2012 17:27:19
$MEAS_TIM:
900 906
$DATA:
0 2047
       0
       0
       0
       0
       0
       0
       0
       0
       0
       0
       0
       0
       0
       0
       0
       0
       0
       0
       0
       0
       0
       0
       0
       0
       0
       0
       0
       0
       0
       0
       0
       0
       0
       0
       0
       0
       0
       0
       0
       1
       0
       1
       2
       5
       1
      25
   15885
   31220
   30560
   30392
   29835
   28949
   26420
   22542
   18098
   13844
   10301
    7448
    5853
    4820
    4208
    3769
    3615
    3398
    3378
    3302
    3268
    3357
    3328
    3422
    3249
    3273
    3308
    3248
    3330
    3291
    3267
    3294
    3411
    3169
    3099
    3174
    3127
    3144
    3091
    3157
    3089
    3013
    3050
    3040
    3024
    2984
    3000
    3139
    3090
    3209
    3254
    3408
    3478
    3562
    3617
    3532
    3551
    3545
    3586
    3509
    3383
    3316
    3279
    3068
    3093
    3111
    2988
    3090
    3103
    3142
    3015
    2967
    2908
    3023
    2949
    3013
    2980
    2849
    3099
    2844
    3052
    2873
    2897
    2928
    2910
    2915
    2793
    2816
    2766
    2771
    2681
    2680
    2522
    2671
    2587
    2543
    2401
    2452
    2474
    2373
    2207
    2360
    2354
    2282
    2245
    2342
    2112
    2121
    2143
    2084
    2144
    2109
    1988
    2031
    2006
    1970
    2073
    1965
    1971
    1982
    1976
    2025
    1975
    1957
    1980
    1960
    2049
    1887
    1934
    1913
    1844
    1875
    1972
    1894
    1871
    1882
    1833
    1797
    1740
    1822
    1771
    1739
    1701
    1696
    1692
    1697
    1614
    1622
    1560
    1509
    1571
    1412
    1441
    1403
    1376
    1319
    1365
    1260
    1278
    1254
    1229
    1253
    1240
    1167
    1139
    1145
    1138
    1099
    1111
    1177
    1090
    1135
    1089
    1150
    1161
    1089
    1116
    1174
    1115
    1180
    1169
    1191
    1102
    1227
    1249
    1220
    1222
    1257
    1274
    1211
    1194
    1130
    1176
    1143
    1135
    1044
    1015
    1035
     962
     954
     936
     851
     887
     860
     793
     879
     774
     764
     773
     743
     728
     750
     742
     740
     696
     680
     693
     733
     705
     723
     730
     716
     752
     770
     832
     843
     818
     860
     978
    1056
    1057
    1243
    1310
    1446
    1549
    1775
    1992
    2169
    2551
    2790
    3160
    3506
    3880
    4247
    4624
    5020
    5538
    5946
    6180
    6608
    6899
    7194
    7554
    7730
    8003
    8105
    8207
    8091
    8020
    7734
    7659
    7201
    7002
    6597
    6220
    5999
    5458
    5080
    4552
    4260
    3782
    3424
    3020
    2701
    2420
    2132
    1917
    1685
    1488
    1254
    1172
    1000
     921
     797
     740
     671
     637
     582
     513
     520
     506
     511
     537
     490
     481
     441
     488
     442
     411
     454
     489
     438
     390
     454
     438
     437
     481
     416
     414
     445
     395
     444
     440
     403
     431
     423
     454
     407
     459
     410
     428
     399
     426
     404
     430
     380
     428
     428
     372
     386
     384
     420
     395
     371
     439
     370
     347
     369
     369
     404
     372
     409
     386
     397
     360
     359
     347
     371
     367
     345
     322
     377
     359
     337
     370
     371
     330
     366
     320
     320
     314
     316
     348
     334
     328
     342
     339
     333
     350
     307
     317
     325
     365
     321
     354
     351
     333
     317
     337
     304
     307
     320
     310
     321
     305
     315
     308
     286
     306
     293
     292
     319
     307
     294
     288
     308
     317
     283
     295
     297
     292
     302
     312
     289
     326
     294
     291
     296
     282
     322
     320
     326
     360
     281
     264
     299
     303
     301
     293
     323
     267
     325
     285
     331
     327
     311
     335
     314
     295
     324
     306
     294
     328
     358
     369
     374
     365
     340
     351
     370
     381
     390
     373
     384
     402
     396
     427
     385
     416
     416
     434
     440
     452
     449
     489
     522
     530
     499
     526
     514
     565
     529
     560
     546
     530
     564
     610
     604
     568
     621
     596
     596
     607
     549
     581
     574
     591
     577
     519
     561
     504
     511
     533
     482
     470
     475
     459
     437
     431
     389
     398
     380
     345
     367
     331
     314
     331
     277
     299
     268
     267
     275
     247
     218
     208
     208
     201
     183
     203
     179
     185
     173
     164
     162
     149
     125
     138
     142
     123
     159
     144
     125
     133
     124
     139
     133
     141
     142
     111
     107
     104
      95
     116
     112
     103
     111
     111
     100
     120
     103
     112
      95
     108
      93
      92
     101
      84
     119
      90
      84
      89
     101
      85
      98
      95
      92
      94
      94
     100
      93
     104
      79
      89
      84
      87
     116
     110
     131
     136
     125
     116
     116
     144
     116
     177
     172
     154
     142
     189
     174
     193
     189
     213
     243
     255
     276
     285
     294
     300
     359
     344
     393
     419
     444
     478
     500
     502
     555
     605
     601
     614
     751
     749
     722
     742
     845
     847
     883
     889
     905
     973
     995
    1003
    1033
    1038
    1067
    1051
    1069
    1062
    1105
    1138
    1062
    1169
    1097
    1060
    1058
    1070
    1050
    1020
    1025
     966
     942
     949
     879
     880
     841
     846
     802
     751
     733
     669
     653
     599
     594
     555
     469
     479
     438
     435
     403
     375
     379
     313
     329
     267
     252
     281
     247
     209
     225
     178
     195
     166
     145
     128
     128
     123
     118
     106
     117
     124
      92
      91
      98
      83
      91
      75
      68
      56
      69
      63
      70
      61
      56
      66
      57
      56
      61
      53
      60
      65
      59
      59
      63
      63
      50
      47
      56
      53
      37
      43
      33
      51
      37
      53
      50
      41
      47
      48
      43
      67
      46
      43
      56
      55
      48
      56
      50
      48
      34
      47
      59
      48
      43
      45
      45
      46
      38
      56
      42
      38
      53
      61
      41
      45
      49
      41
      41
      46
      43
      45
      36
      51
      34
      38
      46
      47
      56
      61
      56
      51
      48
      55
      35
      37
      46
      53
      48
      54
      51
      44
      40
      43
      56
      59
      58
      54
      43
      49
      43
      55
      44
      60
      57
      58
      57
      57
      62
      56
      68
      74
      50
      47
      56
      67
      73
      63
      65
      65
      50
      64
      62
      65
      71
      58
      56
      57
      66
      57
      60
      65
      62
      71
      64
      61
      73
      59
      82
      60
      73
      66
      69
      50
      77
      64
      52
      55
      59
      60
      58
      70
      56
      51
      45
      65
      47
      51
      62
      53
      47
      43
      50
      37
      47
      55
      32
      35
      36
      39
      38
      32
      39
      24
      43
      36
      27
      28
      33
      25
      41
      31
      21
      32
      37
      25
      19
      29
      31
      27
      28
      30
      26
      26
      33
      28
      28
      20
      24
      23
      20
      20
      31
      25
      22
      30
      22
      28
      12
      17
      22
      12
      29
      25
      24
      25
      18
      20
      25
      25
      21
      29
      23
      20
      28
      24
      23
      17
      19
      16
      25
      26
      23
      27
      21
      25
      20
      16
      20
      22
      23
      22
      23
      22
      27
      22
      23
      20
      30
      28
      21
      19
      22
      22
      24
      22
      30
      22
      19
      27
      21
      15
      28
      19
      20
      33
      24
      20
      16
      19
      22
      18
      25
      23
      24
      21
      20
      19
      17
      29
      29
      25
      22
      20
      26
      21
      21
      22
      26
      27
      23
      29
      27
      28
      24
      34
      21
      27
      35
      28
      25
      27
      28
      40
      38
      34
      47
      38
      37
      36
      32
      38
      37
      42
      51
      35
      47
      33
      36
      48
      49
      40
      51
      47
      49
      69
      57
      51
      36
      57
      45
      53
      51
      60
      53
      49
      49
      62
      54
      48
      41
      44
      50
      46
      47
      48
      54
      42
      36
      46
      47
      39
      30
      39
      40
      26
      32
      28
      28
      30
      36
      30
      23
      26
      42
      30
      25
      25
      22
      24
      23
      27
      28
      17
      24
      20
      21
      26
      14
      17
      15
       9
      12
      15
      10
      10
      16
       9
       7
      10
       8
      10
      14
      10
      13
      12
      16
      10
      13
       5
       5
      10
       9
       3
      12
       6
       9
       7
       9
       7
       5
       8
       6
       5
       8
       7
      10
       9
       3
      11
       5
       4
       8
       6
       8
       6
       6
       5
      10
       7
       6
       6
      11
       8
       8
      11
       5
       8
       9
      11
       9
       6
       7
       4
       6
       7
       8
      12
       6
       5
       4
       8
      10
      11
      13
       2
       7
       7
       5
      11
       5
       7
      12
      10
      14
       3
       8
       5
       8
       7
       6
       8
       3
       9
       8
       8
      13
       8
      10
       6
       5
       5
       8
       5
       8
       5
       7
       8
       5
       7
       6
       7
       8
      12
      11
       3
       7
       2
       7
       3
      11
       6
       7
       7
      11
       5
       6
       4
       7
       6
       5
       2
      10
       7
       4
       6
       5
       8
       5
       7
      12
       9
       8
       4
       7
       9
       7
       4
      12
       5
       5
       9
       6
       9
       7
      10
       4
      10
       3
       5
       4
      14
       6
       3
       8
       8
       6
       4
       3
       4
       3
       7
       3
       7
       3
       7
       8
       6
       4
       6
       4
       5
      10
       7
      10
       4
       2
       8
       9
       5
       3
       5
      11
       6
       6
       6
       6
       5
       9
       4
       9
       6
       6
       2
       4
       7
       6
       5
      10
       4
       3
       7
       3
       7
       5
       4
       5
       7
       5
       5
       4
       3
       4
       6
       9
       4
       5
       4
       3
       3
       2
       6
       7
       2
       2
       1
       5
       3
       4
       2
       5
       5
       4
       6
       4
       5
       2
       6
       2
       7
       3
       6
       4
       4
       4
       5
       1
       3
       7
       3
       3
       5
       3
       8
       3
       5
       8
       7
       3
       6
       6
       6
       5
       6
       4
       5
       4
       4
       4
       3
       5
       4
       2
       2
       7
       4
       6
       3
       2
       3
       1
       6
       3
       6
       4
       4
       4
       3
       7
       2
       3
       7
       5
       5
       5
       3
       8
       4
       4
       4
       3
       6
       3
       2
       3
       6
       3
       3
       4
       4
       4
       6
       7
       6
       3
       5
       3
       4
       3
       6
       3
       1
       5
       3
       2
       2
       6
       6
       4
       2
       3
       5
       2
       8
       9
       7
       4
       6
       3
      10
       8
       2
       5
       6
       7
       7
       6
       6
       2
       5
       6
      13
       3
       4
       7
      10
       5
       7
       9
       5
       5
       2
       9
       7
       7
      11
       8
       8
       6
      10
       5
       6
       6
       9
       5
       5
       5
       5
       4
       7
       7
       4
       3
      13
       7
      11
       5
      10
       8
      11
       4
       9
       7
       8
       7
      10
       8
       8
      12
       8
       5
      11
      10
       6
       3
       9
      11
       7
      11
       6
       7
       3
       7
      10
       4
       8
       7
       6
       1
       2
       4
       5
       0
       3
       7
       4
       8
       8
       9
       7
       3
       3
       4
       6
       5
       4
       3
       4
       7
       9
       8
       4
       6
       9
       4
       3
       3
       2
       1
       4
       4
       3
       6
       4
       2
       4
       0
       5
       1
       4
       2
       5
       4
       5
       6
       3
       2
       4
       2
       1
       2
       2
       1
       1
       0
       1
       0
       3
       1
       3
       5
       6
       2
       4
       2
       3
       4
       2
       2
       5
       2
       2
       1
       3
       1
       1
       1
       3
       3
       2
       2
       2
       3
       4
       1
       2
       4
       0
       0
       6
       3
       1
       3
       0
       1
       0
       5
       3
       2
       1
       4
       6
       1
       5
       4
       3
       0
       0
       2
       3
       6
       4
       3
       5
       2
       0
       5
       3
       0
       1
       2
       2
       3
       4
       5
       3
       1
       3
       3
       1
       1
       1
       2
       0
       3
       5
       3
       2
       2
       3
       3
       3
       2
       3
       4
       0
       3
       3
       2
       4
       2
       1
       4
       6
       5
       2
       1
       5
       0
       5
       2
       3
       1
       3
       0
       0
       1
       5
       5
       2
       3
       0
       3
       2
       3
       3
       1
       2
       2
       2
       2
       0
       4
       3
       3
       0
       4
       2
       0
       1
       4
       2
       1
       1
       3
       2
       2
       5
       3
       2
       6
       2
       1
       3
       2
       1
       3
       2
       2
       1
       3
       2
       2
       2
       2
       4
       4
       2
       1
       1
       0
       3
       3
       2
       3
       4
       0
       1
       0
       2
       4
       5
       3
       3
       3
       2
       1
       5
       2
       1
       2
       1
       2
       1
       3
       3
       2
       3
       2
       2
       0
       2
       4
       3
       0
       2
       2
       3
       0
       2
       2
       3
       2
       4
       1
       1
       1
       3
       2
       2
       4
       1
       4
       1
       2
       2
       0
       0
       5
       1
       2
       3
       1
       0
       1
       3
       1
       1
       2
       3
       2
       1
       1
       2
       5
       3
       1
       3
       4
       3
       4
       4
       1
       1
       3
       2
       3
       5
       1
       1
       2
       1
       1
       3
       2
       2
       4
       2
       2
       1
       0
       5
       1
       3
       7
       0
       2
       2
       2
       1
       4
       5
       3
       3
       5
       0
       3
       2
       2
       1
       1
       2
       1
       1
       1
       1
       2
       3
       1
       0
       3
       1
       2
       0
       1
       5
       3
       2
       2
       0
       0
       5
       6
       0
       0
       3
       1
       1
       3
       1
       0
       0
       0
       0
       0
       0
       0
       0
       0
       0
       0
       0
       0
       0
       0
       0
       0
       0
       0
       0
       0
       0
       0
       0
       0
       0
       0
       0
       0
       0
       0
       0
       0
       0
       0
       0
       0
       0
       0
       0
       0
       0
       0
       0
       0
       0
       0
       0
       0
       0
       0
       0
       0
       0
       0
       0
       0
       0
       0
       0
       0
       0
       0
       0
       0
       0
       0
       0
       0
       0
       0
       0
       0
       0
       0
       0
       0
       0
       0
       0
       0
       0
       0
       0
       0
       0
       0
       0
       0
       0
       0
       0
       0
       0
       0
       0
       0
       0
       0
       0
       0
       0
       0
       0
       0
       0
       0
       0
       0
       0
       0
       0
       0
       0
       0
       0
       0
       0
       0
       0
       0
       0
       0
       0
       0
       0
       0
       0
       0
       0
       0
       0
       0
       0
       0
       0
       0
       0
       0
       0
       0
       0
       0
       0
       0
       0
       0
       0
       0
       0
       0
       0
       0
$ROI:
0
$PRESETS:
Live Time
900
0
$ENER_FIT:
0.000000 0.000000
$MCA_CAL:
3
0.000000E+000 0.000000E+000 0.000000E+000 
$SHAPE_CAL:
3
0.000000E+000 0.000000E+000 0.000000E+000
