$SPEC_ID:
No sample description was entered.
$SPEC_REM:
DET# 1
DETDESC# PHY-R11-37 MCB 129
AP# Maestro Version 7.01
$DATE_MEA:
11/15/2012 15:59:51
$MEAS_TIM:
15 40
$DATA:
0 2047
       0
       0
       0
       0
       0
       0
       0
       0
       0
       0
       0
       0
       0
       0
      14
     218
       0
      15
    2296
    3651
    3658
    3642
    3709
    3808
    4683
    6010
    7087
    7166
    6836
    6283
    6001
    5661
    5356
    5133
    4972
    4784
    4808
    4497
    4571
    4282
    4287
    4105
    3959
    3929
    3816
    3651
    3690
    3616
    3583
    3459
    3439
    3459
    3379
    3425
    3365
    3196
    3112
    3030
    3010
    2852
    2845
    2768
    2716
    2695
    2610
    2661
    2617
    2504
    2571
    2487
    2347
    2323
    2338
    2293
    2360
    2280
    2336
    2235
    2238
    2187
    2165
    2100
    2109
    2144
    2070
    2056
    2069
    1969
    2003
    1997
    2014
    1921
    1919
    1920
    1909
    1852
    1817
    1858
    1904
    1854
    1786
    1796
    1805
    1841
    1753
    1810
    1722
    1731
    1799
    1734
    1789
    1724
    1672
    1704
    1719
    1702
    1724
    1707
    1619
    1736
    1783
    1680
    1708
    1651
    1677
    1711
    1629
    1668
    1756
    1651
    1610
    1721
    1779
    1582
    1595
    1588
    1523
    1614
    1595
    1578
    1551
    1525
    1498
    1504
    1414
    1506
    1452
    1453
    1522
    1409
    1458
    1473
    1466
    1393
    1421
    1370
    1393
    1386
    1390
    1411
    1390
    1439
    1421
    1413
    1475
    1471
    1452
    1502
    1480
    1491
    1493
    1532
    1566
    1579
    1640
    1773
    1898
    1848
    2024
    2204
    2379
    2504
    2688
    3034
    3186
    3351
    3462
    3573
    3637
    3786
    3626
    3593
    3451
    3511
    3280
    3181
    3007
    2833
    2748
    2717
    2649
    2526
    2382
    2435
    2399
    2385
    2290
    2278
    2261
    2365
    2321
    2307
    2294
    2209
    2287
    2197
    2068
    2057
    2083
    1905
    1785
    1786
    1788
    1596
    1641
    1625
    1514
    1522
    1422
    1315
    1358
    1261
    1244
    1214
    1205
    1141
    1105
    1130
    1153
     968
     969
     906
     975
     935
     906
     909
     857
     849
     840
     799
     813
     750
     747
     742
     726
     680
     691
     652
     661
     608
     610
     651
     606
     596
     578
     566
     569
     586
     597
     566
     587
     557
     518
     538
     473
     545
     521
     480
     484
     483
     493
     489
     441
     453
     452
     431
     428
     435
     437
     433
     398
     420
     432
     402
     465
     399
     393
     411
     428
     421
     370
     403
     368
     379
     386
     352
     388
     337
     403
     345
     355
     401
     367
     333
     336
     346
     318
     313
     334
     290
     318
     319
     321
     301
     300
     306
     281
     300
     308
     285
     287
     316
     293
     306
     267
     296
     288
     325
     266
     283
     291
     312
     290
     276
     280
     260
     292
     292
     285
     257
     296
     297
     262
     286
     268
     273
     265
     283
     256
     256
     247
     295
     250
     278
     262
     264
     264
     271
     273
     227
     260
     268
     262
     266
     275
     262
     264
     253
     287
     236
     222
     252
     269
     238
     231
     216
     211
     216
     215
     201
     192
     193
     173
     185
     177
     169
     187
     163
     172
     161
     163
     137
     148
     128
     156
     152
     122
     133
     134
     127
     124
      98
     124
     108
     108
     111
     104
      88
     118
     106
     101
      79
      97
     104
      90
      98
      85
      77
      80
      97
      77
      71
      92
      93
      88
      65
      73
      56
      72
      67
      68
      68
      60
      62
      67
      55
      48
      69
      69
      66
      61
      72
      54
      65
      59
      45
      43
      42
      54
      57
      47
      64
      45
      47
      43
      40
      54
      58
      56
      40
      62
      46
      50
      38
      52
      50
      44
      45
      34
      39
      49
      52
      70
      48
      42
      57
      44
      54
      41
      55
      47
      49
      42
      46
      35
      50
      36
      42
      46
      33
      50
      44
      47
      49
      46
      40
      59
      47
      52
      52
      46
      49
      50
      55
      43
      54
      43
      48
      52
      42
      48
      43
      55
      47
      47
      60
      47
      50
      49
      46
      40
      46
      50
      53
      41
      37
      40
      37
      51
      48
      50
      35
      36
      48
      46
      33
      39
      37
      43
      41
      33
      48
      37
      36
      38
      46
      36
      33
      43
      42
      46
      35
      34
      32
      39
      31
      43
      43
      33
      34
      37
      33
      35
      34
      39
      38
      26
      17
      25
      44
      34
      31
      41
      26
      35
      26
      22
      23
      31
      32
      30
      35
      16
      34
      25
      27
      32
      28
      34
      39
      39
      35
      31
      28
      24
      28
      29
      24
      25
      20
      28
      30
      22
      24
      21
      22
      24
      17
      28
      17
      27
      25
      15
      16
      14
      21
      17
      20
      19
      23
      32
      23
      19
      22
      20
      17
       9
      18
      28
      18
      19
      13
      17
      14
      19
      15
       9
      17
      11
      11
      15
      10
      17
      15
      17
      14
      19
      15
      10
      13
      17
      17
      13
      17
       9
      11
       7
       8
      15
      12
       7
      16
      12
      16
      14
      13
       8
      13
       8
      11
      10
       9
      10
       7
       9
       5
      12
       6
      11
      14
       8
      19
      10
       7
      11
      12
       8
      10
       6
       6
       9
      10
      10
       4
      10
      11
      11
       4
       9
       8
       5
       8
       3
       8
       8
      14
      11
       2
       8
       6
       8
       7
       4
      16
      14
       4
       5
      12
       6
       7
       8
       8
       9
       8
       9
       5
       5
       7
       7
       4
       8
       3
       9
       4
       0
       7
       4
       7
       4
       8
       5
       6
       6
       8
       7
       5
       3
       9
       5
      10
       3
       2
       0
       2
      13
       4
       9
       6
       5
       3
       4
       8
       3
       4
       3
       5
       6
       2
       6
       7
       7
       4
       5
       5
       7
       3
       7
       6
       6
       6
       4
       0
       3
       3
       7
       3
       4
       3
       2
       5
      10
       2
       4
       6
       5
       4
       4
       5
       4
       7
       5
       1
       3
       7
       3
       2
       3
       4
       4
       1
       6
       2
       4
       5
       1
       6
       2
       0
       4
       0
       3
       5
       6
       5
       3
       5
       7
       4
       2
       7
       8
       5
       3
       7
       3
       3
       4
      10
       1
       5
       0
       4
       1
       4
       4
       7
       2
       5
       1
       4
       4
       2
       4
       5
       7
       5
       3
       2
       2
       2
       3
       3
       5
       6
       5
       5
       2
       3
       1
       9
       3
       4
       1
       4
       6
       5
       4
       5
       2
       3
       2
       3
       4
       3
       4
       4
       3
       1
       1
       1
       4
       4
       3
       2
       3
       6
       4
       4
       3
       2
       2
       2
       2
       0
       2
       3
       4
       5
       0
       2
       1
       3
       1
       1
       1
       2
       2
       0
       2
       4
       4
       5
       3
       4
       5
       2
       0
       3
       3
       1
       2
       1
       2
       2
       4
       3
       3
       3
       2
       5
       1
       1
       3
       6
       4
       5
       3
       2
       4
       0
       1
       0
       4
       1
       3
       1
       2
       2
       2
       2
       4
       2
       1
       8
       1
       4
       2
       2
       3
       3
       3
       0
       2
       3
       1
       1
       1
       0
       2
       3
       2
       1
       3
       4
       3
       3
       2
       3
       5
       2
       2
       3
       2
       5
       5
       1
       3
       4
       2
       2
       4
       2
       0
       2
       3
       4
       6
       2
       2
       4
       3
       3
       4
       4
       2
       3
       1
       0
       1
       4
       6
       3
       5
       1
       5
       2
       0
       4
       5
       5
       3
       4
       2
       3
       2
       2
       0
       2
       2
       1
       1
       2
       2
       4
       2
       5
       1
       1
       2
       2
       2
       1
       0
       6
       2
       3
       4
       2
       3
       1
       1
       2
       3
       3
       3
       3
       0
       3
       3
       3
       2
       4
       3
       3
       7
       3
       1
       4
       2
       3
       5
       0
       1
       1
       2
       3
       0
       0
       3
       2
       1
       2
       0
       4
       0
       1
       0
       0
       1
       3
       2
       0
       2
       0
       3
       0
       2
       0
       2
       0
       2
       0
       3
       1
       2
       2
       0
       2
       1
       0
       2
       0
       3
       0
       2
       0
       0
       0
       1
       2
       1
       1
       2
       0
       0
       3
       1
       1
       1
       1
       1
       2
       0
       1
       4
       1
       0
       0
       2
       1
       1
       0
       1
       1
       3
       2
       0
       0
       0
       1
       2
       0
       2
       0
       0
       0
       1
       1
       0
       1
       2
       0
       0
       1
       2
       0
       2
       0
       0
       2
       1
       0
       2
       0
       1
       0
       0
       1
       0
       0
       2
       1
       1
       0
       1
       4
       0
       0
       0
       2
       0
       1
       0
       1
       0
       1
       0
       2
       0
       1
       1
       0
       1
       3
       0
       1
       0
       0
       1
       1
       1
       0
       2
       0
       0
       1
       0
       1
       0
       4
       2
       1
       0
       0
       1
       1
       1
       1
       0
       0
       0
       0
       0
       0
       1
       1
       1
       0
       0
       1
       0
       1
       0
       0
       0
       1
       0
       0
       2
       0
       0
       0
       2
       0
       1
       0
       1
       1
       0
       2
       0
       0
       1
       0
       3
       1
       0
       0
       0
       0
       0
       0
       0
       0
       0
       0
       0
       0
       0
       1
       0
       0
       0
       0
       1
       1
       0
       0
       0
       0
       0
       0
       0
       0
       0
       1
       0
       0
       0
       0
       0
       1
       0
       0
       0
       0
       1
       1
       0
       1
       0
       0
       0
       0
       0
       0
       1
       1
       0
       0
       0
       1
       0
       0
       1
       1
       2
       1
       0
       0
       1
       1
       0
       0
       2
       0
       1
       0
       0
       0
       1
       0
       1
       0
       0
       0
       0
       1
       0
       1
       2
       0
       0
       1
       0
       1
       0
       0
       0
       1
       0
       0
       1
       1
       1
       1
       0
       1
       0
       0
       0
       1
       0
       0
       0
       0
       0
       1
       0
       0
       0
       0
       0
       0
       0
       0
       0
       0
       1
       0
       1
       0
       0
       0
       0
       0
       0
       0
       1
       2
       1
       0
       0
       0
       0
       2
       0
       0
       0
       0
       0
       1
       0
       0
       1
       0
       1
       0
       1
       0
       0
       0
       0
       0
       0
       0
       1
       1
       0
       0
       0
       0
       0
       2
       0
       0
       1
       0
       0
       0
       0
       1
       1
       0
       0
       0
       2
       1
       0
       0
       0
       0
       1
       0
       1
       0
       0
       1
       1
       1
       0
       2
       0
       1
       0
       0
       0
       0
       0
       0
       2
       0
       0
       0
       0
       0
       1
       0
       0
       0
       1
       0
       0
       0
       1
       0
       0
       0
       1
       0
       0
       1
       0
       0
       0
       0
       0
       1
       1
       0
       0
       0
       0
       0
       0
       0
       0
       0
       0
       0
       1
       0
       0
       0
       0
       0
       0
       0
       0
       0
       0
       0
       0
       0
       0
       0
       1
       0
       1
       0
       1
       0
       0
       0
       0
       0
       0
       1
       1
       2
       0
       1
       1
       0
       0
       1
       1
       0
       0
       0
       0
       0
       0
       0
       0
       0
       0
       0
       1
       0
       0
       0
       0
       0
       0
       0
       0
       0
       0
       0
       1
       0
       0
       0
       1
       0
       1
       0
       0
       0
       0
       0
       0
       0
       0
       0
       0
       0
       1
       0
       0
       0
       1
       0
       0
       0
       0
       0
       0
       0
       0
       0
       0
       1
       0
       1
       1
       0
       0
       0
       0
       0
       2
       0
       0
       2
       0
       1
       0
       0
       0
       0
       1
       0
       0
       0
       0
       0
       0
       0
       0
       0
       1
       0
       1
       0
       0
       0
       0
       0
       0
       0
       0
       0
       0
       0
       0
       0
       0
       1
       0
       0
       0
       1
       0
       0
       2
       2
       0
       0
       0
       0
       0
       0
       1
       0
       1
       0
       0
       0
       0
       0
       0
       0
       1
       0
       0
       0
       0
       0
       0
       0
       1
       0
       0
       0
       0
       1
       0
       0
       1
       0
       1
       0
       0
       1
       0
       0
       0
       1
       1
       0
       0
       0
       2
       0
       0
       0
       1
       0
       1
       0
       0
       0
       0
       0
       0
       0
       0
       0
       0
       1
       0
       1
       1
       0
       0
       0
       0
       0
       0
       0
       1
       1
       0
       0
       0
       0
       0
       0
       0
       0
       0
       0
       0
       0
       0
       0
       0
       0
       0
       0
       0
       0
       0
       0
       0
       0
       0
       1
       0
       0
       0
       0
       0
       0
       0
       0
       0
       1
       0
       0
       0
       1
       0
       0
       0
       0
       0
       0
       0
       0
       1
       0
       0
       0
       0
       0
       0
       0
       0
       0
       1
       0
       0
       0
       0
       0
       0
       0
       0
       0
       1
       0
       0
       0
       0
       0
       0
       0
       0
       0
       0
       0
       0
       0
       0
       0
       0
       0
       0
       0
       0
       0
       0
       0
       0
       0
       0
       0
       0
       0
       0
       0
       0
       0
       0
       0
       0
       0
       0
       0
       0
       0
       0
       0
       0
       0
       0
       0
       0
       0
       0
       0
       0
       0
       0
       0
       1
       0
       0
       0
       1
       0
       0
       0
       0
       0
       0
       0
       0
       0
       0
       0
       0
       0
       0
       0
       0
       0
       0
       0
       0
       0
       0
       0
       0
       0
       0
       0
       0
       0
       0
       0
       0
       0
       0
       0
       0
       0
       0
       0
       0
       0
       0
       0
       0
       0
       0
       0
       0
       0
       0
       0
       0
       0
       0
       0
       0
       0
       0
       0
       0
       0
       0
       0
       0
       0
       1
       0
       0
       0
       0
       0
       0
       0
       0
       0
       0
       0
       0
       0
       0
       0
       0
       0
       0
       0
       0
       0
       0
       0
       0
       0
       0
       0
       0
       0
       0
       0
       0
       0
       0
       0
       0
       0
       0
       0
       0
       0
       0
       0
       0
       0
       0
       0
       0
       0
       0
       0
       0
       0
       0
       0
       0
       0
       0
       0
       0
       0
       0
       0
       0
       0
       0
       0
       0
       0
       0
       0
       0
       0
       0
       0
       0
       0
       0
       0
       0
       0
       0
       0
       0
       0
       0
       0
       0
       0
       0
       0
       0
       0
       0
       0
       0
       0
       0
       0
$ROI:
0
$PRESETS:
Live Time
300
0
$ENER_FIT:
0.000000 0.000000
$MCA_CAL:
3
0.000000E+000 0.000000E+000 0.000000E+000 
$SHAPE_CAL:
3
0.000000E+000 0.000000E+000 0.000000E+000
