$SPEC_ID:
No sample description was entered.
$SPEC_REM:
DET# 1
DETDESC# PHY-R11-37 MCB 129
AP# Maestro Version 7.01
$DATE_MEA:
11/29/2012 17:18:07
$MEAS_TIM:
720 726
$DATA:
0 2047
       0
       0
       0
       0
       0
       0
       0
       0
       0
       0
       0
       0
       0
       0
       0
       0
       0
       0
       0
       0
       0
       0
       0
       0
       0
       0
       0
       0
       0
       0
       0
       0
       0
       0
       0
       0
       0
       0
       0
       0
       0
       0
       0
       0
       0
       0
       0
       0
       0
       0
       0
       0
       0
       0
       0
       0
       0
       0
       0
       0
       0
       0
       0
       0
       0
       0
       0
       0
       0
       0
       0
       0
       0
       0
       0
       0
       0
       0
       0
       0
       0
       0
       0
       0
       0
       1
       0
       2
       1
       2
       7
       9
      25
    3597
    6687
    6441
    6606
    6474
    6439
    6173
    6152
    6180
    6132
    5950
    5941
    5931
    5855
    5708
    5776
    5744
    5603
    5559
    5524
    5487
    5445
    5315
    5321
    5434
    5251
    5267
    5248
    5155
    5133
    5047
    5000
    5001
    4618
    4692
    4518
    4368
    4223
    4069
    3875
    3733
    3561
    3422
    3175
    3237
    3021
    2995
    2985
    2947
    2809
    2730
    2808
    2718
    2812
    2793
    2763
    2772
    3019
    3035
    3233
    3211
    3065
    3257
    3240
    3222
    3006
    3049
    2820
    2745
    2599
    2427
    2446
    2191
    2121
    2053
    1888
    1948
    1816
    1872
    1791
    1799
    1840
    1760
    1803
    1835
    1910
    1963
    2118
    2280
    2442
    2842
    3163
    3597
    4303
    4950
    5982
    7281
    8654
   10241
   12028
   13898
   15831
   17694
   19859
   21349
   23198
   24172
   25202
   25607
   25375
   24732
   23890
   22713
   20993
   19061
   17174
   14960
   12889
   10998
    9234
    7772
    6404
    5378
    4232
    3572
    2876
    2435
    2063
    1731
    1523
    1372
    1316
    1259
    1187
    1118
    1155
    1086
    1087
    1080
    1060
    1101
    1061
    1075
    1161
    1064
    1080
    1059
    1088
    1072
    1045
    1078
    1027
    1073
    1042
    1029
     987
     955
     963
     989
     938
    1005
     988
     921
     954
    1004
     932
     894
     968
     902
     929
     909
     959
     885
     918
     887
     907
     897
     934
     872
     878
     858
     890
     851
     923
     872
     904
     854
     861
     845
     798
     828
     883
     847
     866
     885
     805
     808
     845
     820
     793
     756
     822
     802
     853
     788
     790
     789
     771
     802
     808
     816
     805
     844
     792
     859
     882
     868
     860
     859
     876
     876
     927
     886
     905
     957
     926
     969
     988
    1009
     984
    1028
    1107
    1074
    1087
    1202
    1240
    1186
    1228
    1350
    1353
    1360
    1391
    1457
    1552
    1521
    1619
    1638
    1760
    1745
    1791
    1754
    1778
    1788
    1844
    1786
    1700
    1684
    1674
    1498
    1650
    1500
    1419
    1348
    1302
    1204
    1143
    1055
     969
     892
     837
     791
     706
     674
     667
     569
     574
     535
     541
     461
     480
     402
     370
     408
     375
     321
     330
     339
     328
     328
     300
     351
     259
     276
     268
     252
     235
     254
     239
     249
     258
     254
     233
     225
     239
     238
     223
     233
     204
     215
     237
     228
     231
     227
     234
     256
     277
     265
     315
     316
     334
     378
     393
     420
     472
     556
     575
     611
     715
     834
     899
     929
    1090
    1201
    1283
    1457
    1541
    1739
    1881
    2063
    2150
    2277
    2591
    2596
    2808
    3002
    3118
    3308
    3316
    3330
    3589
    3503
    3589
    3482
    3584
    3451
    3539
    3268
    3325
    3128
    2903
    2846
    2783
    2479
    2388
    2192
    2139
    1890
    1789
    1635
    1443
    1324
    1163
    1128
     999
     844
     771
     707
     664
     569
     519
     430
     445
     381
     375
     307
     272
     261
     254
     206
     194
     183
     184
     190
     172
     166
     151
     159
     164
     144
     153
     131
     131
     133
     116
     119
     105
     142
     117
     114
     114
     106
     105
     123
     104
     126
     121
     118
     104
     108
     108
     130
     130
      95
     108
     109
     132
     133
     113
     124
     118
      98
      92
     105
     119
     114
     121
     123
     108
     120
     149
     113
     123
     107
     114
     115
     127
     133
     141
     121
     114
      93
     107
     144
     124
     113
     127
     135
     134
     129
     141
     127
     146
     127
     109
     128
     137
     138
     157
     160
     153
     140
     151
     142
     128
     145
     132
     129
     121
     144
     116
     136
     126
     137
     117
      94
     128
     121
     117
      95
     107
     100
      87
     108
      95
      99
      90
      79
     101
      95
      90
      96
      64
      78
      63
      61
      66
      63
      74
      78
      88
      53
      61
      50
      67
      57
      67
      55
      66
      53
      56
      54
      34
      53
      51
      53
      47
      67
      57
      40
      45
      59
      70
      62
      70
      65
      59
      68
      74
      68
      57
      66
      80
      83
      84
      78
      85
      95
      88
      95
      80
      95
     107
      96
      83
      96
     109
     106
     122
     108
     102
      89
      88
      93
      88
      77
      78
      75
      82
      79
      92
      66
      81
      75
      74
      87
      67
      74
      79
      63
      72
      79
      80
      83
      71
      90
      82
      89
     103
     101
      91
     112
     121
     129
     118
     123
     127
     131
     155
     147
     135
     154
     151
     160
     151
     151
     160
     137
     163
     162
     171
     150
     150
     132
     132
     137
     143
     126
     113
     133
     132
     120
      97
      96
      84
      76
      83
      75
      59
      72
      56
      53
      52
      66
      58
      51
      51
      42
      43
      38
      39
      30
      25
      35
      27
      20
      26
      21
      22
      20
      24
      16
      17
      16
      20
      12
      17
      19
      12
      19
      13
      13
      17
       9
      11
      12
      10
      15
      13
      11
      13
      16
      15
       6
      12
      12
      17
      15
      20
      11
      11
       8
      14
      16
      14
      20
      19
      17
      17
      16
      18
      13
      15
      17
      12
      23
      22
      14
      16
      12
      13
      13
      17
      13
      10
       9
      14
      14
      14
      13
      17
      19
      13
      14
      16
      16
       8
      10
      11
      12
      12
      13
      10
      20
      15
      13
      14
      16
       6
      13
      14
       6
      10
      11
       8
       8
      11
      14
       3
       8
       8
      13
      15
      17
      12
      10
       8
      10
      10
      15
       9
      11
       8
       9
       4
      10
      12
       7
      10
      14
       9
      10
      13
      11
      12
      13
       6
      15
      11
      13
      10
       7
      10
      11
       7
      12
       6
      10
      10
       5
       9
      14
       8
       9
       4
       7
       7
       8
      13
       3
       4
      10
       6
       8
       8
       4
       7
      10
       6
      10
       5
      11
       9
       7
       8
       6
       4
       5
       7
       7
      10
       6
      10
       5
       9
       6
       6
       6
       8
       7
       6
       8
      10
       9
       8
       6
       9
       7
       4
       4
       8
       6
       9
       5
       8
       7
       5
       6
      10
       7
       4
       5
       8
       4
       2
       4
       2
       7
       8
       7
       4
       8
       7
       4
       4
      10
      11
       3
       2
       3
       8
       7
       7
       3
       8
       7
       7
      12
      10
       8
       4
       9
       8
      11
       6
       9
      13
      10
       9
       8
       7
      12
      14
      18
      11
      10
      10
      16
      12
       9
      12
      13
       7
      18
      12
       9
       8
      15
      10
      10
      13
      10
      15
      12
      14
       9
      14
       9
      14
      12
      12
      13
      15
      13
       5
      10
       9
      11
      10
       6
       9
      17
       7
       8
      11
      11
       8
      11
      10
      13
       6
       4
       5
      12
       5
       8
       5
       3
      17
      12
      10
       9
       7
       9
       9
       6
       9
       1
       6
       8
      10
       6
       3
       5
       7
       4
       6
       5
       6
       4
       5
       8
       7
       8
       3
       5
       1
       4
       2
       3
       5
       6
       2
       5
       6
       3
       0
       6
       5
       5
       5
       4
       5
       2
       3
       4
       4
       3
       2
       4
       1
       6
       3
       2
       2
       6
       5
       7
       5
       3
       4
       4
       3
       3
       3
       3
       3
       4
       5
       8
       1
       2
       3
       4
       4
       3
       6
       2
       3
       3
       2
       4
       3
       2
       3
       3
       3
       3
       2
       5
       3
       3
       3
       4
       5
       2
       5
       3
       5
       2
       2
       2
       3
       1
       2
       2
       1
       5
       3
       5
       6
       4
       7
       3
       4
       5
       3
       4
       5
       2
       4
       3
       1
       1
       3
       3
       4
       3
       2
       3
       3
       3
       3
       2
       4
       1
       1
       2
       1
       4
       4
       1
       1
       6
       1
       2
       2
       4
       3
       1
       3
       6
       3
       4
       4
       3
       1
       3
       3
       0
       5
       2
       5
       2
       0
       2
       0
       3
       4
       3
       2
       4
       6
       2
       4
       2
       4
       6
       5
       2
       3
       5
       5
       5
       2
       4
       3
       3
       4
       5
       6
       4
       6
       3
       6
       6
       4
       7
       5
       3
       3
       3
       3
       0
       4
       3
       4
       0
       1
       4
       1
       3
       5
       8
       2
       6
       6
       0
       3
       4
       3
       3
       2
       2
       1
       2
       2
       3
       2
       1
       0
       6
       2
       0
       3
       3
       4
       4
       1
       1
       1
       3
       4
       5
       1
       1
       1
       3
       4
       2
       2
       1
       1
       0
       3
       2
       2
       1
       0
       1
       0
       1
       1
       4
       3
       0
       4
       2
       2
       2
       4
       2
       3
       3
       1
       3
       1
       2
       1
       3
       1
       1
       0
       3
       1
       2
       0
       2
       2
       1
       3
       1
       2
       4
       5
       2
       0
       3
       3
       1
       2
       0
       1
       2
       2
       2
       2
       2
       6
       0
       2
       3
       2
       3
       3
       2
       3
       3
       1
       2
       3
       1
       2
       3
       0
       5
       3
       3
       4
       4
       0
       1
       1
       5
       4
       3
       1
       1
       1
       0
       2
       3
       1
       2
       4
       2
       2
       0
       3
       0
       4
       1
       6
       1
       1
       3
       4
       1
       2
       2
       0
       3
       6
       1
       0
       0
       3
       1
       1
       3
       2
       1
       0
       0
       1
       4
       1
       5
       2
       4
       1
       1
       0
       1
       2
       0
       0
       1
       7
       0
       1
       0
       5
       0
       1
       2
       1
       0
       0
       3
       1
       0
       0
       2
       0
       4
       3
       2
       1
       0
       2
       4
       4
       1
       1
       1
       2
       3
       4
       1
       1
       2
       1
       3
       2
       2
       4
       1
       1
       2
       1
       1
       1
       1
       0
       2
       0
       1
       0
       1
       1
       2
       2
       1
       2
       3
       3
       3
       1
       1
       0
       0
       2
       5
       1
       1
       1
       1
       1
       1
       4
       3
       3
       1
       3
       3
       0
       3
       0
       4
       1
       1
       2
       2
       2
       3
       1
       1
       0
       2
       1
       2
       4
       2
       2
       1
       1
       0
       5
       1
       0
       1
       3
       1
       0
       2
       1
       4
       3
       2
       1
       3
       0
       0
       2
       2
       3
       3
       2
       6
       1
       0
       2
       3
       0
       1
       1
       1
       0
       1
       3
       2
       3
       1
       1
       2
       2
       1
       1
       2
       2
       2
       4
       2
       1
       1
       1
       0
       2
       0
       0
       2
       3
       0
       2
       1
       1
       0
       3
       3
       0
       1
       1
       2
       3
       2
       1
       1
       0
       1
       1
       1
       0
       2
       0
       0
       4
       0
       0
       0
       0
       1
       1
       1
       2
       0
       1
       0
       0
       1
       0
       2
       3
       1
       4
       0
       2
       3
       0
       1
       1
       2
       1
       3
       1
       2
       0
       2
       0
       1
       2
       0
       2
       0
       1
       1
       1
       2
       0
       4
       5
       1
       1
       1
       2
       1
       1
       3
       0
       1
       1
       0
       3
       1
       3
       1
       1
       2
       0
       0
       1
       2
       2
       2
       2
       1
       0
       0
       1
       0
       2
       0
       1
       1
       2
       3
       1
       0
       1
       0
       1
       2
       1
       3
       0
       1
       1
       0
       1
       3
       1
       1
       1
       1
       1
       1
       1
       1
       0
       3
       3
       1
       4
       2
       0
       4
       2
       0
       2
       3
       0
       1
       1
       1
       1
       3
       2
       0
       2
       3
       1
       1
       3
       3
       2
       2
       2
       2
       0
       1
       1
       1
       3
       0
       1
       0
       1
       2
       1
       2
       1
       1
       0
       2
       3
       3
       1
       1
       1
       2
       2
       0
       4
       1
       1
       2
       1
       2
       0
       1
       0
       1
       2
       0
       1
       2
       1
       0
       1
       2
       0
       0
       0
       0
       0
       0
       1
       3
       2
       2
       4
       0
       0
       0
       3
       0
       2
       1
       0
       1
       0
       2
       1
       5
       0
       0
       0
       2
       3
       1
       1
       0
       1
       2
       1
       3
       1
       2
       0
       0
       1
       1
       2
       2
       1
       2
       0
       1
       1
       1
       2
       1
       2
       3
       2
       1
       3
       4
       2
       0
       2
       1
       0
       1
       0
       0
       1
       2
       0
       1
       1
       3
       2
       0
       0
       2
       0
       2
       4
       1
       0
       1
       2
       1
       0
       1
       1
       2
       1
       4
       3
       0
       0
       2
       3
       1
       0
       0
       1
       1
       3
       0
       0
       0
       0
       2
       1
       1
       1
       0
       0
       1
       0
       2
       0
       0
       0
       0
       0
       1
       1
       0
       1
       1
       0
       2
       2
       0
       0
       0
       0
       0
       0
       0
       0
       0
       0
       0
       0
       0
       0
       0
       0
       0
       0
       0
       0
       0
       0
       0
       0
       0
       0
       0
       0
       0
       0
       0
       0
       0
       0
       0
       0
       0
       0
       0
       0
       0
       0
       0
       0
       0
       0
       0
       0
       0
       0
       0
       0
       0
       0
       0
       0
       0
       0
       0
       0
       0
       0
       0
       0
       0
       0
       0
       0
       0
       0
       0
       0
       0
       0
       0
       0
       0
       0
       0
       0
       0
       0
       0
       0
       0
       0
       0
       0
       0
       0
       0
       0
       0
       0
       0
       0
       0
       0
       0
       0
       0
       0
       0
       0
       0
       0
       0
       0
       0
       0
       0
       0
       0
       0
       0
       0
       0
       0
       0
       0
       0
       0
       0
       0
       0
       0
       0
       0
       0
       0
       0
       0
       0
       0
       0
       0
       0
       0
       0
       0
       0
       0
       0
       0
       0
       0
       0
       0
       0
$ROI:
0
$PRESETS:
Live Time
720
0
$ENER_FIT:
0.000000 0.000000
$MCA_CAL:
3
0.000000E+000 0.000000E+000 0.000000E+000 
$SHAPE_CAL:
3
0.000000E+000 0.000000E+000 0.000000E+000
