$SPEC_ID:
No sample description was entered.
$SPEC_REM:
DET# 1
DETDESC# PHY-R11-37 MCB 129
AP# Maestro Version 7.01
$DATE_MEA:
11/20/2012 16:31:03
$MEAS_TIM:
2500 2546
$DATA:
0 2047
       0
       0
       0
       0
       0
       0
       0
       0
       0
       0
       0
       0
       0
       0
       0
       0
       0
       0
       0
       0
       0
       0
       0
       0
       0
       0
       0
       0
       0
       1
       0
       0
       0
       0
       0
       1
       3
       1
       6
       8
       8
      12
      20
      46
      72
     308
   49928
  103957
  101810
   98558
   94818
   93530
   91384
   88941
   87684
   86052
   84121
   83098
   81395
   79957
   78756
   78249
   77281
   76279
   75701
   75363
   74780
   74658
   73874
   72849
   71183
   70321
   67825
   65841
   63834
   61396
   59919
   57856
   56220
   54652
   53217
   52238
   50701
   49557
   48370
   47313
   46093
   45066
   44241
   43318
   42283
   41259
   40369
   39322
   38666
   38249
   37024
   36149
   35886
   35334
   34868
   34262
   33435
   33076
   32465
   32074
   31865
   31826
   30993
   31013
   30243
   29817
   29045
   29164
   28749
   28221
   28091
   27693
   27483
   27360
   26981
   26825
   26520
   26180
   26359
   25910
   25783
   25498
   25001
   24556
   24149
   23762
   23315
   23152
   22800
   22215
   21666
   22013
   21345
   21139
   20584
   20514
   20101
   20175
   19828
   19870
   19496
   19548
   19110
   19084
   18883
   18792
   18947
   18396
   18348
   18177
   18326
   17708
   17713
   17749
   17213
   17066
   16850
   16676
   16750
   16576
   16493
   16534
   16444
   16589
   16793
   17137
   17334
   17546
   17864
   18427
   18720
   18896
   19085
   19169
   19429
   19138
   19168
   18791
   18171
   17314
   16872
   16297
   15639
   14952
   14427
   13683
   13278
   12972
   12668
   12398
   12130
   11726
   11627
   11426
   11320
   11203
   11314
   11092
   11146
   10985
   10983
   10976
   10970
   11301
   11104
   11190
   11603
   11679
   11959
   12043
   12723
   13713
   13933
   15022
   15922
   16973
   18470
   19849
   21105
   22628
   23774
   25243
   26620
   27010
   27918
   28133
   28437
   28224
   27423
   26039
   24753
   23658
   22046
   20338
   18622
   16948
   15282
   13437
   12037
   10942
    9769
    8753
    7947
    7093
    6650
    6190
    5916
    5492
    5283
    5176
    5111
    5002
    4868
    4738
    4775
    4549
    4727
    4585
    4531
    4513
    4543
    4502
    4571
    4357
    4354
    4406
    4397
    4419
    4395
    4289
    4281
    4365
    4248
    4305
    4227
    4167
    4181
    4101
    4179
    4114
    4087
    4110
    4100
    4102
    3909
    4020
    4083
    4077
    4046
    4017
    4063
    3987
    4004
    3964
    3955
    3922
    3908
    3993
    3909
    3805
    3890
    3890
    3775
    3831
    3766
    3761
    3729
    3706
    3668
    3788
    3676
    3702
    3680
    3731
    3571
    3528
    3535
    3566
    3559
    3521
    3447
    3511
    3579
    3446
    3421
    3569
    3416
    3414
    3380
    3479
    3369
    3326
    3285
    3221
    3342
    3208
    3260
    3213
    3302
    3156
    3239
    3128
    3178
    3145
    2986
    3107
    3123
    3165
    3079
    3024
    3076
    3010
    3153
    3096
    3022
    2969
    2946
    3007
    2925
    3043
    2836
    2890
    3009
    2997
    2990
    2902
    2958
    2991
    3002
    3048
    3067
    3014
    3036
    3088
    3053
    3193
    3100
    3143
    3160
    3158
    3285
    3362
    3331
    3417
    3378
    3550
    3668
    3637
    3769
    3821
    3762
    3883
    3921
    3925
    3972
    4039
    3979
    4031
    4057
    3978
    4051
    3986
    3746
    3769
    3695
    3596
    3552
    3440
    3380
    3361
    3144
    3024
    2971
    2928
    2797
    2716
    2742
    2709
    2617
    2557
    2515
    2544
    2453
    2453
    2478
    2369
    2371
    2457
    2385
    2475
    2404
    2571
    2548
    2565
    2549
    2513
    2651
    2664
    2720
    2855
    2842
    2936
    3015
    2936
    2962
    3074
    3075
    3102
    3267
    3167
    3185
    3207
    3177
    3123
    3127
    3058
    3102
    3001
    3008
    3036
    2784
    2820
    2783
    2755
    2586
    2557
    2435
    2406
    2335
    2343
    2299
    2239
    2150
    2175
    2029
    2114
    2083
    2052
    2157
    1953
    2057
    2071
    2010
    1984
    1957
    2018
    1932
    1997
    1979
    1968
    1960
    1987
    2041
    1955
    2021
    1983
    1927
    1943
    1892
    1907
    1879
    1749
    1862
    1920
    1924
    1821
    1774
    1813
    1760
    1698
    1733
    1782
    1650
    1684
    1683
    1591
    1613
    1650
    1617
    1549
    1556
    1626
    1609
    1563
    1519
    1490
    1541
    1574
    1531
    1471
    1505
    1462
    1534
    1517
    1612
    1478
    1491
    1466
    1603
    1514
    1485
    1390
    1504
    1428
    1537
    1469
    1478
    1484
    1439
    1428
    1434
    1487
    1472
    1453
    1430
    1477
    1509
    1538
    1522
    1518
    1534
    1527
    1499
    1624
    1573
    1596
    1640
    1686
    1593
    1703
    1713
    1713
    1752
    1664
    1748
    1670
    1820
    1893
    1863
    1865
    1802
    1799
    1845
    1891
    1891
    1839
    1881
    1821
    1828
    1791
    1821
    1821
    1767
    1769
    1821
    1615
    1703
    1702
    1712
    1634
    1673
    1677
    1634
    1641
    1565
    1560
    1692
    1544
    1559
    1580
    1606
    1546
    1542
    1583
    1507
    1551
    1563
    1552
    1551
    1452
    1531
    1492
    1546
    1479
    1565
    1561
    1575
    1597
    1514
    1453
    1460
    1503
    1446
    1443
    1483
    1490
    1467
    1514
    1495
    1512
    1494
    1493
    1508
    1443
    1413
    1385
    1443
    1403
    1415
    1359
    1437
    1395
    1384
    1330
    1327
    1314
    1326
    1327
    1320
    1256
    1273
    1215
    1223
    1155
    1230
    1201
    1239
    1080
    1130
    1124
    1109
    1038
    1062
    1014
    1002
     979
    1001
     978
     936
     929
     905
     907
     947
     928
     944
     844
     839
     793
     862
     826
     795
     808
     785
     785
     758
     825
     790
     754
     811
     754
     808
     822
     770
     747
     789
     828
     788
     824
     857
     809
     850
     914
     847
     830
     933
     935
     950
     969
    1052
    1032
    1115
    1178
    1266
    1283
    1365
    1417
    1438
    1556
    1630
    1771
    1883
    1906
    2013
    2060
    2201
    2168
    2334
    2423
    2485
    2454
    2671
    2603
    2784
    2721
    2798
    2806
    2852
    2831
    2969
    2959
    2842
    2784
    2867
    2756
    2851
    2684
    2591
    2578
    2654
    2522
    2425
    2244
    2230
    2121
    2038
    1983
    1924
    1898
    1812
    1636
    1584
    1521
    1400
    1411
    1276
    1277
    1194
    1121
    1091
    1041
     997
     899
     889
     789
     801
     735
     704
     685
     655
     626
     592
     581
     491
     547
     534
     518
     470
     494
     450
     437
     415
     427
     427
     425
     416
     397
     364
     398
     414
     388
     398
     389
     350
     378
     388
     325
     350
     383
     390
     381
     353
     412
     371
     378
     395
     400
     363
     344
     369
     364
     351
     391
     398
     381
     360
     373
     403
     351
     339
     367
     381
     367
     352
     357
     375
     375
     357
     391
     353
     389
     384
     381
     402
     389
     349
     416
     373
     358
     390
     361
     416
     368
     382
     368
     418
     384
     390
     408
     392
     394
     385
     418
     427
     385
     378
     406
     403
     412
     434
     386
     392
     410
     383
     389
     426
     364
     353
     402
     380
     413
     370
     373
     389
     386
     371
     372
     364
     392
     365
     440
     391
     353
     399
     396
     384
     364
     398
     376
     363
     377
     363
     353
     393
     382
     366
     343
     386
     397
     378
     385
     352
     342
     381
     351
     339
     351
     400
     350
     302
     355
     389
     352
     346
     331
     365
     387
     354
     359
     340
     373
     366
     373
     361
     375
     356
     395
     325
     370
     333
     320
     413
     344
     347
     343
     355
     360
     330
     333
     365
     349
     338
     355
     338
     307
     354
     326
     345
     347
     330
     353
     344
     349
     382
     347
     344
     333
     371
     321
     367
     319
     363
     332
     327
     356
     322
     349
     315
     364
     325
     352
     335
     359
     354
     328
     365
     345
     351
     334
     362
     333
     327
     358
     364
     364
     352
     358
     364
     353
     320
     361
     358
     313
     337
     325
     339
     380
     338
     388
     379
     353
     340
     333
     349
     363
     359
     323
     355
     356
     322
     336
     365
     351
     321
     339
     351
     357
     407
     349
     347
     393
     382
     370
     391
     357
     324
     338
     356
     375
     378
     354
     352
     346
     362
     386
     345
     328
     333
     356
     358
     353
     369
     367
     365
     358
     362
     376
     365
     367
     378
     359
     383
     348
     346
     371
     371
     374
     348
     375
     376
     331
     388
     355
     373
     399
     396
     376
     397
     381
     344
     400
     377
     393
     403
     384
     398
     384
     399
     370
     436
     431
     431
     441
     426
     414
     404
     434
     431
     410
     457
     446
     469
     480
     504
     468
     499
     477
     490
     523
     488
     468
     500
     513
     529
     509
     554
     540
     524
     556
     562
     582
     529
     597
     540
     599
     539
     591
     574
     591
     573
     575
     537
     570
     557
     588
     586
     611
     567
     520
     567
     570
     558
     558
     578
     585
     556
     572
     573
     516
     549
     528
     513
     534
     549
     563
     533
     523
     562
     523
     559
     525
     546
     559
     543
     493
     558
     496
     531
     570
     537
     528
     493
     570
     488
     508
     483
     490
     520
     494
     505
     499
     488
     477
     490
     491
     541
     507
     489
     492
     518
     514
     496
     469
     492
     469
     503
     475
     462
     482
     542
     480
     438
     497
     532
     505
     481
     486
     452
     496
     466
     478
     490
     499
     469
     477
     492
     487
     457
     446
     473
     500
     457
     485
     453
     497
     506
     469
     464
     481
     474
     423
     447
     410
     479
     424
     495
     474
     443
     486
     487
     428
     502
     446
     492
     446
     453
     477
     471
     469
     465
     432
     424
     479
     502
     493
     448
     447
     488
     498
     459
     489
     489
     463
     516
     520
     516
     533
     529
     499
     571
     525
     529
     519
     580
     546
     562
     600
     593
     592
     588
     629
     638
     582
     640
     663
     677
     656
     709
     677
     705
     714
     731
     759
     712
     748
     702
     733
     742
     803
     796
     763
     799
     780
     856
     801
     788
     789
     831
     845
     807
     789
     835
     778
     775
     792
     809
     799
     793
     783
     769
     774
     770
     748
     768
     709
     757
     699
     750
     727
     707
     752
     745
     729
     760
     708
     710
     673
     709
     616
     664
     735
     645
     667
     672
     648
     616
     640
     633
     574
     586
     570
     580
     567
     576
     564
     539
     549
     563
     571
     520
     547
     506
     565
     486
     499
     535
     483
     485
     480
     488
     455
     443
     447
     463
     432
     467
     409
     441
     434
     450
     422
     437
     410
     403
     372
     421
     386
     409
     378
     365
     385
     366
     341
     361
     324
     349
     342
     349
     354
     308
     327
     298
     313
     282
     338
     304
     317
     288
     305
     303
     292
     260
     257
     269
     295
     270
     258
     279
     267
     263
     263
     304
     271
     280
     268
     291
     282
     265
     331
     297
     284
     323
     310
     341
     333
     301
     357
     326
     298
     314
     345
     355
     377
     359
     380
     410
     396
     417
     423
     421
     450
     381
     428
     500
     455
     473
     500
     500
     487
     493
     522
     555
     526
     526
     563
     542
     568
     568
     577
     546
     563
     559
     625
     639
     600
     600
     607
     656
     617
     624
     602
     628
     608
     598
     646
     557
     636
     603
     606
     595
     582
     609
     582
     587
     539
     549
     530
     516
     509
     549
     474
     477
     492
     485
     468
     476
     449
     435
     458
     417
     400
     420
     385
     353
     375
     366
     345
     344
     317
     334
     291
     315
     291
     298
     241
     291
     280
     254
     221
     233
     247
     224
     213
     224
     221
     198
     175
     177
     173
     190
     180
     163
     153
     149
     143
     125
     131
     128
     124
     116
     108
     112
     116
     122
     107
     114
      93
      84
     108
      79
      82
      82
      79
      83
      80
      74
      61
      63
      60
      69
      73
      54
      69
      61
      53
      52
      51
      54
      74
      53
      50
      37
      49
      49
      57
      45
      56
      53
      58
      59
      55
      49
      58
      51
      60
      63
      49
      49
      39
      47
      50
      45
      53
      54
      46
      40
      43
      57
      36
      62
      44
      42
      47
      50
      50
      66
      57
      47
      40
      39
      37
      54
      51
      56
      44
      50
      54
      41
      42
      46
      48
      49
      37
      52
      48
      57
      64
      61
      43
      57
      52
      54
      45
      38
      50
      39
      56
      51
      45
      55
      47
      58
      39
      39
      59
      42
      57
      49
      49
      56
      56
      64
      59
      55
      62
      43
      67
      54
      57
      37
      60
      55
      53
      60
      50
      50
      52
      52
      56
      57
      57
      56
      53
      60
      61
      57
      61
      52
      61
      48
      57
      60
      49
      50
      70
      64
      57
      64
      48
      45
      56
      59
      58
      47
      50
      52
      54
      58
      49
      57
      54
      55
      57
      52
      47
      62
      55
      49
      78
      71
      64
      63
      51
      66
      64
      51
      36
      49
      57
      53
      47
      58
      57
      65
      53
      49
      41
      53
      54
      54
      57
      47
      52
      65
      54
      55
      42
      55
      45
      50
      46
      52
      49
      47
      45
      49
      51
      50
      42
      43
      47
      47
      49
      40
      53
      60
      50
      45
      57
      50
      53
      53
      50
      40
      48
      46
      49
      37
      47
      54
      46
      54
      61
      49
      51
      59
      50
      49
      50
      52
      54
      47
      52
      46
      63
      48
      45
      50
      51
      47
      47
      39
      48
      54
      58
      55
      45
      54
      48
      44
      55
      57
      48
      44
      54
      69
      46
      44
      52
      52
      52
      53
      33
      63
      58
      59
      56
      41
      49
      55
      48
      61
      60
      58
      52
      51
      49
      61
      49
      53
      49
      54
      60
      68
      55
      45
      53
      47
      55
      64
      64
      67
      74
      81
      60
      63
      66
      52
      60
      64
      59
      54
      35
       4
       1
       1
       1
       0
       0
       0
       0
       0
       0
       0
       0
       0
       0
       0
       0
       0
       0
       0
       0
       0
       0
       0
       0
       0
       0
       0
       0
       0
       0
       0
       0
       0
       0
       0
       0
       0
       0
       0
       0
       0
       0
       0
       0
       0
       0
       0
       0
       0
       0
       0
       0
       0
       0
       0
       0
       0
       0
       0
       0
       0
       0
       0
       0
       0
       0
       0
       0
       0
       0
       0
       0
       0
       0
       0
       0
       0
       0
       0
       0
       0
       0
       0
       0
       0
       0
       0
       0
       0
       0
       0
       0
       0
       0
       0
       0
       0
       0
       0
       0
       0
       0
       0
       0
       0
       0
       0
       0
       0
       0
       0
       0
       0
       0
       0
       0
       0
       0
       0
       0
       0
       0
       0
       0
       0
       0
       0
       0
       0
       0
       0
       0
       0
       0
       0
       0
       0
       0
       0
       0
       0
       0
       0
       0
       0
       0
       0
       0
       0
       0
       0
       0
       0
       0
       0
       0
       0
       0
       0
       0
       0
       0
       0
       0
       0
       0
       0
       0
       0
       0
$ROI:
0
$PRESETS:
Live Time
2500
0
$ENER_FIT:
0.000000 0.000000
$MCA_CAL:
3
0.000000E+000 0.000000E+000 0.000000E+000 
$SHAPE_CAL:
3
0.000000E+000 0.000000E+000 0.000000E+000
