$SPEC_ID:
No sample description was entered.
$SPEC_REM:
DET# 1
DETDESC# PHY-R11-37 MCB 129
AP# Maestro Version 7.01
$DATE_MEA:
11/15/2012 16:19:59
$MEAS_TIM:
300 337
$DATA:
0 2047
       0
       0
       0
       0
       0
       0
       0
       0
       0
       0
       0
       0
       0
       0
       0
       0
       0
       0
       0
       0
       0
       0
       0
       0
       0
       0
       0
       0
       0
       0
       0
       0
       0
       0
       0
       0
       0
       0
       0
       0
       0
       0
       0
       0
       0
       0
       0
      12
    6460
   14681
   14602
   14134
   14195
   13928
   13558
   13288
   13060
   12816
   12389
   12261
   11815
   11474
   11118
   10799
   10526
   10222
   10049
    9878
    9411
    9184
    9200
    8842
    8441
    8332
    8107
    7746
    7544
    7345
    7083
    7061
    6854
    6789
    6792
    6956
    7069
    6990
    6789
    6454
    6109
    5773
    5668
    5461
    5152
    5107
    5199
    5069
    4926
    4819
    4827
    4587
    4594
    4525
    4548
    4403
    4168
    4230
    4137
    4146
    4071
    3965
    3994
    3862
    3956
    3754
    3750
    3704
    3474
    3634
    3574
    3583
    3467
    3452
    3470
    3377
    3345
    3330
    3276
    3362
    3223
    3313
    3209
    3269
    3201
    3202
    3163
    3176
    3091
    3190
    3183
    3132
    3277
    3335
    3316
    3282
    3379
    3370
    3375
    3392
    3352
    3224
    3329
    3095
    3000
    2913
    2777
    2607
    2629
    2611
    2474
    2420
    2409
    2307
    2370
    2391
    2377
    2338
    2390
    2465
    2538
    2520
    2595
    2574
    2561
    2621
    2608
    2733
    2768
    2964
    3057
    3269
    3414
    3530
    3717
    4007
    4149
    4228
    4284
    4303
    4326
    4127
    4063
    3798
    3501
    3384
    3119
    2709
    2532
    2265
    2113
    1944
    1744
    1620
    1488
    1467
    1345
    1274
    1140
    1163
    1102
    1058
     981
    1037
     972
     955
     862
     865
     845
     866
     870
     847
     779
     820
     772
     750
     800
     721
     708
     745
     742
     725
     722
     742
     714
     683
     694
     660
     656
     676
     677
     668
     638
     622
     644
     636
     628
     635
     631
     602
     607
     614
     610
     606
     561
     577
     584
     577
     572
     577
     537
     527
     565
     510
     539
     551
     523
     526
     513
     543
     537
     519
     467
     502
     458
     519
     510
     493
     503
     534
     464
     458
     487
     507
     482
     493
     451
     464
     475
     453
     493
     476
     419
     482
     427
     413
     430
     422
     423
     486
     418
     445
     466
     434
     420
     448
     444
     461
     461
     516
     464
     479
     506
     476
     455
     504
     445
     503
     527
     510
     479
     439
     478
     470
     477
     489
     512
     530
     433
     487
     446
     468
     434
     475
     474
     439
     428
     428
     387
     414
     416
     382
     385
     383
     379
     407
     382
     332
     350
     323
     338
     336
     341
     365
     362
     350
     366
     344
     355
     372
     339
     358
     397
     357
     389
     368
     382
     403
     392
     384
     368
     386
     352
     360
     339
     385
     356
     381
     334
     314
     297
     307
     345
     323
     354
     296
     288
     285
     286
     281
     315
     256
     289
     273
     292
     263
     323
     279
     287
     265
     287
     258
     291
     272
     282
     252
     265
     308
     265
     257
     271
     260
     267
     237
     250
     287
     265
     261
     253
     267
     258
     267
     226
     226
     248
     258
     240
     237
     210
     239
     202
     218
     253
     213
     211
     219
     232
     220
     200
     240
     198
     214
     201
     209
     222
     207
     191
     219
     193
     191
     204
     204
     203
     228
     215
     213
     221
     206
     205
     211
     231
     204
     198
     203
     211
     226
     222
     239
     219
     200
     217
     242
     227
     251
     223
     241
     244
     254
     238
     242
     248
     241
     252
     252
     234
     225
     228
     215
     237
     220
     244
     228
     249
     245
     226
     220
     201
     228
     207
     212
     206
     207
     205
     197
     240
     230
     197
     216
     202
     225
     188
     192
     218
     213
     203
     190
     227
     231
     205
     214
     229
     215
     211
     206
     172
     194
     189
     186
     182
     171
     213
     185
     176
     184
     160
     166
     187
     180
     158
     181
     169
     162
     164
     181
     162
     159
     165
     162
     157
     166
     157
     134
     156
     155
     145
     148
     126
     121
     120
     156
     139
     132
     131
     131
     110
     119
     128
     120
     116
     100
     130
     135
     113
     117
     119
     149
     115
     124
     123
     124
     125
     133
     128
     158
     146
     146
     167
     147
     169
     177
     192
     187
     199
     207
     208
     235
     231
     250
     281
     243
     264
     259
     256
     264
     282
     319
     333
     350
     330
     355
     316
     382
     335
     336
     352
     346
     345
     357
     311
     292
     291
     272
     263
     242
     231
     255
     228
     209
     219
     181
     193
     191
     165
     166
     184
     159
     136
     123
     138
     162
     116
     101
     106
      97
      95
      84
      96
     117
     105
      92
      76
      73
      78
      77
      61
      71
      66
      71
      69
      79
      78
      59
      56
      65
      65
      71
      62
      62
      60
      81
      52
      60
      62
      61
      72
      56
      65
      65
      55
      56
      62
      49
      63
      56
      54
      43
      45
      60
      60
      66
      61
      62
      69
      61
      55
      58
      64
      54
      60
      61
      44
      62
      54
      58
      64
      61
      44
      61
      56
      68
      54
      54
      52
      57
      59
      47
      50
      60
      75
      57
      60
      64
      63
      45
      54
      56
      55
      57
      57
      73
      66
      45
      61
      63
      57
      57
      54
      52
      55
      48
      56
      64
      49
      56
      58
      59
      64
      47
      55
      47
      67
      48
      53
      46
      53
      67
      65
      47
      57
      49
      58
      42
      55
      47
      32
      48
      44
      73
      36
      38
      48
      50
      53
      42
      51
      53
      50
      39
      39
      55
      51
      53
      49
      59
      47
      43
      60
      54
      39
      48
      61
      52
      41
      46
      63
      51
      65
      54
      50
      51
      40
      45
      57
      54
      42
      49
      43
      54
      43
      44
      46
      49
      49
      51
      53
      70
      64
      50
      55
      35
      45
      44
      50
      45
      50
      56
      55
      45
      54
      52
      63
      39
      53
      54
      40
      52
      39
      46
      58
      46
      75
      61
      58
      43
      40
      47
      48
      51
      52
      48
      62
      61
      57
      55
      42
      49
      46
      54
      43
      49
      56
      45
      52
      53
      50
      54
      55
      58
      49
      64
      60
      45
      48
      56
      45
      52
      50
      44
      52
      53
      56
      66
      51
      54
      69
      55
      45
      57
      47
      47
      56
      62
      50
      51
      56
      54
      39
      57
      70
      61
      68
      62
      56
      71
      56
      57
      66
      73
      56
      56
      61
      57
      85
      58
      81
      62
      73
      72
      66
      71
      72
      73
      90
      76
      74
      83
      78
      78
      66
      80
      67
      84
      81
      80
      64
      81
      84
      77
      76
      74
      72
      71
      60
      88
      73
      63
      60
      80
      70
      73
      74
     102
      60
      64
      75
      75
      76
      67
      64
      69
      70
      62
      84
      71
      77
      61
      71
      67
      74
      69
      52
      84
      67
      69
      76
      79
      53
      66
      52
      52
      74
      70
      86
      57
      58
      62
      59
      70
      69
      63
      55
      55
      66
      58
      63
      77
      58
      63
      66
      63
      78
      61
      72
      45
      55
      69
      66
      60
      69
      67
      46
      62
      76
      65
      75
      59
      60
      62
      77
      81
      76
      82
      61
      69
      59
      73
      52
      74
      64
      83
      74
      70
      50
      80
      64
      67
      79
      72
      62
      65
      76
      81
      78
      85
      80
      95
      78
      72
      68
      93
      75
     100
      92
      98
      90
     103
      99
      96
     106
      74
      94
      93
      84
      92
      97
     100
     100
      98
     116
     100
     101
      99
     132
      87
     118
     100
     109
     104
     101
      92
      98
     102
     116
     104
      99
      90
      88
      85
      83
      91
      77
      93
      70
      96
      74
     103
      95
      66
      83
      78
      83
      93
      76
      73
      66
      78
      73
      82
      67
      86
      87
      65
      87
      67
      73
      75
      70
      63
      59
      67
      77
      63
      63
      69
      50
      70
      51
      62
      77
      72
      51
      64
      74
      58
      58
      45
      48
      59
      42
      44
      48
      50
      48
      46
      35
      57
      35
      57
      46
      36
      39
      37
      32
      42
      47
      39
      57
      39
      32
      50
      48
      38
      37
      30
      55
      49
      56
      57
      41
      52
      41
      49
      38
      51
      49
      56
      45
      49
      63
      45
      48
      62
      59
      54
      50
      55
      60
      55
      84
      73
      77
      71
      78
      70
      80
      64
      75
      90
      76
      81
      62
      61
      85
      82
      98
     100
      82
      71
      78
      82
      72
      77
      67
      68
      78
      83
      75
      78
      65
      74
      85
      76
      72
      57
      67
      72
      71
      53
      52
      61
      53
      54
      50
      61
      44
      49
      42
      42
      39
      46
      53
      43
      45
      57
      44
      33
      30
      43
      35
      26
      37
      22
      34
      22
      38
      30
      20
      20
      27
      20
      23
      19
      22
      10
      30
      21
      11
      17
      14
      28
      19
      13
      21
      23
      12
      12
      23
      19
      11
      11
      18
      11
      13
      15
      13
      11
      16
      10
      14
      11
      10
      11
      16
       6
      11
      14
      14
      11
      10
       7
      11
       8
       8
       8
      10
       7
       4
       6
       7
      11
       8
      11
       7
      12
      10
      10
       7
       6
       7
       9
      14
       6
       6
       9
       9
       5
      11
       6
       6
      13
      11
      13
       4
       8
       9
      10
      10
       4
      10
      10
       7
      10
      11
       8
       6
       9
      10
       9
       6
      10
      14
      13
       6
      10
      12
       8
       9
       6
       6
      10
      11
      11
      12
       7
      10
       9
      14
      13
      11
      10
      12
       7
       9
       6
       9
      14
      10
       9
      11
      16
      11
      12
       4
       6
       9
      12
       8
      10
       8
      14
       7
      15
      11
       5
      10
      10
      12
      13
       8
      15
      10
       6
      16
      13
      14
      14
      11
      11
       9
       8
      11
       7
       7
       8
      12
      12
      16
      11
      12
       8
      13
      13
      13
       9
       8
       9
       9
       8
      10
      17
      20
      12
      16
      21
       8
      13
      12
       9
      13
      11
      18
      14
      12
      12
      13
      13
      16
      11
      13
       9
       7
      13
      13
      13
      19
      12
      18
      12
      16
      15
      16
      20
      20
      19
      12
      22
      19
      16
      15
      21
      16
      18
      13
      16
      24
      15
      16
      23
      20
      11
      13
      22
      16
      13
      18
      13
      16
      24
      14
      18
      12
      14
      18
      17
       9
      14
      16
      18
      10
      16
      19
      15
      14
      23
      17
      15
      21
      18
      19
      11
      16
      15
      23
      16
      19
      15
      20
      25
      18
      23
      22
      23
      18
      25
      25
      15
      18
      29
      18
      19
      12
      20
      20
       9
      16
      22
       9
      14
      21
      23
      14
       9
      20
      13
      10
      10
      24
      26
      18
      20
      13
      18
       7
      14
      21
       9
      13
      18
      29
      13
      22
      15
      15
      18
      18
      22
      19
      14
      13
      14
      29
      11
       7
      10
      17
      14
      11
      17
      23
      11
       8
      17
      12
      19
      15
      10
       9
      12
      16
      15
      11
      14
      11
      20
      17
      12
      19
      18
       8
       6
      10
      13
       8
      10
       8
       5
      11
       7
      15
      10
       6
       7
       9
       9
       7
       7
       2
       6
       6
       6
       5
       6
       6
       6
       4
       6
       7
       6
       7
       7
      10
       7
       4
       3
       8
       2
       2
       2
       4
       1
       6
       5
       2
       4
       1
       1
       3
       4
       3
       1
       0
       3
       6
       3
       2
       1
       4
       1
       1
       2
       0
       3
       1
       3
       3
       0
       4
       4
       0
       1
       2
       3
       0
       1
       2
       2
       1
       3
       5
       5
       4
       0
       4
       3
       2
       3
       1
       2
       2
       3
       7
       0
       2
       3
       2
       6
       2
       7
       1
       4
       1
       2
       1
       4
       7
       4
       5
       2
       7
       6
       5
       5
       8
       8
      18
      27
      23
      27
      13
      12
      15
       5
       3
       4
       4
       3
       2
       5
       5
       5
       4
       3
       4
       1
       3
       4
       4
       2
       0
       4
       4
       1
       2
       0
       0
       0
       3
       0
       0
       0
       0
       0
       0
       0
       2
       1
       0
       1
       0
       1
       0
       0
       0
       0
       1
       1
       0
       1
       0
       1
       0
       0
       0
       0
       1
       1
       1
       0
       1
       0
       0
       0
       1
       0
       0
       1
       1
       0
       0
       0
       1
       0
       0
       0
       0
       1
       0
       0
       0
       0
       0
       0
       0
       0
       0
       0
       0
       0
       0
       0
       0
       0
       0
       0
       0
       0
       0
       0
       0
       0
       1
       0
       0
       0
       0
       0
       0
       0
       0
       0
       0
       0
       0
       1
       0
       0
       0
       0
       0
       0
       0
       0
       0
       0
       0
       0
       0
       0
       0
       0
       0
       0
       0
       0
       0
       0
       0
       0
       0
       0
       0
       0
       0
       0
       0
       0
       0
       0
       0
       0
       0
       0
       0
       0
       0
       0
       0
       0
       0
       0
       0
       0
       0
       0
       0
       0
       0
       0
       0
       0
       0
       0
       0
       0
       0
       0
       0
       0
       0
       0
       0
       0
       0
       0
       0
       0
       0
       0
       0
       0
       0
       0
       0
       0
       0
       1
       0
       0
       0
       0
       0
       0
       0
       0
       0
       0
       0
       0
       0
       0
       0
       0
       0
       0
       0
       0
       0
       0
       0
       0
       0
       0
       0
       0
       0
       0
       0
       0
       0
       0
       0
       0
       0
       0
       0
       0
       1
       0
       0
       0
       0
       0
       0
       0
       0
       0
       0
       0
       0
       0
       0
       0
       0
       0
       0
       0
       0
       0
       0
       0
       0
       0
       0
       0
       0
       0
       0
       0
       0
       0
       0
       0
       0
       0
       0
       0
       0
       0
       0
       0
       0
       0
       0
       0
       0
       0
       0
       0
       0
       0
       0
       0
       0
       0
       0
       0
       0
       0
       0
       0
       0
       0
       0
       0
       0
       0
       0
       0
       0
       0
       0
       0
       0
       0
       0
       0
       0
       0
       0
       0
       0
       0
       0
       0
       0
       0
       0
       0
       0
       0
$ROI:
0
$PRESETS:
Live Time
300
0
$ENER_FIT:
0.000000 0.000000
$MCA_CAL:
3
0.000000E+000 0.000000E+000 0.000000E+000 
$SHAPE_CAL:
3
0.000000E+000 0.000000E+000 0.000000E+000
