$SPEC_ID:
No sample description was entered.
$SPEC_REM:
DET# 1
DETDESC# PHY-R11-37 MCB 129
AP# Maestro Version 7.01
$DATE_MEA:
11/20/2012 17:52:04
$MEAS_TIM:
541 548
$DATA:
0 2047
       0
       0
       0
       0
       0
       0
       0
       0
       0
       0
       0
       0
       0
       0
       0
       0
       0
       0
       0
       0
       0
       0
       0
       0
       0
       0
       0
       0
       0
       0
       0
       0
       0
       0
       0
       0
       0
       0
       0
       0
       0
       0
       0
       2
       8
      39
    9894
   23653
   29373
   35145
   41714
   46708
   49797
   48917
   44281
   36930
   28401
   20132
   13486
    8824
    6033
    4413
    3683
    3214
    3062
    3020
    3178
    3132
    3236
    3329
    3545
    3630
    3646
    3680
    3603
    3609
    3564
    3436
    3314
    3219
    3188
    3129
    3028
    3200
    3192
    3296
    3339
    3285
    3521
    3568
    3782
    3996
    3987
    4041
    4333
    4456
    4489
    4586
    4640
    4789
    4752
    4717
    4621
    4532
    4587
    4517
    4449
    4317
    4301
    4289
    4215
    4132
    4022
    4017
    3903
    3852
    3717
    3816
    3581
    3654
    3455
    3349
    3226
    3059
    3044
    3010
    2941
    2831
    2750
    2694
    2647
    2590
    2451
    2410
    2350
    2237
    2164
    2176
    2077
    1973
    1968
    1859
    1834
    1806
    1718
    1671
    1574
    1597
    1489
    1529
    1576
    1631
    1623
    1761
    1996
    2094
    2150
    2440
    2664
    2848
    3234
    3392
    3644
    3868
    4098
    4319
    4468
    4556
    4828
    4926
    5036
    5423
    5395
    5948
    6040
    6184
    6710
    6863
    7256
    7058
    7256
    7324
    7178
    7046
    6681
    6453
    6008
    5588
    5235
    4724
    4436
    4072
    3988
    3793
    3719
    3994
    4300
    4806
    5329
    6190
    7041
    8158
    9290
   10267
   11581
   12656
   13872
   14989
   15751
   16695
   17265
   17894
   18046
   17964
   17619
   17053
   16754
   15912
   15033
   14142
   12945
   11814
   10697
    9755
    8740
    7768
    7148
    6383
    5707
    5235
    4619
    4209
    3805
    3372
    3060
    2800
    2513
    2362
    2057
    1779
    1509
    1441
    1215
    1089
     969
     822
     698
     644
     571
     480
     462
     387
     365
     385
     354
     375
     358
     335
     350
     352
     338
     385
     381
     378
     375
     348
     337
     355
     325
     330
     305
     289
     269
     259
     232
     203
     185
     171
     175
     158
     145
     148
     114
     105
      85
      94
      84
      78
      79
      73
      81
      80
      87
      82
      83
      90
      77
      96
      69
      80
     102
      72
      69
      71
      55
      55
      67
      74
      66
      71
      65
      62
      79
      65
      63
      84
      69
      46
      64
      44
      63
      47
      48
      64
      62
      54
      59
      62
      44
      50
      54
      56
      49
      51
      65
      48
      53
      53
      56
      46
      65
      46
      55
      53
      54
      38
      53
      61
      53
      54
      61
      53
      52
      59
      61
      59
      43
      50
      39
      42
      58
      48
      48
      47
      53
      47
      40
      56
      51
      37
      43
      45
      47
      44
      55
      49
      46
      46
      45
      46
      52
      48
      42
      48
      45
      39
      65
      56
      43
      41
      41
      37
      31
      39
      41
      43
      42
      37
      37
      43
      41
      34
      43
      38
      42
      39
      31
      38
      33
      37
      35
      54
      31
      41
      34
      40
      37
      33
      35
      36
      42
      35
      36
      34
      40
      30
      40
      44
      33
      33
      31
      35
      21
      37
      31
      38
      32
      34
      37
      32
      38
      31
      31
      27
      29
      37
      25
      25
      31
      37
      32
      31
      34
      29
      34
      34
      39
      33
      32
      44
      23
      27
      21
      34
      24
      28
      30
      26
      35
      31
      39
      42
      30
      32
      31
      22
      34
      30
      27
      23
      27
      27
      31
      24
      29
      36
      32
      37
      30
      23
      32
      28
      28
      31
      22
      24
      24
      27
      34
      37
      22
      25
      30
      26
      28
      22
      27
      39
      29
      32
      23
      32
      28
      23
      24
      29
      26
      33
      30
      24
      21
      39
      26
      27
      28
      31
      28
      32
      25
      23
      33
      23
      34
      35
      27
      21
      33
      29
      35
      30
      28
      27
      37
      33
      22
      22
      22
      38
      22
      27
      22
      24
      21
      25
      28
      25
      30
      25
      23
      29
      33
      33
      26
      30
      25
      37
      29
      17
      24
      15
      27
      22
      22
      19
      16
      23
      20
      25
      15
      25
      24
      28
      22
      24
      23
      22
      22
      24
      19
      17
      20
      26
      19
      17
      21
      26
      18
      19
      24
      26
      28
      18
      23
      24
      23
      36
      23
      24
      17
      22
      24
      20
      11
      22
      24
      19
      34
      20
      20
      26
      20
      18
      29
      25
      15
      15
      18
      21
      20
      28
      22
      25
      22
      24
      31
      25
      22
      23
      25
      27
      27
      34
      19
      16
      27
      12
      29
      23
      26
      28
      24
      25
      24
      18
      28
      22
      22
      21
      19
      21
      11
      23
      28
      24
      11
      30
      25
      20
      25
      28
      18
      21
      11
      18
      18
      19
      24
      21
      16
      24
      32
      20
      17
      18
      22
      14
      19
      12
      21
      22
      16
      17
      12
      13
      20
      15
      22
      15
      22
      18
      18
      16
      20
      12
       9
      17
      20
      15
      24
      17
      13
      20
      18
      17
      19
      23
      19
      18
      11
      19
      16
      11
       9
      16
      12
      13
      11
      17
      18
      17
      11
      23
      14
      16
      22
      16
      12
      13
      15
      19
      18
      17
      10
      21
      18
      14
      10
      14
      13
       9
      14
      17
      17
      16
      11
      16
      13
      10
       7
      13
      16
      12
      15
      13
       9
      12
      13
       7
       9
      19
      15
       6
      10
      12
      20
       7
       7
       8
      12
      12
      14
      11
      11
      17
      18
      14
       5
      20
      18
      11
       9
      15
      14
      12
      11
      10
      17
      21
      10
      12
      20
      15
      20
      16
      20
      13
      15
      19
      16
      16
      12
      25
      22
      15
      18
      20
      12
      20
      23
      17
      19
      24
      20
      32
      15
      16
      25
      21
      22
      28
      18
      22
      26
      27
      27
      16
      30
      19
      24
      24
      40
      24
      29
      21
      27
      22
      31
      30
      23
      21
      20
      27
      13
      26
      23
      29
      20
      15
      18
      21
      15
      18
      20
      18
      20
      22
      15
      19
      16
      18
      14
      17
      23
      14
      22
      16
      19
      10
      14
      14
      11
       4
      11
       9
      13
      12
       8
       9
       9
       7
       7
      10
      10
       9
      11
       5
       7
       9
       9
       7
       6
      10
       8
      10
       6
       9
       7
       7
       4
      10
       2
       6
       5
       5
       9
       8
      13
       7
       8
      13
       6
       4
       6
       3
       7
       4
       9
       7
       8
       7
       8
       6
       6
       7
       4
       4
       4
       7
       6
      14
      11
      11
       8
       9
      11
       9
       9
       6
       4
       7
       8
       7
       5
       7
       6
       2
       5
       6
       8
       8
       9
       9
       2
       7
       4
       5
       5
       7
       4
       6
       4
       9
       2
       4
       6
       6
       6
       9
      10
       4
       5
       7
      11
       5
       4
       4
       9
       9
       8
       4
       6
       1
       3
       7
       8
       5
       4
      11
       7
       4
       4
       4
       4
       4
       6
       4
       5
       7
       6
       8
       6
       8
       8
       6
       5
       7
       8
       7
       6
       8
       4
       6
       6
       8
       6
       9
       9
       6
       6
       2
       9
       8
       5
       4
       8
       7
       7
       7
       4
       8
       5
       6
       1
       4
       5
       7
       4
       8
       8
       7
       4
       8
       3
       6
       6
       3
       5
       2
       5
       3
       7
       7
       4
       6
       2
       2
       6
       4
       5
       4
       5
       1
       3
       3
       2
       2
       2
       2
       6
       2
       5
       2
       5
       1
       2
       1
       5
       7
       3
       1
       1
       5
       1
       2
       3
       1
       3
       4
       4
       0
       2
       3
       4
       4
       5
       3
       6
       4
       1
       3
       0
       8
       5
       5
       0
       4
       4
       5
       2
       1
       5
       3
       2
       7
       4
       2
       4
       3
       3
       1
       3
       3
       2
       2
       4
       6
       4
       3
       3
       4
       5
       3
       4
       4
       3
       0
       4
       2
       3
       1
       1
       2
       1
       3
       3
       3
       1
       5
       1
       3
       3
       3
       1
       2
       1
       6
       5
       1
       5
       5
       2
       5
       0
       4
       4
       4
       2
       4
       2
       2
       2
       4
       6
       4
       4
       2
       6
       2
       4
       0
       7
       0
       4
       5
       1
       3
       4
       1
       1
       2
       2
       2
       8
       2
       4
       3
       3
       2
       3
       3
       9
       4
       3
       0
       2
       1
       2
       0
       2
       2
       8
       5
       2
       2
       2
       3
       2
       2
       2
       1
       3
       6
       3
       3
       3
       2
       7
       4
       2
       4
       7
       4
       3
       4
       1
       2
       1
       1
       4
       3
       3
       2
       6
       3
       2
       5
       4
       2
       1
       0
       1
       3
       2
       3
       3
       3
       7
       2
       2
       3
       3
       2
       2
       3
       7
       1
       1
       1
       6
       5
       2
       5
       2
       3
       4
       2
       3
       7
       3
       3
       2
       6
       4
       5
       4
       6
       2
       3
       4
       5
       4
       4
       4
       2
       2
       2
       2
       5
       1
       3
       0
       4
       4
       1
       4
       5
       2
       1
       5
       5
       4
       4
       0
       3
       2
       2
       2
       1
       2
       0
       1
       0
       2
       2
       0
       3
       1
       1
       4
       6
       1
       1
       2
       0
       4
       0
       3
       3
       1
       3
       2
       2
       3
       2
       1
       2
       2
       1
       4
       2
       2
       2
       0
       3
       0
       4
       1
       0
       1
       2
       1
       2
       3
       4
       1
       2
       3
       2
       4
       1
       2
       3
       4
       2
       2
       1
       3
       1
       3
       1
       4
       3
       2
       1
       1
       0
       1
       1
       3
       0
       4
       1
       2
       2
       1
       2
       2
       3
       2
       0
       3
       3
       3
       2
       5
       3
       1
       3
       0
       4
       0
       0
       2
       1
       2
       4
       1
       4
       4
       2
       1
       3
       3
       1
       3
       0
       3
       2
       1
       0
       2
       2
       0
       2
       4
       2
       0
       4
       3
       0
       2
       3
       3
       3
       3
       2
       0
       1
       2
       1
       0
       4
       2
       4
       0
       0
       4
       0
       1
       1
       4
       4
       7
       3
       3
       2
       4
       0
       5
       1
       1
       1
       3
       4
       2
       3
       3
       4
       5
       6
       3
       2
       4
       3
       2
       5
       2
       4
       1
       3
       2
       3
       0
       1
       3
       5
       2
       3
       3
       1
       0
       5
       6
       1
       3
       4
       5
       6
       3
       3
       5
       3
       4
       3
       0
       2
       7
       3
       1
       1
       4
       3
       1
       2
       2
       2
       2
       1
       4
       1
       0
       1
       1
       2
       1
       1
       2
       2
       1
       2
       3
       2
       1
       4
       0
       2
       4
       1
       3
       2
       1
       2
       0
       3
       1
       2
       0
       2
       2
       2
       1
       2
       2
       1
       1
       0
       0
       0
       0
       0
       0
       2
       1
       2
       0
       0
       1
       0
       0
       2
       0
       0
       1
       0
       0
       1
       0
       0
       1
       0
       1
       1
       4
       4
       2
       2
       2
       0
       0
       1
       1
       0
       1
       0
       0
       1
       3
       1
       3
       1
       3
       3
       3
       2
       1
       1
       0
       0
       0
       1
       1
       3
       1
       1
       0
       1
       0
       1
       0
       2
       2
       0
       1
       0
       0
       0
       0
       1
       1
       2
       2
       0
       1
       1
       2
       2
       3
       1
       1
       0
       2
       2
       1
       0
       0
       1
       1
       1
       1
       2
       3
       1
       0
       0
       1
       3
       2
       3
       1
       3
       1
       1
       1
       1
       1
       2
       1
       0
       1
       1
       2
       3
       1
       2
       0
       2
       1
       1
       0
       1
       0
       3
       3
       2
       1
       2
       0
       1
       0
       3
       2
       3
       0
       2
       4
       3
       1
       1
       0
       1
       0
       2
       1
       0
       0
       0
       0
       0
       0
       2
       0
       1
       1
       0
       2
       0
       1
       3
       3
       0
       1
       1
       0
       2
       1
       3
       1
       1
       0
       2
       2
       0
       2
       1
       3
       1
       3
       0
       2
       0
       0
       2
       2
       1
       1
       0
       2
       0
       1
       1
       1
       2
       2
       3
       1
       1
       1
       0
       1
       0
       2
       1
       2
       1
       1
       1
       0
       2
       2
       0
       0
       0
       2
       2
       3
       2
       1
       1
       0
       4
       1
       0
       0
       0
       2
       3
       1
       3
       1
       2
       1
       0
       0
       1
       3
       1
       2
       1
       1
       0
       3
       0
       0
       1
       1
       0
       0
       0
       1
       0
       0
       3
       1
       3
       1
       1
       1
       1
       0
       0
       2
       0
       2
       0
       3
       1
       0
       3
       1
       0
       1
       0
       3
       1
       0
       1
       2
       1
       0
       3
       1
       2
       0
       0
       1
       0
       1
       1
       1
       0
       2
       0
       4
       2
       0
       1
       3
       1
       0
       3
       0
       1
       0
       0
       0
       1
       0
       1
       1
       1
       0
       0
       1
       0
       0
       1
       0
       0
       0
       0
       0
       0
       0
       0
       0
       0
       0
       0
       0
       0
       0
       0
       0
       0
       0
       0
       0
       0
       0
       0
       0
       0
       0
       0
       0
       0
       0
       0
       0
       0
       0
       0
       0
       0
       0
       0
       0
       0
       0
       0
       0
       0
       0
       0
       0
       0
       0
       0
       0
       0
       0
       0
       0
       0
       0
       0
       0
       0
       0
       0
       0
       0
       0
       0
       0
       0
       0
       0
       0
       0
       0
       0
       0
       0
       0
       0
       0
       0
       0
       0
       0
       0
       0
       0
       0
       0
       0
       0
       0
       0
       0
       0
       0
       0
       0
       0
       0
       0
       0
       0
       0
       0
       0
       0
       0
       0
       0
       0
       0
       0
       0
       0
       0
       0
       0
       0
       0
       0
       0
       0
       0
       0
       0
       0
       0
       0
       0
       0
       0
       0
       0
       0
       0
       0
       0
       0
       0
       0
       0
       0
       0
       0
       0
       0
       0
       0
       0
       0
$ROI:
0
$PRESETS:
Live Time
900
0
$ENER_FIT:
0.000000 0.000000
$MCA_CAL:
3
0.000000E+000 0.000000E+000 0.000000E+000 
$SHAPE_CAL:
3
0.000000E+000 0.000000E+000 0.000000E+000
