$SPEC_ID:
No sample description was entered.
$SPEC_REM:
DET# 1
DETDESC# PHY-R11-37 MCB 129
AP# Maestro Version 7.01
$DATE_MEA:
11/15/2012 17:29:30
$MEAS_TIM:
885 890
$DATA:
0 2047
       0
       0
       0
       0
       0
       0
       0
       0
       0
       0
       0
       0
       0
       0
       0
       0
       0
       0
       0
       0
       0
       0
       0
       0
       0
       0
       0
       0
       0
       0
       0
       0
       0
       0
       0
       0
       0
       0
       1
       0
       0
       0
       1
       2
       2
       9
    3517
    7006
    6862
    6624
    6681
    6513
    6553
    6343
    6257
    6386
    6302
    6494
    6759
    7001
    7300
    7174
    7177
    6728
    6561
    6447
    6211
    6233
    5998
    5912
    5934
    6124
    6104
    5986
    5811
    5530
    5545
    5377
    5443
    5254
    5256
    5216
    4819
    4857
    4751
    4611
    4466
    4410
    4155
    4172
    4032
    4045
    3910
    3811
    3656
    3763
    3581
    3486
    3453
    3444
    3514
    3350
    3346
    3410
    3316
    3361
    3289
    3231
    3280
    3180
    3147
    3092
    3047
    3015
    2862
    2886
    2674
    2687
    2638
    2558
    2456
    2302
    2361
    2128
    2147
    2064
    2020
    1917
    1878
    1952
    1845
    1990
    1945
    1938
    1999
    1903
    1973
    2020
    2007
    2070
    2107
    2000
    1979
    1978
    1918
    1847
    1672
    1659
    1562
    1499
    1459
    1387
    1278
    1268
    1200
    1299
    1239
    1201
    1245
    1209
    1272
    1325
    1330
    1469
    1514
    1727
    1877
    2111
    2551
    2998
    3634
    4294
    5118
    5949
    6901
    8037
    9036
   10120
   11063
   12028
   12426
   12617
   12728
   12608
   12164
   11252
   10358
    9335
    8356
    7219
    6212
    5172
    4469
    3462
    2820
    2242
    1895
    1574
    1362
    1198
    1044
     926
     889
     849
     788
     769
     776
     828
     758
     730
     813
     753
     822
     734
     779
     780
     775
     737
     768
     726
     722
     702
     721
     724
     651
     701
     673
     647
     642
     636
     635
     655
     651
     571
     630
     632
     567
     563
     534
     584
     567
     569
     577
     562
     620
     577
     581
     543
     523
     549
     558
     565
     542
     497
     482
     542
     531
     574
     512
     545
     539
     544
     527
     531
     512
     515
     555
     497
     495
     484
     497
     484
     496
     458
     509
     508
     472
     525
     521
     510
     513
     517
     566
     520
     537
     537
     552
     574
     583
     590
     583
     610
     595
     670
     629
     696
     730
     679
     691
     736
     737
     778
     779
     821
     843
     891
     930
     950
     929
     966
     938
    1003
    1006
     970
     910
     934
     871
     801
     828
     787
     781
     728
     661
     588
     619
     540
     532
     486
     462
     421
     357
     354
     354
     324
     315
     304
     273
     287
     270
     261
     200
     232
     214
     206
     234
     173
     204
     175
     216
     187
     220
     168
     182
     156
     157
     161
     151
     157
     175
     158
     151
     160
     156
     168
     153
     159
     165
     162
     156
     209
     207
     163
     244
     225
     255
     289
     283
     353
     381
     399
     425
     474
     511
     624
     679
     749
     834
     905
     950
    1056
    1148
    1250
    1300
    1443
    1439
    1608
    1546
    1698
    1766
    1809
    1741
    1837
    1696
    1793
    1720
    1775
    1673
    1643
    1488
    1442
    1421
    1291
    1181
    1093
    1027
     971
     777
     740
     672
     606
     567
     518
     474
     413
     361
     316
     299
     252
     212
     211
     205
     153
     171
     136
     144
     111
     112
     125
     122
      96
      99
     112
      85
      91
      82
      99
      92
      81
      83
      82
      82
      90
      84
      84
      78
      85
      65
      64
      66
      68
      75
      78
      70
      71
      66
      72
      78
      69
      64
      81
      77
      68
      68
      71
      84
      58
      79
      73
      60
      86
      64
      76
      80
      94
      85
      82
      79
     108
     108
      92
      92
      97
     116
     106
     112
     121
     127
     137
     109
     117
     148
     137
     134
     146
     127
     118
     139
     139
     157
     124
     133
     159
     125
     136
     139
     121
     122
     106
     122
     121
     114
     109
     105
      78
      84
      72
     100
      88
      74
      75
      62
      70
      57
      54
      63
      63
      47
      44
      52
      55
      53
      51
      40
      44
      39
      48
      43
      53
      47
      40
      47
      36
      32
      46
      46
      28
      40
      30
      30
      31
      45
      29
      32
      36
      29
      31
      36
      46
      33
      36
      24
      34
      33
      40
      31
      28
      44
      40
      33
      33
      45
      28
      24
      38
      38
      45
      38
      37
      35
      42
      37
      28
      42
      37
      37
      26
      35
      43
      37
      37
      41
      40
      37
      34
      47
      27
      38
      46
      42
      49
      45
      40
      46
      61
      55
      55
      62
      49
      56
      65
      69
      72
      70
      75
      99
      74
      79
      96
      92
      76
      90
      94
      73
      91
      98
      91
      85
      87
      75
      60
      75
      79
      83
      53
      68
      63
      65
      54
      69
      38
      36
      50
      41
      43
      38
      31
      27
      39
      34
      30
      24
      25
      19
      20
      26
      20
      27
      17
      26
      23
      10
      15
      12
      16
      18
      12
       7
      12
      14
      15
      10
       6
       8
      17
      12
      11
       6
      11
      18
      17
      19
      13
      15
      14
      13
      18
      16
      12
       8
      16
      14
      11
      16
      11
      14
       5
      21
       8
      12
      22
       9
      14
      11
      18
      15
      22
      15
      12
      16
      10
      13
      16
      16
      19
      13
      13
      17
      23
       9
      14
      13
       9
      15
      20
      14
      12
      10
      15
      10
      17
      12
       5
      11
      14
       6
      10
      12
       9
       9
      19
      12
       9
      26
      13
      10
      14
      18
       7
       8
      17
      12
      14
      10
      15
       9
      13
      18
      10
      13
       9
       9
       8
      15
      15
      14
       9
      10
      13
       7
      11
       7
      11
       9
      12
       9
       9
      15
       9
      17
       9
      10
      11
       7
       7
       7
      12
      12
      12
       9
       5
      13
      11
      14
      10
       5
       9
      13
       4
      10
       9
       9
       6
      10
       7
       7
       4
       8
      11
      10
       7
       8
       9
       6
       7
       6
       4
       6
      10
       8
       1
       6
       5
       2
      13
      11
       7
       5
       6
       5
       4
       8
      10
       5
      13
       5
       5
       9
       6
       9
       9
      10
       3
       4
      10
       8
       8
       8
       5
       8
       5
       9
       4
       6
       9
      11
       8
       8
       6
       7
       8
      16
       3
      17
      10
      15
       4
      17
      10
      16
      15
      13
      17
      16
       9
      13
      16
      15
      15
      11
      14
      13
      13
      15
      17
      21
      12
      15
      12
      18
      12
      15
      17
      11
      12
      11
      17
      16
       9
       8
      18
      16
      10
       9
      10
      11
       9
      11
      13
       7
      11
       9
       7
      10
       7
       4
      11
       8
       6
      12
       8
      10
      12
       8
      12
      12
      13
       4
      15
       4
       7
       6
       8
       5
       2
       6
       3
       4
       8
       1
       5
       5
       8
       1
       1
       2
       3
       4
       2
       4
       4
       4
       2
       1
       5
       4
       1
       7
       5
       1
       1
       0
       3
       7
       6
       4
       2
       4
       3
       6
       3
       4
       3
       3
       1
       7
       2
       8
       2
       1
       5
       5
       4
       3
       1
       2
       5
       2
       6
       6
       4
       5
       4
       5
       5
       5
       4
       2
       2
       3
       5
       3
       2
       0
       3
       4
       1
       5
       4
       2
       4
       2
       1
       7
       4
       5
       7
       5
       3
       4
       2
       4
       2
       5
       3
       2
       2
       2
       1
       5
       1
       4
       3
       4
       5
       3
       3
       4
       2
       4
       3
       3
       4
       1
       3
       5
       4
       6
       1
       3
       2
       3
       1
       1
       7
       1
       3
       2
       2
       3
       3
       1
       2
       3
       2
       2
       6
       3
      10
       2
       4
       0
       3
       2
       6
       3
       2
       4
       1
       2
       3
       1
       4
       3
       1
       2
       3
       4
       3
       4
       3
       4
       7
       3
       4
       6
       4
       1
       5
       1
       4
       4
       1
       5
       1
       5
       1
       2
       4
       0
       4
       2
       4
       5
       2
       6
       1
       1
       2
       4
       4
       2
       4
       0
       3
       1
       0
       1
       3
       2
       3
       3
       4
       1
       3
       2
       1
       1
       3
       2
       3
       3
       8
       2
       3
       2
       3
       4
       0
       4
       4
       4
       3
       2
       1
       1
       6
       1
       1
       1
       1
       6
       5
       2
       4
       1
       4
       4
       3
       4
       1
       4
       1
       1
       3
       2
       0
       2
       3
       6
       3
       3
       2
       2
       2
       1
       3
       2
       3
       3
       2
       1
       2
       3
       3
       0
       1
       5
       3
       3
       3
       2
       2
       2
       4
       1
       6
       1
       1
       1
       4
       1
       3
       2
       3
       6
       4
       4
       3
       2
       2
       2
       3
       3
       1
       3
       6
       4
       1
       2
       2
       4
       3
       1
       3
       3
       2
       0
       3
       3
       2
       1
       2
       2
       0
       4
       1
       2
       5
       5
       5
       2
       5
       2
       2
       2
       4
       2
       2
       1
       1
       2
       1
       1
       2
       4
       3
       0
       2
       3
       2
       3
       2
       1
       4
       3
       1
       2
       4
       2
       5
       0
       0
       1
       4
       3
       0
       5
       2
       3
       3
       1
       2
       5
       4
       1
       3
       1
       5
       2
       1
       2
       3
       0
       1
       2
       0
       2
       3
       1
       1
       3
       2
       2
       3
       2
       1
       1
       3
       1
       2
       1
       3
       1
       0
       2
       3
       0
       1
       4
       3
       2
       0
       2
       0
       1
       3
       1
       0
       2
       1
       2
       1
       2
       2
       0
       2
       2
       4
       1
       2
       1
       2
       1
       3
       4
       1
       2
       2
       5
       3
       2
       4
       3
       1
       2
       1
       1
       2
       1
       3
       2
       2
       0
       0
       4
       2
       3
       2
       1
       1
       2
       0
       2
       2
       4
       0
       0
       2
       1
       1
       2
       3
       3
       0
       1
       2
       1
       0
       3
       2
       0
       3
       1
       1
       2
       2
       2
       1
       1
       0
       2
       2
       0
       1
       1
       0
       1
       2
       2
       1
       1
       4
       0
       3
       2
       2
       5
       3
       0
       4
       0
       1
       3
       2
       1
       1
       3
       3
       3
       3
       3
       2
       1
       1
       2
       2
       3
       0
       2
       3
       1
       3
       5
       2
       1
       2
       2
       1
       0
       2
       2
       3
       2
       1
       2
       1
       1
       4
       2
       4
       1
       2
       1
       1
       3
       1
       2
       4
       1
       1
       2
       3
       3
       1
       2
       0
       0
       1
       2
       0
       0
       2
       1
       1
       1
       3
       0
       3
       0
       2
       4
       1
       1
       0
       1
       3
       4
       0
       2
       3
       0
       1
       1
       2
       1
       4
       2
       2
       0
       1
       3
       0
       1
       0
       2
       2
       0
       2
       0
       6
       4
       1
       0
       1
       2
       2
       0
       0
       1
       0
       0
       7
       1
       1
       0
       2
       0
       1
       1
       1
       0
       1
       5
       3
       4
       0
       2
       2
       2
       3
       3
       1
       0
       3
       7
       1
       1
       3
       3
       2
       2
       1
       1
       4
       3
       0
       3
       1
       1
       4
       4
       0
       1
       0
       2
       3
       0
       1
       3
       2
       0
       1
       2
       2
       1
       2
       2
       2
       0
       0
       0
       2
       0
       2
       0
       1
       1
       3
       0
       1
       4
       1
       2
       4
       0
       0
       0
       4
       2
       3
       1
       1
       0
       2
       6
       0
       0
       2
       1
       1
       2
       0
       2
       1
       1
       4
       1
       1
       0
       3
       1
       2
       3
       0
       1
       0
       0
       1
       3
       0
       2
       2
       0
       0
       1
       0
       1
       0
       3
       2
       1
       0
       2
       1
       3
       2
       4
       0
       0
       1
       1
       3
       3
       3
       0
       2
       1
       0
       1
       1
       2
       1
       4
       1
       1
       1
       2
       1
       2
       1
       3
       2
       0
       3
       1
       1
       3
       2
       1
       2
       1
       2
       1
       2
       1
       0
       1
       1
       1
       2
       1
       1
       0
       1
       8
       3
       0
       2
       0
       1
       3
       0
       0
       3
       1
       2
       5
       1
       2
       1
       0
       2
       1
       2
       2
       2
       2
       1
       1
       3
       0
       2
       1
       1
       2
       3
       0
       2
       3
       1
       0
       1
       3
       1
       0
       2
       2
       3
       1
       1
       0
       0
       1
       0
       1
       0
       0
       3
       4
       2
       2
       1
       1
       1
       0
       3
       2
       2
       1
       0
       3
       3
       0
       1
       2
       1
       2
       1
       0
       2
       1
       2
       1
       0
       1
       0
       1
       3
       1
       3
       3
       2
       1
       0
       2
       0
       0
       0
       1
       1
       0
       3
       1
       3
       1
       0
       1
       1
       3
       0
       1
       1
       0
       1
       0
       1
       1
       1
       2
       0
       1
       1
       0
       0
       0
       2
       2
       0
       3
       0
       0
       1
       4
       1
       4
       1
       2
       2
       0
       1
       1
       1
       0
       1
       2
       0
       0
       0
       2
       1
       2
       0
       3
       0
       1
       0
       0
       0
       0
       0
       0
       0
       0
       0
       0
       0
       0
       0
       0
       0
       0
       0
       0
       0
       0
       0
       0
       0
       0
       0
       0
       0
       0
       0
       0
       0
       0
       0
       0
       0
       0
       0
       0
       0
       0
       0
       0
       0
       0
       0
       0
       0
       0
       0
       0
       0
       0
       0
       0
       0
       0
       0
       0
       0
       0
       0
       0
       0
       0
       0
       0
       0
       0
       0
       0
       0
       0
       0
       0
       0
       0
       0
       0
       0
       0
       0
       0
       0
       0
       0
       0
       0
       0
       0
       0
       0
       0
       0
       0
       0
       0
       0
       0
       0
       0
       0
       0
       0
       0
       0
       0
       0
       0
       0
       0
       0
       0
       0
       0
       0
       0
       0
       0
       0
       0
       0
       0
       0
       0
       0
       0
       0
       0
       0
       0
       0
       0
       0
       0
       0
       0
       0
       0
       0
       0
       0
       0
       0
       0
       0
       0
       0
       0
       0
       0
       0
       0
       0
       0
       0
       0
       0
       0
       0
       0
       0
       0
       0
       0
       0
       0
       0
       0
       0
       0
       0
       0
       0
$ROI:
0
$PRESETS:
Live Time
3000
0
$ENER_FIT:
0.000000 0.000000
$MCA_CAL:
3
0.000000E+000 0.000000E+000 0.000000E+000 
$SHAPE_CAL:
3
0.000000E+000 0.000000E+000 0.000000E+000
