$SPEC_ID:
No sample description was entered.
$SPEC_REM:
DET# 1
DETDESC# PHY-R11-37 MCB 129
AP# Maestro Version 7.01
$DATE_MEA:
11/15/2012 16:50:32
$MEAS_TIM:
295 298
$DATA:
0 2047
       0
       0
       0
       0
       0
       0
       0
       0
       0
       0
       0
       0
       0
       0
       0
       0
       0
       0
       0
       0
       0
       0
       0
       0
       0
       0
       0
       0
       0
       0
       0
       0
       0
       0
       0
       0
       0
       0
       0
       0
       0
       0
       0
       0
       0
       0
       0
       0
     577
    2337
    2244
    2186
    2134
    2147
    2151
    2168
    2125
    2207
    2200
    2340
    2272
    2411
    2371
    2394
    2268
    2283
    2151
    2033
    2069
    2058
    2046
    1981
    1958
    2021
    1934
    1927
    1878
    1981
    1806
    1824
    1860
    1689
    1744
    1626
    1660
    1540
    1509
    1564
    1465
    1450
    1471
    1368
    1315
    1318
    1226
    1225
    1211
    1200
    1206
    1207
    1190
    1130
    1154
    1059
    1137
    1130
    1101
    1064
    1063
    1014
    1099
     974
    1017
     958
    1021
     976
     956
     969
     914
     929
     871
     831
     778
     733
     799
     785
     699
     732
     689
     671
     629
     604
     623
     565
     594
     671
     607
     629
     671
     633
     684
     674
     727
     651
     694
     715
     673
     645
     622
     583
     574
     554
     539
     459
     448
     444
     454
     419
     396
     406
     424
     406
     419
     390
     423
     438
     428
     436
     513
     543
     611
     650
     741
     849
     996
    1177
    1512
    1755
    2074
    2400
    2921
    3039
    3396
    3748
    3972
    4090
    4216
    4132
    4141
    3915
    3779
    3473
    3006
    2571
    2307
    1928
    1637
    1386
    1148
     909
     733
     639
     517
     414
     393
     334
     324
     300
     281
     284
     319
     241
     287
     281
     292
     276
     243
     274
     233
     265
     238
     261
     251
     243
     258
     238
     254
     238
     241
     209
     210
     214
     237
     243
     222
     195
     226
     218
     205
     191
     197
     197
     195
     172
     215
     216
     177
     188
     180
     194
     182
     192
     181
     185
     191
     197
     177
     192
     201
     170
     194
     157
     198
     174
     156
     174
     177
     166
     150
     155
     161
     171
     183
     194
     193
     168
     152
     167
     179
     175
     167
     166
     167
     194
     175
     151
     156
     163
     166
     178
     178
     198
     165
     198
     185
     174
     159
     180
     194
     203
     191
     204
     167
     196
     188
     225
     250
     219
     240
     250
     258
     280
     286
     293
     327
     320
     309
     323
     292
     341
     357
     298
     293
     343
     317
     315
     226
     286
     270
     236
     261
     221
     221
     171
     195
     163
     159
     164
     157
     141
     106
     116
      99
     102
      99
      86
      78
      76
      86
      75
      58
      68
      73
      67
      84
      67
      59
      72
      72
      57
      53
      55
      55
      45
      54
      64
      60
      60
      56
      51
      55
      59
      60
      52
      61
      58
      56
      54
      75
      56
      53
      87
      84
      73
      77
      94
     104
     109
     125
     134
     154
     139
     171
     197
     232
     233
     241
     256
     287
     313
     344
     382
     359
     452
     436
     488
     484
     500
     563
     589
     601
     551
     587
     607
     605
     567
     592
     564
     495
     483
     518
     461
     439
     404
     369
     350
     312
     295
     223
     219
     192
     179
     158
     167
     136
     127
     100
      90
      88
      85
      84
      69
      65
      48
      40
      49
      48
      48
      27
      40
      48
      33
      38
      30
      29
      38
      29
      25
      27
      28
      35
      35
      34
      33
      33
      36
      32
      23
      19
      23
      20
      23
      26
      26
      33
      29
      22
      29
      23
      29
      30
      30
      25
      21
      22
      29
      19
      24
      19
      16
      18
      28
      43
      28
      22
      30
      21
      31
      22
      19
      25
      28
      35
      37
      35
      36
      35
      40
      28
      37
      49
      38
      46
      56
      35
      49
      38
      52
      37
      50
      39
      49
      43
      58
      50
      63
      64
      42
      38
      39
      38
      31
      33
      39
      36
      38
      38
      27
      24
      28
      29
      28
      23
      28
      22
      21
      16
      33
      22
      18
      27
      19
      12
      18
      14
      21
      21
      17
      16
      18
      14
      22
      23
      11
      17
      11
      17
       7
      12
       6
      20
      12
      13
      15
      12
       9
      11
      10
      13
      10
      15
      12
       7
       9
      14
      11
      15
      16
       9
      14
      11
       9
      14
      13
      13
       6
      17
      15
       6
      19
      26
      12
      19
      21
      14
      11
      16
      18
      13
      14
      14
      12
      18
      12
       9
      18
      18
      11
      11
      14
      15
      17
      15
      22
      16
      14
      15
      19
      19
      13
      24
      22
      25
      14
      20
      25
      27
      31
      29
      22
      25
      20
      33
      30
      37
      25
      37
      30
      27
      32
      26
      33
      24
      33
      27
      22
      20
      37
      31
      29
      20
      21
      18
      18
      21
      14
      18
      11
      21
      12
      12
      16
      18
      12
       8
      11
      15
      13
       9
      11
       5
       9
      11
      10
       4
       7
       6
       9
       6
       5
       4
       5
       8
       3
       7
       2
       4
       3
       4
      10
       5
       5
       8
       5
       2
       7
       3
       6
       5
       6
       8
       6
       7
       5
       6
       4
       7
       4
       3
       4
       3
       7
       8
       6
       4
       0
       6
       3
       3
       8
       4
       2
       5
       8
       5
       7
       5
       7
       5
       3
       6
       7
       2
       5
      10
       3
       6
       2
       6
       6
       4
       6
       6
       8
       5
       6
       2
       4
       7
       5
       6
       3
       4
       5
       8
       6
       4
       3
       8
       2
       2
       3
       2
       4
       6
       3
       8
       5
       3
       1
       6
       0
       7
       5
       3
       1
       1
       7
       6
       7
       4
       4
       1
       5
       1
       4
       3
       2
       4
       5
       1
       6
       5
       1
       4
       1
       1
       4
       2
       4
       2
       2
       7
       3
       4
       3
       2
       2
       4
       1
       1
       4
       2
       2
       2
       6
       1
       2
       1
       3
       5
       4
       4
       2
       4
       5
       4
       4
       1
       2
       1
       4
       3
       3
       3
       0
       4
       5
       3
       1
       1
       2
       1
       1
       3
       2
       2
       1
       5
       0
       1
       1
       1
       1
       1
       2
       3
       0
       1
       1
       1
       2
       2
       3
       2
       4
       4
       3
       4
       2
       2
       2
       4
       1
       2
       2
       4
       2
       6
       2
       4
       6
       3
       4
       3
       2
       3
       2
       7
       3
       7
       2
       4
       3
       2
       7
       3
      11
       5
      13
       5
       7
       1
       8
       2
       3
       5
       3
      11
       3
       8
       3
       4
       6
       6
       5
       5
       4
       4
       5
       3
       1
       5
       1
       2
       4
       4
       3
       6
       8
       6
       7
       3
       5
       1
       1
       0
       4
       3
       3
       2
       1
       1
       3
       0
       1
       3
       1
       0
       3
       2
       1
       4
       0
       1
       2
       1
       0
       2
       6
       3
       0
       4
       2
       3
       4
       0
       1
       1
       2
       0
       3
       3
       6
       1
       0
       1
       0
       0
       3
       3
       2
       2
       0
       1
       2
       1
       2
       1
       0
       1
       2
       1
       1
       5
       0
       1
       0
       3
       0
       1
       2
       2
       2
       3
       1
       1
       1
       1
       2
       1
       0
       0
       1
       1
       3
       1
       1
       0
       2
       1
       1
       0
       0
       1
       0
       2
       0
       0
       0
       1
       0
       2
       2
       0
       0
       2
       0
       0
       1
       1
       1
       6
       0
       0
       1
       1
       0
       1
       0
       0
       1
       0
       2
       0
       1
       5
       4
       0
       2
       0
       0
       0
       2
       0
       1
       2
       1
       0
       1
       0
       1
       1
       1
       2
       1
       2
       1
       3
       4
       0
       0
       2
       0
       1
       4
       1
       1
       0
       1
       1
       2
       2
       1
       0
       2
       0
       2
       0
       2
       1
       0
       0
       0
       0
       0
       1
       1
       5
       0
       0
       0
       1
       0
       1
       0
       0
       1
       0
       0
       1
       2
       0
       1
       0
       1
       1
       0
       1
       1
       1
       1
       1
       0
       0
       2
       1
       1
       0
       1
       1
       2
       1
       0
       0
       1
       2
       2
       3
       3
       2
       1
       0
       3
       0
       0
       3
       0
       2
       0
       0
       4
       1
       0
       0
       1
       0
       1
       1
       1
       0
       1
       1
       2
       0
       0
       0
       0
       0
       1
       0
       0
       1
       1
       1
       1
       0
       1
       1
       1
       1
       1
       1
       0
       0
       0
       0
       1
       0
       0
       0
       1
       1
       3
       3
       1
       0
       1
       0
       1
       0
       2
       1
       0
       2
       0
       0
       3
       0
       1
       1
       1
       1
       0
       1
       1
       2
       0
       4
       0
       1
       0
       1
       1
       1
       0
       0
       2
       1
       1
       0
       0
       0
       0
       0
       0
       0
       0
       0
       0
       1
       1
       0
       1
       0
       1
       1
       1
       3
       0
       0
       1
       1
       0
       1
       2
       1
       0
       0
       0
       2
       0
       0
       0
       1
       0
       0
       1
       0
       0
       1
       0
       1
       1
       0
       0
       1
       1
       2
       0
       0
       1
       1
       1
       1
       0
       0
       1
       0
       0
       1
       0
       0
       0
       1
       0
       0
       1
       0
       2
       0
       1
       1
       0
       0
       0
       3
       1
       0
       0
       0
       0
       0
       0
       2
       0
       3
       0
       0
       2
       0
       1
       0
       0
       0
       0
       1
       0
       1
       2
       1
       0
       0
       1
       1
       0
       1
       1
       1
       0
       0
       0
       0
       1
       0
       0
       2
       0
       1
       1
       1
       0
       0
       2
       0
       2
       2
       0
       0
       0
       1
       1
       1
       2
       0
       0
       2
       0
       0
       0
       0
       0
       0
       0
       3
       0
       1
       0
       1
       1
       1
       1
       2
       0
       1
       1
       1
       0
       1
       0
       0
       0
       1
       1
       1
       0
       3
       0
       0
       1
       1
       0
       1
       0
       1
       0
       0
       0
       1
       0
       0
       1
       0
       2
       0
       0
       1
       1
       0
       0
       1
       0
       1
       1
       0
       0
       1
       1
       0
       0
       0
       1
       0
       0
       1
       0
       0
       0
       1
       0
       0
       0
       1
       0
       0
       0
       2
       0
       1
       1
       1
       1
       2
       1
       2
       1
       1
       1
       1
       1
       0
       1
       0
       0
       0
       0
       0
       2
       1
       0
       1
       0
       0
       1
       3
       0
       2
       1
       2
       2
       1
       1
       1
       0
       0
       1
       0
       1
       0
       1
       0
       0
       0
       2
       0
       0
       1
       1
       0
       1
       0
       0
       0
       0
       1
       0
       1
       0
       0
       0
       1
       1
       0
       0
       0
       1
       2
       2
       2
       0
       0
       2
       1
       0
       0
       1
       3
       1
       0
       0
       1
       0
       0
       0
       1
       0
       1
       0
       1
       1
       1
       0
       1
       0
       0
       0
       2
       0
       1
       1
       0
       0
       0
       0
       0
       0
       0
       2
       1
       2
       0
       0
       2
       0
       0
       0
       1
       0
       1
       0
       0
       0
       0
       0
       0
       0
       2
       0
       0
       0
       0
       0
       0
       0
       0
       0
       0
       0
       0
       1
       0
       1
       1
       0
       0
       1
       0
       0
       1
       0
       1
       0
       1
       1
       0
       1
       0
       1
       3
       0
       1
       0
       0
       3
       1
       0
       1
       1
       0
       0
       0
       1
       0
       0
       0
       1
       1
       0
       0
       1
       0
       0
       0
       1
       1
       1
       0
       0
       2
       1
       0
       0
       0
       0
       0
       0
       0
       0
       0
       2
       0
       2
       0
       0
       1
       1
       1
       0
       0
       0
       1
       2
       0
       0
       0
       0
       0
       0
       0
       0
       0
       0
       0
       1
       0
       0
       0
       0
       1
       1
       0
       2
       1
       0
       0
       0
       0
       0
       0
       0
       0
       0
       1
       0
       0
       0
       0
       0
       0
       1
       1
       1
       0
       0
       1
       2
       1
       0
       0
       0
       0
       1
       0
       1
       0
       0
       3
       0
       1
       0
       0
       0
       0
       0
       0
       0
       1
       0
       0
       0
       1
       0
       2
       0
       0
       0
       0
       1
       0
       0
       1
       1
       0
       1
       0
       0
       2
       1
       0
       0
       0
       2
       0
       0
       0
       0
       0
       1
       1
       0
       1
       1
       1
       0
       1
       0
       0
       1
       0
       0
       0
       0
       2
       2
       2
       0
       0
       1
       1
       1
       0
       0
       1
       2
       0
       0
       0
       3
       1
       1
       0
       0
       1
       0
       0
       1
       0
       0
       0
       1
       0
       2
       1
       0
       0
       0
       1
       1
       0
       0
       0
       0
       1
       0
       0
       1
       2
       1
       3
       0
       0
       0
       1
       1
       0
       0
       0
       1
       2
       1
       2
       0
       2
       2
       1
       0
       0
       1
       0
       0
       3
       0
       2
       1
       1
       1
       1
       2
       1
       1
       1
       2
       0
       0
       2
       2
       0
       1
       1
       2
       1
       0
       1
       3
       1
       0
       1
       2
       0
       1
       1
       4
       3
       3
       0
       1
       2
       3
       0
       1
       0
       1
       0
       3
       3
       0
       1
       1
       1
       2
       2
       2
       4
       0
       5
       0
       2
       1
       2
       2
       4
       1
       4
       1
       1
       3
       6
       2
       1
       3
       3
       3
       4
       5
       3
       2
       0
       3
       4
       1
       3
       0
       1
       2
       2
       1
       1
       1
       0
       0
       1
       1
       0
       1
       1
       1
       0
       0
       0
       0
       0
       0
       0
       0
       0
       0
       0
       0
       0
       0
       0
       0
       0
       0
       0
       0
       0
       0
       0
       0
       0
       0
       0
       0
       0
       0
       0
       0
       0
       0
       0
       0
       0
       0
       0
       0
       0
       0
       0
       0
       0
       0
       0
       0
       0
       0
       0
       0
       0
       0
       0
       0
       0
       0
       0
       0
       0
       0
       0
       0
       0
       0
       0
       0
       0
       0
       0
       0
       0
       0
       0
       0
       0
       0
       0
       0
       0
       0
       0
       0
       0
       0
       0
       0
       0
       0
       0
       0
$ROI:
0
$PRESETS:
Live Time
300
0
$ENER_FIT:
0.000000 0.000000
$MCA_CAL:
3
0.000000E+000 0.000000E+000 0.000000E+000 
$SHAPE_CAL:
3
0.000000E+000 0.000000E+000 0.000000E+000
