$SPEC_ID:
No sample description was entered.
$SPEC_REM:
DET# 1
DETDESC# PHY-R11-37 MCB 129
AP# Maestro Version 7.01
$DATE_MEA:
11/29/2012 17:44:32
$MEAS_TIM:
360 361
$DATA:
0 2047
       0
       0
       0
       0
       0
       0
       0
       0
       0
       0
       0
       0
       0
       0
       0
       0
       0
       0
       0
       0
       0
       0
       0
       0
       0
       0
       0
       0
       0
       0
       0
       0
       0
       0
       0
       0
       0
       0
       0
       0
       0
       0
       0
       0
       0
       0
       0
       0
       0
       0
       0
       0
       0
       0
       0
       0
       0
       0
       0
       0
       0
       0
       0
       0
       0
       0
       0
       0
       0
       0
       0
       0
       0
       0
       0
       0
       0
       0
       0
       0
       0
       0
       0
       0
       0
       1
       0
       0
       0
       0
       1
       0
       1
     780
    1466
    1496
    1429
    1396
    1404
    1409
    1372
    1338
    1229
    1309
    1239
    1247
    1136
    1129
    1102
    1079
    1067
    1062
    1080
    1013
     988
     966
     973
     929
     955
     882
     963
     867
     828
     860
     879
     827
     814
     853
     792
     819
     727
     783
     726
     715
     722
     726
     767
     763
     704
     730
     653
     723
     767
     717
     640
     698
     703
     649
     658
     666
     630
     688
     645
     665
     681
     631
     636
     659
     677
     608
     702
     617
     680
     643
     626
     676
     700
     652
     677
     623
     645
     694
     606
     695
     620
     592
     598
     597
     567
     549
     516
     522
     463
     467
     410
     433
     399
     348
     355
     322
     287
     297
     269
     268
     237
     214
     236
     246
     209
     206
     210
     183
     175
     162
     166
     165
     170
     145
     134
     134
     140
     120
     124
     131
     126
      98
     116
     103
     109
     107
     100
     104
     101
     107
      93
     122
     113
     101
     103
      97
     102
     130
     132
     118
     159
     158
     180
     232
     234
     299
     359
     449
     571
     618
     800
     980
    1195
    1384
    1699
    1895
    2233
    2598
    2804
    3240
    3535
    3821
    4073
    4350
    4428
    4374
    4603
    4541
    4455
    4293
    4093
    3909
    3692
    3278
    2981
    2749
    2460
    2020
    1829
    1488
    1267
    1063
     847
     708
     587
     458
     363
     285
     233
     176
     148
     101
      76
      69
      61
      57
      32
      26
      27
      33
      40
      21
      34
      33
      26
      25
      25
      35
      31
      30
      31
      27
      24
      29
      35
      25
      28
      28
      19
      28
      27
      22
      30
      19
      19
      20
      30
      38
      27
      24
      17
      30
      25
      23
      24
      33
      23
      33
      25
      17
      23
      30
      14
      30
      19
      27
      15
      37
      19
      32
      21
      23
      30
      23
      28
      22
      22
      23
      29
      25
      18
      34
      21
      23
      23
      20
      23
      31
      27
      25
      23
      23
      27
      19
      19
      22
      26
      23
      28
      19
      16
      26
      23
      16
      24
      19
      27
      24
      18
      24
      25
      21
      25
      19
      20
      28
      29
      24
      18
      17
      23
      19
      20
      19
      13
      20
      18
      17
      17
      16
      24
      21
      21
      11
      23
      24
      17
      16
      19
      15
      19
      21
      20
      23
      23
      19
      15
      15
      25
      14
      15
      18
      20
      24
      25
      20
      24
      17
      19
      16
      21
      15
      23
      17
      16
      19
      22
      18
      15
      18
      17
      16
      19
      19
      24
      11
      13
      20
      17
      17
      16
      22
      15
      11
      17
      13
      18
      13
      19
      12
      15
      20
      18
      18
      13
       8
      13
      21
      15
      23
      15
      19
      13
      10
      10
       8
      13
      14
      13
      13
       9
       8
      20
      19
      13
      11
      15
      12
      17
      12
      15
      12
      11
      12
       9
      10
      13
      10
      18
       9
      16
       8
       8
      10
       9
      12
       9
      16
       9
       8
       7
      13
      15
      11
       8
       7
      11
      10
       9
      14
      15
      13
       6
       8
       4
      19
      11
      11
       8
      12
      11
       9
      14
      12
       9
      19
       9
      14
      20
      14
      21
      21
      17
      19
      18
      21
      18
      21
      23
      25
      17
      27
      24
      17
      24
      20
      20
      25
      21
      23
      26
      21
      28
      25
      20
      18
      25
      32
      19
      24
      20
      25
      22
      22
      18
      10
      14
      13
      15
      17
       9
      16
      15
      13
      15
      12
       9
      13
       9
       9
       9
       7
       9
       7
       6
       8
       6
       6
      10
      10
       5
       4
       6
       5
      10
      12
       4
       7
       5
       4
       6
       2
       6
       5
       5
       8
       4
       7
       8
       5
       4
       8
       4
       5
       5
      12
       7
       4
       7
       5
       1
       2
       7
       3
       4
       7
       8
       6
       7
       5
       4
       4
       4
       5
       4
       8
       3
       6
       6
       4
       2
       7
       5
       8
       2
       5
       5
       6
      11
       7
       8
       5
       7
       5
       6
       9
       3
       5
       7
       5
       4
       7
       9
       4
       4
       2
       5
       7
       3
       7
       6
       5
       1
       3
       3
       4
       2
       4
       4
       4
       0
       3
       3
       0
       4
       2
       4
       6
       3
       4
       1
       4
       4
       4
       2
       2
       1
       0
       6
       2
       5
       4
       2
       3
       1
       4
       3
       3
       0
       2
       4
       1
       1
       3
       2
       5
       5
       3
       4
       2
       0
       3
       5
       4
       0
       3
       2
       3
       1
       2
       3
       3
       3
       1
       4
       1
       3
       8
       0
       5
       3
       2
       1
       2
       4
       4
       5
       4
       2
       1
       3
       3
       2
       3
       1
       3
       2
       5
       4
       3
       6
       4
       0
       2
       2
       7
       3
       2
       5
       1
       4
       4
       3
       4
       4
       5
       3
       3
       4
       2
       2
       6
       1
       4
       2
       2
       4
       0
       2
       4
       2
       5
       5
       2
       0
       1
       2
       4
       3
       4
       2
       3
       4
       3
       5
       2
       3
       2
       2
       2
       7
       4
       5
       4
       3
       1
       1
       3
       2
       1
       1
       2
       2
       3
       0
       8
       5
       5
       4
       3
       5
       2
       4
       5
       2
       1
       6
       1
       1
       2
       5
       5
       5
       5
       3
       4
       3
       2
       2
       3
       0
       3
       3
       2
       0
       3
       2
       0
       4
       1
       1
       3
       2
       6
       3
       1
       0
       3
       3
       4
       1
       4
       2
       3
       1
       2
       2
       1
       4
       0
       0
       1
       6
       3
       3
       2
       5
       2
       1
       2
       0
       2
       4
       3
       4
       5
       2
       1
       0
       1
       0
       2
       3
       1
       2
       1
       1
       2
       1
       2
       2
       2
       1
       1
       4
       1
       2
       2
       1
       0
       2
       1
       0
       3
       1
       0
       3
       4
       0
       2
       2
       1
       1
       0
       3
       3
       1
       3
       0
       1
       0
       1
       3
       1
       2
       4
       2
       2
       3
       0
       0
       1
       1
       3
       1
       3
       3
       3
       4
       2
       2
       1
       2
       2
       1
       2
       7
       2
       3
       2
       4
       1
       2
       2
       1
       5
       5
       0
       3
       1
       5
       3
       3
       1
       4
       6
       3
       5
       5
       3
       1
       3
       3
       2
       2
       5
       3
       1
       4
       6
       3
       4
       2
       4
       3
       0
       3
       5
       6
       4
       0
       2
       2
       1
       1
       0
       2
       1
       2
       2
       1
       1
       3
       2
       2
       1
       2
       1
       1
       1
       1
       2
       2
       2
       0
       1
       3
       1
       0
       4
       0
       0
       0
       2
       0
       0
       3
       1
       1
       2
       1
       0
       0
       1
       0
       4
       0
       2
       1
       2
       1
       0
       2
       3
       2
       1
       1
       1
       2
       1
       3
       2
       4
       1
       0
       1
       1
       1
       0
       2
       2
       1
       1
       1
       1
       2
       0
       0
       2
       0
       0
       2
       3
       0
       1
       0
       3
       1
       2
       1
       0
       0
       2
       0
       0
       1
       0
       1
       3
       1
       2
       1
       0
       1
       1
       1
       1
       1
       2
       1
       2
       0
       1
       0
       0
       4
       0
       4
       2
       4
       1
       1
       2
       2
       0
       0
       1
       0
       0
       1
       5
       0
       1
       1
       0
       1
       0
       2
       1
       2
       1
       1
       0
       3
       1
       1
       0
       2
       0
       3
       1
       1
       0
       0
       2
       1
       0
       1
       0
       0
       1
       0
       2
       3
       1
       0
       2
       1
       1
       1
       1
       4
       0
       4
       0
       3
       2
       1
       1
       0
       0
       2
       1
       0
       1
       0
       0
       0
       0
       3
       0
       3
       2
       0
       0
       0
       0
       1
       0
       2
       1
       1
       1
       0
       1
       1
       0
       2
       1
       2
       0
       0
       1
       2
       0
       1
       1
       1
       1
       1
       0
       0
       0
       1
       2
       2
       1
       1
       1
       2
       2
       0
       3
       1
       0
       1
       1
       0
       1
       0
       1
       0
       1
       0
       0
       2
       0
       1
       0
       0
       0
       3
       3
       2
       1
       2
       0
       1
       1
       2
       0
       2
       1
       1
       2
       1
       3
       1
       0
       0
       0
       1
       1
       3
       0
       1
       1
       0
       0
       4
       0
       0
       1
       0
       1
       2
       2
       0
       2
       0
       0
       0
       0
       0
       0
       0
       0
       1
       0
       0
       0
       0
       0
       1
       0
       1
       0
       1
       2
       1
       1
       1
       1
       0
       0
       0
       0
       0
       1
       1
       0
       0
       1
       1
       0
       0
       1
       1
       2
       1
       1
       1
       0
       2
       0
       2
       3
       1
       0
       0
       3
       1
       1
       0
       0
       0
       1
       0
       2
       0
       0
       0
       1
       0
       0
       0
       1
       1
       1
       0
       1
       0
       0
       0
       1
       0
       0
       1
       0
       5
       2
       1
       0
       1
       1
       0
       1
       1
       1
       0
       1
       1
       1
       0
       1
       0
       0
       0
       1
       0
       0
       0
       1
       1
       1
       2
       0
       1
       0
       0
       0
       2
       0
       1
       3
       2
       0
       0
       2
       0
       2
       0
       0
       1
       0
       2
       1
       1
       1
       0
       0
       0
       0
       0
       0
       2
       1
       0
       0
       1
       1
       0
       0
       1
       0
       0
       0
       0
       1
       1
       0
       3
       0
       1
       1
       0
       1
       2
       1
       0
       3
       1
       0
       0
       1
       0
       0
       0
       1
       0
       0
       2
       0
       0
       1
       1
       1
       1
       2
       0
       4
       1
       1
       1
       0
       0
       0
       1
       1
       0
       1
       0
       0
       0
       4
       2
       1
       0
       0
       0
       1
       1
       0
       1
       1
       0
       1
       0
       0
       0
       1
       2
       0
       1
       1
       2
       0
       0
       0
       1
       0
       1
       2
       0
       0
       1
       0
       1
       1
       2
       1
       0
       0
       0
       0
       0
       0
       0
       0
       1
       0
       1
       1
       0
       1
       2
       1
       0
       1
       3
       0
       0
       0
       0
       0
       1
       0
       2
       0
       0
       0
       0
       2
       4
       0
       1
       0
       0
       1
       0
       0
       0
       0
       0
       2
       0
       0
       1
       0
       0
       0
       0
       0
       1
       0
       0
       0
       2
       1
       1
       0
       0
       2
       0
       2
       1
       1
       0
       2
       2
       0
       1
       1
       0
       1
       0
       1
       0
       2
       0
       2
       1
       1
       1
       1
       1
       2
       0
       0
       0
       0
       0
       1
       0
       0
       0
       2
       1
       1
       0
       0
       1
       0
       1
       1
       0
       0
       1
       1
       1
       0
       2
       0
       1
       0
       0
       0
       0
       1
       0
       2
       2
       1
       0
       1
       1
       1
       0
       0
       1
       0
       1
       1
       1
       1
       2
       0
       0
       1
       0
       1
       3
       1
       2
       0
       1
       0
       1
       0
       1
       1
       1
       1
       3
       2
       0
       1
       1
       1
       0
       0
       1
       0
       1
       2
       0
       1
       1
       1
       0
       1
       0
       2
       1
       0
       2
       0
       1
       0
       1
       1
       0
       1
       1
       1
       1
       0
       0
       0
       1
       1
       0
       1
       1
       0
       0
       1
       0
       0
       0
       0
       0
       0
       1
       0
       0
       1
       2
       0
       0
       1
       1
       0
       1
       1
       0
       0
       0
       1
       0
       1
       0
       1
       0
       1
       0
       1
       0
       3
       0
       0
       1
       0
       3
       0
       1
       0
       0
       2
       1
       0
       1
       0
       0
       0
       1
       0
       0
       1
       0
       1
       0
       0
       0
       0
       0
       0
       0
       1
       0
       0
       0
       1
       2
       0
       1
       0
       0
       0
       0
       1
       0
       0
       0
       0
       1
       0
       0
       0
       0
       0
       0
       1
       1
       1
       1
       2
       0
       0
       1
       1
       2
       0
       0
       1
       1
       0
       0
       1
       1
       0
       0
       1
       0
       0
       1
       1
       1
       0
       3
       0
       0
       0
       0
       0
       1
       2
       0
       0
       2
       0
       0
       0
       0
       1
       0
       0
       1
       0
       1
       1
       0
       0
       1
       1
       1
       0
       0
       0
       0
       2
       0
       1
       0
       0
       1
       1
       0
       0
       0
       1
       0
       0
       0
       0
       0
       0
       0
       0
       0
       0
       0
       0
       0
       0
       0
       0
       0
       0
       0
       0
       0
       0
       0
       0
       0
       0
       0
       0
       0
       0
       0
       0
       0
       0
       0
       0
       0
       0
       0
       0
       0
       0
       0
       0
       0
       0
       0
       0
       0
       0
       0
       0
       0
       0
       0
       0
       0
       0
       0
       0
       0
       0
       0
       0
       0
       0
       0
       0
       0
       0
       0
       0
       0
       0
       0
       0
       0
       0
       0
       0
       0
       0
       0
       0
       0
       0
       0
       0
       0
       0
       0
       0
       0
       0
       0
       0
       0
       0
       0
       0
       0
       0
       0
       0
       0
       0
       0
       0
       0
       0
       0
       0
       0
       0
       0
       0
       0
       0
       0
       0
       0
       0
       0
       0
       0
       0
       0
       0
       0
       0
       0
       0
       0
       0
       0
       0
       0
       0
       0
       0
       0
       0
       0
       0
       0
       0
       0
       0
       0
       0
       0
       0
       0
$ROI:
0
$PRESETS:
Live Time
360
0
$ENER_FIT:
0.000000 0.000000
$MCA_CAL:
3
0.000000E+000 0.000000E+000 0.000000E+000 
$SHAPE_CAL:
3
0.000000E+000 0.000000E+000 0.000000E+000
