$SPEC_ID:
No sample description was entered.
$SPEC_REM:
DET# 1
DETDESC# PHY-R11-37 MCB 129
AP# Maestro Version 7.01
$DATE_MEA:
11/15/2012 15:55:58
$MEAS_TIM:
60 71
$DATA:
0 2047
       0
       0
       0
       0
       0
       0
       0
       0
       0
       0
       0
       0
       0
       0
      14
     309
       3
       5
     967
    1413
    1503
    1395
    1412
    1330
    1239
    1185
    1151
    1074
    1061
    1013
     960
     956
     862
     881
     850
     845
     783
     756
     783
     711
     755
     759
     674
     779
     756
     837
     828
     832
     811
     849
     861
     865
     922
     909
     896
     924
     814
     892
     871
     879
     843
     782
     810
     832
     798
     763
     816
     786
     797
     809
     818
     826
     800
     860
     847
     919
     849
     875
     900
     879
     872
     881
     842
     777
     800
     693
     731
     667
     631
     696
     666
     686
     652
     706
     617
     607
     649
     653
     817
     970
    1360
    1750
    2114
    2101
    2116
    1866
    1466
    1100
     824
     708
     592
     595
     715
     925
    1217
    1531
    1718
    1818
    1737
    1539
    1303
    1034
     755
     562
     457
     415
     401
     368
     344
     383
     373
     313
     283
     303
     290
     317
     289
     295
     306
     313
     315
     286
     305
     288
     292
     337
     298
     274
     287
     284
     310
     272
     264
     282
     285
     256
     260
     272
     253
     236
     268
     247
     250
     238
     260
     287
     234
     251
     242
     242
     242
     231
     200
     253
     222
     245
     208
     218
     239
     217
     211
     218
     204
     192
     223
     210
     208
     196
     192
     184
     204
     203
     185
     181
     200
     202
     186
     227
     179
     183
     176
     163
     181
     161
     166
     170
     153
     167
     142
     151
     151
     151
     144
     152
     159
     157
     163
     159
     155
     167
     202
     183
     185
     181
     188
     172
     149
     149
     130
     140
     131
     109
     134
     116
     103
     119
     107
     124
     117
     101
     106
     123
     111
     119
     100
     103
      89
     117
     103
      93
      87
      94
     128
      98
     102
     104
     126
      86
     118
     109
      99
     103
      93
      88
      97
      93
     107
      97
      86
      78
      93
      93
      91
      95
      80
     102
      93
     101
      98
     102
      85
      75
     101
      91
     112
      90
      89
      87
      74
      90
      74
      78
     100
     103
      84
      90
      87
     100
     102
      82
      77
     100
      87
      91
      69
      77
      91
      83
      84
      69
      81
      87
      73
      86
      97
      69
      80
      96
      81
      77
      88
      99
      83
      75
      74
      96
      89
      98
      88
     102
      91
     121
     110
      94
      88
      85
     105
      75
      78
      97
      75
      84
      95
      84
      86
      97
      86
      71
      78
      73
      90
      83
      81
      98
     101
      66
      75
      95
      87
      80
      78
      61
      88
      88
      68
      86
      75
      77
      70
      79
      73
      73
      93
      95
      77
      82
     101
      88
      73
      75
      76
      82
      78
      80
      94
      88
      89
      72
      82
      79
      84
      83
      79
      87
      88
      78
      89
      92
      94
      94
      83
      79
      74
      90
      83
     103
      76
      77
      88
      88
      87
      88
      92
      90
      90
      74
      77
      69
      76
      87
      85
     104
      85
      95
      81
      79
      89
      98
      95
      92
      89
      77
      67
      88
      68
      88
      84
      85
      78
      91
      82
      75
      84
      93
      99
      89
      80
      75
      82
      86
      72
      87
      85
      91
      85
      74
      70
      89
      87
      98
      73
      81
      74
      86
      90
      73
      91
      65
      84
      89
      95
      86
     104
      69
      82
     104
      83
      91
      94
      82
     100
      80
      86
      87
      89
      80
      85
      83
      95
      79
      91
      99
      89
      94
      90
      87
      84
      84
     106
     100
      84
      95
     104
      99
     103
      99
     106
      92
      87
      84
     106
      85
      85
      95
     103
     111
      95
      90
      96
      90
      96
      80
      93
      93
     100
      90
      91
      88
      99
     103
     100
     104
      88
      93
      91
      99
      99
     116
      81
     116
     118
     106
     107
      99
      86
      92
      80
      97
      96
      91
     110
     107
      87
      85
      92
      99
     104
     104
     100
     107
      98
      87
      93
     119
     102
     110
      91
     104
     111
     113
     114
     109
     112
     108
     108
     102
      94
      95
      96
     115
      91
      85
      84
      94
      93
      76
      98
      91
      87
     106
     106
      86
     105
     115
      83
      90
      93
      81
      81
      90
     102
      92
      77
      82
      84
      77
      81
      88
      73
      68
      79
      86
      64
      84
      70
      67
      72
      71
      86
      67
      62
      88
      76
      61
      76
      66
      85
      85
      72
      71
      82
      77
      69
      57
      74
      73
      63
      78
      83
      61
      69
      74
      59
      64
      81
      65
      77
      62
      53
      76
      70
      77
      79
      62
      71
      64
      61
      62
      63
      61
      81
      66
      65
      78
      68
      68
      60
      66
      67
      77
      52
      82
      62
      60
      69
      56
      62
      86
      52
      65
      65
      76
      62
      63
      62
      58
      83
      58
      66
      65
      79
      65
      73
      52
      70
      74
      62
      83
      72
      93
      90
      86
      92
      97
      82
     102
     130
     118
     121
     147
     141
     132
     165
     174
     161
     185
     170
     212
     214
     204
     231
     226
     256
     270
     253
     271
     292
     276
     305
     286
     320
     313
     325
     331
     333
     355
     285
     329
     339
     310
     317
     300
     310
     278
     307
     255
     286
     286
     260
     247
     240
     234
     243
     247
     202
     204
     180
     189
     171
     179
     156
     145
     124
     127
     126
     124
      93
     103
      79
      97
      89
      79
      78
      72
      63
      65
      59
      70
      62
      45
      60
      47
      56
      58
      61
      38
      39
      43
      51
      45
      48
      56
      39
      60
      60
      48
      55
      65
      72
      64
      90
      86
      95
      80
     103
     103
     124
     108
     119
     139
     139
     128
     153
     154
     167
     179
     193
     174
     215
     204
     196
     210
     190
     228
     224
     254
     224
     233
     247
     269
     239
     238
     265
     246
     267
     289
     267
     242
     255
     226
     238
     269
     248
     248
     226
     213
     227
     218
     226
     197
     172
     169
     174
     191
     137
     145
     154
     131
     126
     148
     136
     106
      97
     100
      98
      97
      88
      86
      72
      68
      63
      67
      58
      65
      53
      53
      41
      38
      38
      32
      37
      35
      34
      37
      29
      31
      26
      26
      21
      26
      13
      18
      31
      27
      14
      28
      21
      18
      20
      20
      18
      14
      20
      15
      26
      14
      23
      22
      20
      18
      16
      19
      22
      18
      19
      15
      18
      15
      14
      20
      18
      16
      20
      27
      10
      15
      10
      15
      13
      10
      12
      21
      13
      15
      22
      16
      12
      20
      19
      20
       9
      10
      14
      13
      12
      13
      13
       7
       6
      13
      16
      16
      11
       8
      16
      17
       7
      20
       8
       9
      14
      15
      15
       5
      12
      13
      13
      12
      10
      13
       9
      11
      11
      10
       6
       9
      13
      16
      20
      10
      12
      11
      14
      15
      14
       8
      12
       7
       9
      15
      15
       9
      12
       6
      11
       5
       8
       7
       6
       6
      12
       8
       6
       9
      11
      10
      16
       8
      10
       8
       7
      16
      11
      13
      13
       9
       4
      12
       5
       8
       7
       6
       4
      18
       9
       6
       5
       5
      15
       2
      14
       8
       8
       5
      15
      13
       8
       8
       4
      12
       7
      10
      11
       8
       8
       5
       9
       7
       7
       8
       7
       8
       9
       5
       8
      10
       6
       6
       4
       7
      10
      11
       9
       7
      13
       8
       6
       7
       7
       7
       8
       7
       6
      11
       8
       7
       4
      10
       7
       5
      13
       6
      10
      11
      10
      10
       7
       4
       4
       4
      14
      12
       8
      14
       6
       5
       7
       7
      12
      10
       7
       6
       6
       2
       9
       9
       9
       5
      11
       6
       3
       2
       8
       7
       7
       9
       6
       6
       3
       4
       6
       8
      12
       6
       8
       7
       3
       4
       7
       9
       8
       4
       5
       9
       4
       6
       5
       3
      13
       4
       5
       9
       5
       7
       7
      10
       6
       6
       6
       9
       6
       6
       5
       9
       5
       7
      11
       4
       3
       6
       8
       5
       3
       5
      12
       8
       7
      11
       6
       8
       4
       6
       6
       7
       7
       8
       1
       7
       2
       8
       4
      10
       7
       3
       8
       7
       7
       5
       6
      11
       8
       4
       8
       6
       5
       7
       9
       5
       3
       5
       3
       3
       2
       6
       9
       5
       8
       2
       5
       5
       4
       4
       6
      10
       4
       3
       6
       8
       3
       3
       7
       3
       6
       6
       8
       5
      10
       2
       7
       6
       8
       7
       3
       6
       2
       6
       6
       4
       6
       3
       4
       8
       4
       9
       8
       7
       6
       5
       4
       4
       1
       4
       7
       7
       4
       5
       4
       4
       3
       9
       6
       1
       7
       5
       4
       4
       6
       3
       4
       8
       7
       5
       5
       3
       8
       9
       8
       7
       9
       5
       5
       2
       2
       2
       4
       7
       8
       7
       5
       4
       3
       7
       4
       8
       1
       4
       4
       4
       2
       5
       3
       6
       7
       6
       4
       2
       8
       5
       2
       8
       6
       0
       5
       5
       6
       3
       6
       5
       4
       7
       3
       7
       1
       7
       8
       7
       6
       4
       5
       2
       6
       9
       4
       3
       5
       8
       2
       7
       6
       5
       4
       5
       6
       3
       9
       7
       8
      12
       8
       5
       8
       9
       6
       7
      14
       2
       5
       8
       7
       5
       5
       6
       5
       6
       6
      11
      10
       6
      10
       3
       7
       6
       8
       3
       6
       7
       7
       8
       6
       6
       6
      11
       7
       8
       8
       7
       7
       5
       5
       8
       7
       5
       5
       8
       6
       7
      10
       2
      10
       8
      11
       9
       8
       5
       6
       3
       8
       8
       5
       7
       6
      10
       4
       5
       6
       4
       6
       5
       3
       8
       4
       2
       5
       2
       1
       4
       4
       6
       6
       4
       5
       2
       4
       5
       3
       2
       4
       2
       2
       6
       3
       2
       3
       1
       5
       3
       3
       3
       9
       3
       3
       2
       3
       3
       6
       2
       5
       4
       3
       7
       3
       5
       4
       7
      12
       5
       6
       7
       8
       7
       9
       7
       7
      17
       9
      17
      16
      15
      17
      23
      23
      24
      26
      21
      20
      24
      18
      18
      17
      24
      16
      19
      22
      23
      12
      17
      10
      11
       9
       9
      10
      11
       9
       4
       6
       4
       5
      10
       8
       2
       2
       2
       2
       3
       0
       4
       1
       0
       4
       1
       2
       1
       0
       2
       2
       2
       3
       2
       3
       3
       3
       0
       2
       2
       0
       0
       0
       2
       0
       0
       2
       2
       1
       2
       0
       0
       3
       0
       2
       2
       0
       2
       0
       0
       1
       0
       1
       1
       2
       0
       1
       1
       2
       0
       1
       2
       0
       1
       1
       1
       1
       0
       0
       1
       2
       1
       1
       2
       1
       1
       1
       1
       0
       0
       0
       0
       2
       1
       1
       0
       1
       2
       1
       1
       3
       0
       3
       0
       1
       1
       1
       0
       1
       1
       0
       1
       1
       2
       1
       0
       2
       1
       1
       0
       1
       3
       3
       1
       1
       1
       2
       4
       2
       2
       0
       2
       1
       2
       1
       3
       1
       2
       1
       2
       2
       1
       1
       1
       0
       1
       3
       0
       1
       0
       1
       3
       3
       1
       0
       2
       5
       1
       1
       1
       1
       2
       2
       0
       3
       2
       1
       2
       1
       3
       0
       1
       1
       1
       2
       1
       2
       0
       1
       1
       1
       3
       5
       3
       1
       1
       2
       3
       0
       2
       2
       0
       1
       6
       1
       2
       1
       1
       0
       1
       3
       1
       1
       2
       0
       2
       4
       0
       0
       0
       4
       1
       1
       1
       0
       1
       4
       5
       5
      11
      19
       8
       4
       3
       2
       0
       0
       3
       1
       1
       2
       3
       1
       0
       1
       0
       0
       0
       0
       0
       1
       0
       0
       0
       0
       0
       0
       0
       0
       0
       0
       0
       0
       0
       0
       0
       0
       0
       1
       0
       0
       1
       0
       0
       1
       0
       0
       0
       0
       0
       0
       0
       0
       0
       0
       0
       1
       0
       0
       0
       0
       0
       0
       0
       0
       0
       0
       0
       0
       0
       0
       0
       0
       0
       0
       0
       0
       0
       0
       0
       0
       0
       0
       0
       0
       0
       0
       0
       0
       0
       0
       0
       0
       2
       0
       0
       0
       0
       0
       0
       0
       0
       0
       0
       0
       0
       0
       0
       0
       0
       0
       0
       0
       0
       0
       0
       0
       0
       0
       0
       0
       0
       0
       1
       0
       0
       0
       0
       0
       0
       0
       0
       0
       0
       0
       0
       0
       0
       0
       0
       0
       0
       0
       0
       0
       0
       0
       0
       0
       1
       0
       0
       0
       0
       0
       0
       0
       0
       1
       0
       0
       0
       0
       0
       0
       0
       0
       0
       0
       0
       0
       0
       0
       0
       0
       0
       1
       0
       0
       0
       0
       0
       0
       0
       0
       0
       0
       0
       0
       0
       0
       0
       0
       0
       0
       0
       0
       0
       0
       0
       0
       0
       0
       0
       0
       0
       0
       0
       0
       0
       0
       0
       0
       0
       0
       0
       0
       0
       0
       0
       0
       0
       0
       0
       0
       0
       0
       0
       0
       0
       0
       0
       0
       0
       0
       0
       0
       0
       0
       0
       0
       0
       0
       0
       0
       0
       0
       0
       0
       0
       0
       0
       0
       0
       0
       0
       0
       0
       0
       0
       0
       0
       0
       0
       0
       0
       0
       0
       0
       0
       0
       0
       0
       0
       0
       0
       0
       0
       0
       0
       0
       0
       0
       0
       0
       0
       0
       0
       0
       0
       0
       0
       0
       0
       0
       0
       0
       0
       0
       0
       0
       0
       0
       0
       0
       0
       0
       0
       0
       0
       0
       0
       0
       0
       0
       0
       0
       0
       0
       0
       0
       0
       0
       0
       0
       0
       0
       0
       0
       0
       0
       0
       0
       0
$ROI:
0
$PRESETS:
Live Time
300
0
$ENER_FIT:
0.000000 0.000000
$MCA_CAL:
3
0.000000E+000 0.000000E+000 0.000000E+000 
$SHAPE_CAL:
3
0.000000E+000 0.000000E+000 0.000000E+000
