$SPEC_ID:
No sample description was entered.
$SPEC_REM:
DET# 1
DETDESC# PHY-R11-37 MCB 129
AP# Maestro Version 7.01
$DATE_MEA:
11/20/2012 14:53:08
$MEAS_TIM:
1300 1308
$DATA:
0 2047
       0
       0
       0
       0
       0
       0
       0
       0
       0
       0
       0
       0
       0
       0
       0
       0
       0
       0
       0
       0
       0
       0
       0
       0
       0
       0
       0
       0
       0
       0
       0
       0
       0
       0
       0
       0
       0
       0
       0
       2
       0
       2
       2
       2
       1
      17
    4636
    9792
    9811
    9593
    9581
    9155
    9247
    9281
    9260
    9374
    9842
   10360
   10777
   11408
   11537
   11410
   11184
   10685
   10108
    9698
    9634
    9466
    9238
    9297
    9359
    9319
    9192
    9255
    9154
    9091
    9085
    8656
    8788
    8582
    8621
    8465
    8220
    8009
    7765
    7787
    7583
    7385
    7306
    7127
    7184
    6974
    6879
    6726
    6499
    6654
    6547
    6619
    6507
    6320
    6435
    6234
    6272
    6232
    6313
    6273
    6056
    6083
    5731
    5922
    5736
    5703
    5570
    5506
    5258
    5167
    4945
    4735
    4465
    4417
    4078
    4095
    3892
    3700
    3678
    3517
    3502
    3461
    3368
    3430
    3335
    3337
    3440
    3405
    3582
    3684
    3721
    3870
    3750
    3792
    3736
    3701
    3528
    3428
    3220
    3099
    2864
    2704
    2561
    2551
    2374
    2321
    2236
    2176
    2150
    2169
    2203
    2203
    2300
    2295
    2369
    2525
    2723
    2966
    3506
    3921
    4630
    5419
    6666
    8051
    9773
   11710
   13731
   16144
   18433
   20634
   22684
   24398
   25950
   26790
   27135
   26901
   26000
   24604
   22366
   20632
   18289
   15739
   13633
   11187
    9341
    7662
    6239
    5029
    3925
    3324
    2796
    2350
    2037
    1769
    1593
    1477
    1454
    1444
    1378
    1379
    1328
    1359
    1355
    1345
    1335
    1334
    1351
    1339
    1259
    1384
    1279
    1317
    1301
    1273
    1295
    1191
    1301
    1250
    1213
    1192
    1209
    1176
    1153
    1162
    1113
    1092
    1128
    1131
    1072
    1048
    1032
    1055
    1024
     974
    1032
    1039
    1027
    1030
    1023
     989
    1028
    1014
     993
     962
    1000
     942
     971
     971
     945
     936
     948
    1014
     909
     958
     915
     921
     937
     912
     903
     950
     936
     918
     971
     900
     940
     923
     904
     857
    1002
    1019
     955
     932
     935
     947
     965
    1014
    1002
    1089
    1086
    1074
    1086
    1127
    1139
    1161
    1152
    1214
    1292
    1278
    1308
    1439
    1446
    1525
    1467
    1605
    1640
    1657
    1766
    1860
    1847
    1895
    1867
    1977
    1888
    1944
    1854
    1928
    1837
    1850
    1767
    1786
    1593
    1464
    1442
    1297
    1226
    1168
    1012
     971
     875
     849
     809
     746
     682
     632
     619
     545
     511
     471
     469
     429
     415
     404
     396
     351
     373
     371
     290
     355
     314
     286
     325
     289
     302
     301
     268
     274
     273
     262
     255
     281
     268
     262
     301
     257
     271
     280
     285
     286
     284
     303
     299
     345
     367
     444
     428
     532
     532
     606
     681
     747
     809
     936
     988
    1144
    1251
    1376
    1571
    1666
    1876
    2056
    2229
    2430
    2585
    2798
    2933
    3126
    3242
    3417
    3460
    3596
    3514
    3702
    3682
    3639
    3667
    3438
    3451
    3237
    3153
    3056
    2851
    2732
    2553
    2276
    2177
    1967
    1778
    1622
    1396
    1334
    1216
     985
     938
     819
     717
     627
     576
     525
     468
     398
     357
     331
     287
     271
     267
     255
     206
     178
     196
     198
     185
     156
     181
     153
     152
     149
     164
     127
     131
     155
     142
     145
     140
     135
     135
     114
     125
     127
     127
     104
     128
      85
     123
     129
     129
     127
     124
     122
     123
     127
     138
     111
     134
     113
     130
     145
     129
     113
     143
     128
     128
     125
     132
     120
     114
     144
     146
     143
     158
     163
     157
     157
     158
     158
     157
     159
     185
     180
     197
     181
     178
     192
     226
     213
     205
     194
     219
     196
     196
     172
     206
     198
     190
     185
     171
     172
     174
     180
     155
     170
     143
     153
     156
     134
     147
     142
     137
     118
     130
     120
     112
     116
      86
      98
      93
     123
      86
      88
      74
      78
      78
      72
      81
      73
      62
      64
      75
      69
      61
      82
      54
      63
      69
      60
      45
      56
      66
      62
      62
      60
      49
      71
      58
      49
      65
      67
      65
      55
      66
      70
      56
      69
      46
      61
      82
      61
      71
      52
      72
      71
      72
      81
      82
      66
      78
      68
      69
      81
      69
      71
      84
      84
      86
      70
      70
      63
      64
      80
      70
      56
      61
      81
      69
      59
      67
      83
      91
      82
      82
      86
     100
      97
     111
     111
      91
     122
     141
     143
     153
     129
     142
     151
     164
     146
     155
     157
     161
     159
     184
     150
     165
     150
     165
     160
     169
     155
     166
     161
     144
     155
     114
     118
     106
     141
     116
     113
      83
      90
     109
      75
      74
      73
      63
      60
      43
      62
      51
      51
      32
      47
      31
      42
      37
      28
      25
      23
      34
      38
      36
      29
      22
      29
      30
      24
      18
      25
      21
      19
      22
      22
      17
      24
      22
      22
      13
      16
      21
      22
      17
      20
      19
      22
      23
      13
      20
      21
      25
      24
      13
      26
      18
      18
      23
      25
      18
      21
      28
      25
      17
      26
      16
      26
      20
      27
      18
      25
       9
      37
      22
      19
      19
      24
      21
      11
      27
      22
      16
      18
      23
      17
      22
      26
      17
      20
      19
      20
      17
      25
      16
      18
      19
      19
      20
      22
      25
      24
      27
      20
      22
      16
       8
      21
      17
      25
      24
       9
      21
      15
      14
      16
      18
      19
      12
      21
      13
      12
      21
      23
      18
      19
      19
      17
      13
      11
      11
      21
      11
      19
      19
      15
      12
      17
      15
      15
      12
      21
      18
      14
      13
      11
      17
      11
      11
      12
      16
      20
      11
      15
       9
      21
       8
       8
      11
       5
      10
       9
       8
      13
       8
      11
      19
       9
       7
      13
      13
       9
      15
      14
       7
      11
      12
       9
      16
       8
       7
      11
      16
      12
      13
      12
      10
       9
      15
       9
      12
       8
      10
      12
       9
       4
      11
      11
       8
      10
      14
       9
       9
       8
       7
      14
       9
       9
      12
      11
      13
      11
      12
      14
      17
       9
      14
      19
      17
      13
      13
      12
       8
      14
      10
      15
      12
      15
      20
      16
      11
      19
      16
      30
      14
      24
      18
      19
      18
      13
      29
      19
      17
      20
      26
      19
      23
      19
      30
      19
      18
      15
      23
      11
      23
      20
      19
      14
      26
      18
      14
      16
      15
      20
      15
      17
      20
      23
      19
      13
      17
      10
       8
      10
      17
       8
      14
      15
      12
      11
       9
      14
      18
       4
      10
       7
      10
      12
       9
      11
      10
       3
      13
      10
      14
       6
       7
       9
       6
       5
       8
      13
       6
      12
       7
      10
       8
      11
       7
       5
       5
       5
       7
       9
      11
       9
       3
      11
       7
       9
       6
      11
       3
       7
       7
      14
       5
      11
       7
       7
       2
       5
       7
       9
       6
       8
       5
       4
       4
       5
       7
       8
       7
       5
       5
       3
       4
       5
       5
       8
       9
       5
       4
      13
      11
       8
       8
       3
       5
       5
       8
       3
       9
       5
       5
       4
       8
       2
       7
       7
       0
       1
      12
       9
       8
       2
       4
       6
       9
       5
       4
       7
       5
       3
       6
       7
       7
       4
       7
       5
      11
       4
       4
       5
       5
       3
       4
       3
       4
       3
       5
       2
       6
       7
       2
       4
       3
       6
       4
       4
       4
       3
       4
       4
       4
      10
       2
       2
      11
       4
       7
       7
       2
       5
       2
       4
       3
       3
       6
       4
       1
       4
      11
       5
      10
       6
       5
       7
       8
       3
       8
       8
       8
       6
       7
       8
       6
       3
       5
       5
       7
       5
       6
       5
       7
       5
       8
       4
       7
       6
      11
       9
       8
       7
       2
       7
       4
       5
       8
       6
       1
       6
       6
       6
       3
       7
       5
       7
       3
       6
       2
       5
       3
       6
       8
       6
       5
       6
       2
       3
       4
       4
       4
       4
       5
       4
       4
       3
       2
       4
       1
       5
       2
       4
       1
       4
       7
       5
       6
       2
       0
       2
       5
       5
       4
       4
       1
       3
       4
       4
       5
       6
      10
       5
       3
       8
       5
       4
       2
       8
       4
       5
       3
       1
       2
       4
       5
       6
       7
       5
       1
       5
       7
       3
       1
       5
       0
       4
       2
       3
       3
       3
       4
       1
       3
       3
       3
       2
       2
       4
       2
       3
       4
       7
       7
       4
       4
       2
       3
       2
       6
       3
       6
       6
       2
       3
       6
       0
       2
       3
       1
       2
       5
       3
       8
       5
       8
       5
       3
       5
       2
       3
       3
       6
       2
       5
       2
       2
       5
       5
       3
       2
       5
       4
       5
       4
       6
       4
       4
       3
       1
       1
       4
       5
       7
       2
       1
       5
       2
       6
       3
       3
       5
       0
       3
       1
       2
       4
       1
       2
       1
       0
       2
       5
       2
       5
       7
       4
       5
       4
       0
       4
       5
       1
       5
       2
       4
       3
       5
       3
       1
       2
       2
       4
       6
       0
       1
       2
       4
       2
       2
       4
       5
       0
       1
       3
       0
       5
       4
       5
       1
       5
       5
       3
       2
       0
       2
       4
       4
       2
       1
       3
       1
       4
       6
       1
       4
       5
       4
       4
       5
       5
       1
       3
       2
       5
       6
       7
       4
       2
       3
       2
       3
       6
       3
       0
       3
       6
       5
       4
       2
       3
       1
       1
       3
       1
       3
       1
       5
       2
       2
       2
       1
       3
       2
       3
       5
       4
       6
       5
       4
       1
       1
       6
       0
       3
       2
       2
       1
       2
       3
       2
       1
       4
       3
       4
       1
       4
       0
       1
       5
       4
       4
       2
       1
       3
       3
       4
       3
       1
       4
       4
       4
       1
       2
       2
       1
       2
       4
       0
       2
       3
       2
       6
       1
       3
       4
       2
       0
       4
       1
       1
       1
       4
       6
       3
       3
       7
       7
       0
       3
       2
       0
       0
       2
       0
       0
       4
       2
       4
       1
       2
       2
       2
       7
       2
       3
       1
       2
       1
       5
       0
       1
       5
       2
       3
       2
       2
       0
       3
       4
       3
       3
       1
       1
       3
       3
       3
       2
       1
       2
       3
       1
       1
       3
       0
       2
       0
       3
       3
       3
       1
       3
       2
       6
       5
       2
       3
       3
       4
       3
       2
       0
       5
       1
       3
       3
       5
       1
       3
       6
       4
       5
       5
       2
       2
       2
       0
       1
       4
       1
       3
       1
       6
       0
       1
       2
       5
       2
       2
       5
       0
       5
       2
       4
       0
       4
       3
       1
       0
       0
       2
       1
       3
       1
       3
       4
       5
       2
       2
       3
       0
       3
       0
       2
       2
       2
       1
       1
       6
       2
       3
       4
       2
       2
       3
       1
       4
       1
       3
       3
       5
       3
       2
       2
       1
       1
       4
       4
       1
       3
       1
       2
       1
       2
       0
       0
       1
       2
       3
       2
       2
       1
       2
       2
       1
       5
       3
       1
       2
       2
       0
       3
       2
       3
       2
       1
       5
       1
       4
       5
       1
       1
       1
       0
       1
       2
       3
       2
       3
       4
       3
       0
       4
       1
       0
       1
       1
       1
       2
       1
       2
       3
       2
       4
       2
       3
       3
       1
       3
       1
       4
       1
       0
       0
       1
       4
       2
       2
       2
       1
       1
       0
       4
       2
       1
       0
       3
       1
       2
       1
       4
       3
       0
       2
       5
       0
       1
       0
       1
       5
       4
       2
       5
       5
       1
       0
       3
       3
       0
       0
       3
       3
       1
       2
       2
       2
       1
       3
       4
       1
       0
       7
       2
       2
       1
       2
       1
       4
       2
       3
       4
       0
       2
       2
       3
       6
       2
       0
       2
       3
       0
       2
       2
       0
       0
       2
       1
       3
       3
       3
       1
       3
       2
       0
       4
       1
       1
       1
       0
       3
       0
       2
       0
       1
       1
       2
       2
       3
       3
       4
       0
       4
       2
       1
       0
       1
       4
       1
       0
       3
       3
       1
       1
       1
       6
       3
       1
       2
       2
       1
       2
       1
       2
       2
       0
       2
       1
       2
       1
       1
       3
       2
       1
       3
       1
       2
       2
       3
       2
       1
       2
       0
       2
       0
       2
       3
       2
       1
       4
       2
       1
       2
       2
       5
       1
       0
       4
       2
       3
       2
       0
       2
       1
       1
       1
       2
       0
       1
       7
       2
       1
       1
       1
       1
       1
       1
       2
       0
       0
       2
       2
       1
       0
       2
       1
       1
       3
       0
       2
       3
       3
       3
       2
       1
       2
       3
       2
       0
       1
       2
       5
       4
       0
       2
       2
       1
       3
       2
       2
       0
       2
       0
       2
       1
       3
       5
       4
       2
       1
       4
       3
       4
       1
       1
       5
       2
       1
       3
       2
       2
       0
       1
       0
       2
       2
       1
       4
       2
       1
       3
       1
       3
       1
       1
       0
       1
       0
       0
       0
       0
       0
       0
       0
       0
       0
       0
       0
       0
       0
       0
       0
       0
       0
       0
       0
       0
       0
       0
       0
       0
       0
       0
       0
       0
       0
       0
       0
       0
       0
       0
       0
       0
       0
       0
       0
       0
       0
       0
       0
       0
       0
       0
       0
       0
       0
       0
       0
       0
       0
       0
       0
       0
       0
       0
       0
       0
       0
       0
       0
       0
       0
       0
       0
       0
       0
       0
       0
       0
       0
       0
       0
       0
       0
       0
       0
       0
       0
       0
       0
       0
       0
       0
       0
       0
       0
       0
       0
       0
       0
       0
       0
       0
       0
       0
       0
       0
       0
       0
       0
       0
       0
       0
       0
       0
       0
       0
       0
       0
       0
       0
       0
       0
       0
       0
       0
       0
       0
       0
       0
       0
       0
       0
       0
       0
       0
       0
       0
       0
       0
       0
       0
       0
       0
       0
       0
       0
       0
       0
       0
       0
       0
       0
       0
       0
       0
       0
       0
       0
       0
       0
       0
       0
       0
       0
       0
       0
       0
       0
       0
       0
       0
       0
       0
       0
       0
       0
       0
$ROI:
0
$PRESETS:
Live Time
1300
0
$ENER_FIT:
0.000000 0.000000
$MCA_CAL:
3
0.000000E+000 0.000000E+000 0.000000E+000 
$SHAPE_CAL:
3
0.000000E+000 0.000000E+000 0.000000E+000
