#z Mstar pos error M neg error M
0.1		316227766.016838 	81879404.536659 	92355652.1600037
0.5		251188643.150958 	65039122.8658797 	92699323.9048471
0.7		199526231.496888 	82312061.6295572 	41036912.2507771
0.9		141253754.462276 	36574186.5416168 	41253754.462276
1.1		125892541.179417 	32596778.0666945 	36767447.3660421
0.5		199526231.496888 	0 					0
0.7		316227766.016838 	0 					0
0.9		141253754.462276 	0 					0
1.15	177827941.003893 	0 					0
1.45	89125093.8133748 	0 					0
1.8		79432823.4724284 	0 					0
2.5		39810717.0553498 	0 					0
3.5		17782794.1003893 	4604417.28529415 	5193539.98244759
