0 0 0.0616079923882 0.04538572256388
1 1.56 0.308920076118 0.2491354655401
2 4.69 0.3857992388202 0.3217937454437
3 9.38 0.4562321598478 0.3991812625007
4 15.63 0.5341103710752 0.4787371254463
5 23.44 0.6186013320647 0.5655644241733
6 32.81 0.6997383444339 0.6596818513188
7 43.75 0.7771408182683 0.7516122399387
8 56.25 0.8436251189343 0.8243639830271
9 67.19 0.8985252140818 0.8821429239023
10 76.56 0.9363939105614 0.9249116772903
11 84.38 0.9637012369172 0.9590070471241
12 90.63 0.9848477640343 0.984915041965
13 95.31 0.9984062797336 0.9974017234611
14 98.44 1 1
