0.1 0.995004 -0.0998334
0.29521 0.956741 -0.290941
0.490421 0.882135 -0.470997
0.685631 0.77402 -0.633161
0.880841 0.636503 -0.771274
1.08725 0.46492 -0.885353
1.29367 0.273598 -0.961844
1.50008 0.0706612 -0.9975
1.70649 -0.135276 -0.990808
1.9129 -0.335469 -0.942051
2.11931 -0.521421 -0.853299
2.32573 -0.685236 -0.728321
2.53214 -0.819959 -0.572422
2.73855 -0.919871 -0.392222
2.94496 -0.98073 -0.195369
3.15137 -0.999952 0.00977798
3.35779 -0.976722 0.21451
3.5642 -0.912025 0.410135
3.77061 -0.808608 0.588347
3.97702 -0.670862 0.741582
4.18343 -0.504635 0.863333
4.38985 -0.316983 0.948431
4.59626 -0.115875 0.993264
4.80267 0.0901538 0.995927
5.00908 0.292355 0.95631
5.21549 0.482144 0.876092
5.42191 0.651463 0.75868
5.62832 0.793125 0.609058
5.83473 0.901115 0.433579
6.04114 0.970848 0.239692
6.24755 0.999365 0.0356297
6.45397 0.985453 -0.169946
6.66038 0.929704 -0.368306
6.86679 0.834485 -0.55103
7.0732 0.703838 -0.71036
7.27961 0.543309 -0.839532
7.48603 0.359715 -0.933062
7.69244 0.160849 -0.986978
7.89885 -0.0448459 -0.998993
8.10526 -0.248637 -0.968596
8.31167 -0.441872 -0.897077
8.51809 -0.616347 -0.787473
8.7245 -0.764656 -0.644438
8.93091 -0.880501 -0.474042
9.13732 -0.958965 -0.283521
9.34373 -0.996716 -0.0809638
9.55015 -0.992152 0.125031
9.75656 -0.945466 0.325718
9.96297 -0.858641 0.512576
10.1694 -0.735362 0.677673
10.3758 -0.580864 0.814
10.5822 -0.401705 0.915768
10.7886 -0.205492 0.978658
10.995 -0.000554335 0.999999
11.2014 0.204406 0.978885
11.4079 0.400689 0.916213
11.6143 0.579961 0.814643
11.8207 0.73461 0.678488
12.0271 0.858072 0.513528
12.2335 0.945104 0.326766
12.4399 0.992013 0.126131
12.6463 0.996805 -0.0798587
12.8527 0.959279 -0.282458
13.0592 0.881026 -0.473065
13.2656 0.76537 -0.643589
13.472 0.61722 -0.786789
13.6784 0.442866 -0.896587
13.8848 0.24971 -0.968319
14.0912 0.0459534 -0.998942
14.2976 -0.159754 -0.987156
14.504 -0.35868 -0.933459
14.7104 -0.542378 -0.840133
14.9169 -0.703049 -0.711139
15.1233 -0.833873 -0.551954
15.3297 -0.929295 -0.369336
15.5361 -0.985263 -0.171038
15.7425 -0.999403 0.0345216
15.9489 -0.971113 0.238616
16.1553 -0.901594 0.432579
16.3617 -0.793799 0.608178
16.5682 -0.652303 0.757956
16.7746 -0.483114 0.875556
16.981 -0.293414 0.955984
17.1874 -0.0912578 0.995826
17.3938 0.114773 0.99339
17.6002 0.315931 0.948781
17.8066 0.503677 0.863891
18.013 0.670039 0.742324
18.2195 0.807954 0.589243
18.4259 0.911568 0.411145
18.6323 0.976482 0.215592
18.8387 0.999939 0.0108866
19.0451 0.980944 -0.194281
19.2515 0.920304 -0.391201
19.4579 0.820592 -0.571512
19.6643 0.686042 -0.72756
19.8707 0.522366 -0.85272
20 0.408098 -0.912936
