1 6.89763 15.7435 -93.1024
2 4.09103 12.9369 -2.8066
3 2.24849 11.0943 -1.84254
4 0.892465 9.7383 -1.35602
5 -1.21745 7.62838 -2.10992
6 0.686453 9.53228 1.9039
7 -2.37712 6.46871 -3.06358
8 0.140296 8.98613 2.51742
9 8.09913 16.945 7.95883
10 4.87067 13.7165 -3.22846
11 2.7681 11.6139 -2.10258
12 1.3122 10.158 -1.4559
13 -0.175147 8.67068 -1.48735
14 2.82288 11.6687 2.99803
15 1.35376 10.1996 -1.46912
16 -0.107256 8.73857 -1.46102
17 3.27923 12.1251 3.38648
18 1.68765 10.5335 -1.59158
19 0.340413 9.18624 -1.34723
20 -26.4327 -17.5868 -26.7731
21 -18.8047 -9.95887 7.62797
22 -13.8977 -5.05182 4.90705
23 -10.9221 -2.07626 2.97557
24 -9.39521 -0.549381 1.52688
25 -8.90036 -0.0545332 0.494848
26 -8.84693 -0.00110254 0.0534307
27 -8.84633 -0.000499328 0.000603216
