1 4.4 13.2458 4.4
2 2.45585 11.3017 -1.94415
3 1.06654 9.91237 -1.38931
4 -0.676716 8.16911 -1.74325
5 1.31152 10.1574 1.98824
6 -0.176282 8.66955 -1.4878
7 2.8163 11.6621 2.99258
8 1.34879 10.1946 -1.46751
9 -0.115188 8.73064 -1.46398
10 3.21862 12.0644 3.33381
11 1.64435 10.4902 -1.57427
12 0.289698 9.13553 -1.35465
13 188.209 197.055 187.919
14 124.614 133.46 -63.5952
15 82.2314 91.0772 -42.3823
16 53.9977 62.8435 -28.2337
17 35.2055 44.0513 -18.7922
18 22.7198 31.5656 -12.4857
19 14.4529 23.2987 -8.26687
20 9.01287 17.8587 -5.44004
21 5.46385 14.3097 -3.54901
22 3.15765 12.0035 -2.3062
23 1.60052 10.4463 -1.55714
24 0.236566 9.0824 -1.36395
25 20.5586 29.4044 20.322
26 13.0269 21.8728 -7.53163
27 8.07958 16.9254 -4.94735
28 4.85798 13.7038 -3.22159
29 2.75972 11.6056 -2.09826
30 1.30581 10.1516 -1.45391
31 -0.185913 8.65992 -1.49172
32 2.7616 11.6074 2.94752
33 1.30724 10.1531 -1.45436
34 -0.183489 8.66234 -1.49073
35 2.77518 11.621 2.95867
36 1.31759 10.1634 -1.45759
37 -0.166131 8.6797 -1.48372
38 2.87624 11.7221 3.04237
39 1.39389 10.2397 -1.48235
40 -0.0449707 8.80086 -1.43886
41 3.84775 12.6936 3.89272
42 2.08334 10.9292 -1.76441
43 0.744957 9.59079 -1.33839
44 -1.94934 6.89649 -2.69429
45 0.258791 9.10462 2.20813
46 32.5463 41.3921 32.2875
47 20.9562 29.802 -11.5901
48 13.2891 22.1349 -7.66706
49 8.25103 17.0969 -5.03809
50 4.96925 13.8151 -3.28178
51 2.83308 11.6789 -2.13616
52 1.36146 10.2073 -1.47162
53 -0.0950696 8.75076 -1.45653
54 3.37687 12.2227 3.47194
55 1.75686 10.6027 -1.62001
56 0.418231 9.26406 -1.33863
57 -9.22843 -0.382599 -9.64666
58 -8.87373 -0.0279045 0.354694
59 -8.84649 -0.00065572 0.0272488
60 -8.84633 -0.000499256 0.000156464
