0 0
0.001 0.000999
0.002 0.001996
0.003 0.00299101
0.004 0.00398402
0.005 0.00497504
0.006 0.00596407
0.007 0.00695111
0.008 0.00793617
0.009 0.00891924
0.01 0.00990033
0.011 0.0108794
0.012 0.0118566
0.013 0.0128317
0.014 0.0138049
0.015 0.0147761
0.016 0.0157454
0.017 0.0167126
0.018 0.0176779
0.019 0.0186413
0.02 0.0196027
0.021 0.0205621
0.022 0.0215195
0.023 0.0224751
0.024 0.0234286
0.025 0.0243802
0.026 0.0253299
0.027 0.0262776
0.028 0.0272233
0.029 0.0281671
0.03 0.029109
0.031 0.0300489
0.032 0.0309869
0.033 0.031923
0.034 0.0328571
0.035 0.0337893
0.036 0.0347196
0.037 0.0356479
0.038 0.0365743
0.039 0.0374988
0.04 0.0384213
0.041 0.039342
0.042 0.0402607
0.043 0.0411775
0.044 0.0420924
0.045 0.0430054
0.046 0.0439164
0.047 0.0448256
0.048 0.0457329
0.049 0.0466382
0.05 0.0475417
0.051 0.0484432
0.052 0.0493429
0.053 0.0502406
0.054 0.0511365
0.055 0.0520304
0.056 0.0529225
0.057 0.0538127
0.058 0.054701
0.059 0.0555874
0.06 0.056472
0.061 0.0573546
0.062 0.0582354
0.063 0.0591143
0.064 0.0599913
0.065 0.0608665
0.066 0.0617398
0.067 0.0626112
0.068 0.0634808
0.069 0.0643485
0.07 0.0652143
0.071 0.0660782
0.072 0.0669404
0.073 0.0678006
0.074 0.068659
0.075 0.0695155
0.076 0.0703702
0.077 0.0712231
0.078 0.0720741
0.079 0.0729232
0.08 0.0737706
0.081 0.074616
0.082 0.0754597
0.083 0.0763015
0.084 0.0771414
0.085 0.0779796
0.086 0.0788159
0.087 0.0796503
0.088 0.080483
0.089 0.0813138
0.09 0.0821428
0.091 0.08297
0.092 0.0837953
0.093 0.0846189
0.094 0.0854406
0.095 0.0862605
0.096 0.0870786
0.097 0.0878949
0.098 0.0887094
0.099 0.0895221
0.1 0.090333
0.101 0.0911421
0.102 0.0919494
0.103 0.0927549
0.104 0.0935586
0.105 0.0943605
0.106 0.0951606
0.107 0.0959589
0.108 0.0967554
0.109 0.0975502
0.11 0.0983431
0.111 0.0991343
0.112 0.0999237
0.113 0.100711
0.114 0.101497
0.115 0.102281
0.116 0.103064
0.117 0.103844
0.118 0.104623
0.119 0.1054
0.12 0.106175
0.121 0.106949
0.122 0.10772
0.123 0.10849
0.124 0.109259
0.125 0.110025
0.126 0.11079
0.127 0.111553
0.128 0.112314
0.129 0.113073
0.13 0.113831
0.131 0.114587
0.132 0.115341
0.133 0.116094
0.134 0.116845
0.135 0.117594
0.136 0.118341
0.137 0.119087
0.138 0.11983
0.139 0.120573
0.14 0.121313
0.141 0.122052
0.142 0.122789
0.143 0.123524
0.144 0.124257
0.145 0.124989
0.146 0.125719
0.147 0.126448
0.148 0.127174
0.149 0.127899
0.15 0.128623
0.151 0.129344
0.152 0.130064
0.153 0.130782
0.154 0.131499
0.155 0.132213
0.156 0.132927
0.157 0.133638
0.158 0.134348
0.159 0.135056
0.16 0.135762
0.161 0.136467
0.162 0.13717
0.163 0.137871
0.164 0.138571
0.165 0.139269
0.166 0.139965
0.167 0.140659
0.168 0.141352
0.169 0.142044
0.17 0.142733
0.171 0.143421
0.172 0.144107
0.173 0.144792
0.174 0.145475
0.175 0.146156
0.176 0.146836
0.177 0.147514
0.178 0.14819
0.179 0.148865
0.18 0.149538
0.181 0.150209
0.182 0.150879
0.183 0.151547
0.184 0.152214
0.185 0.152879
0.186 0.153542
0.187 0.154204
0.188 0.154864
0.189 0.155522
0.19 0.156179
0.191 0.156834
0.192 0.157487
0.193 0.158139
0.194 0.158789
0.195 0.159438
0.196 0.160085
0.197 0.16073
0.198 0.161374
0.199 0.162016
0.2 0.162657
0.201 0.163296
0.202 0.163933
0.203 0.164569
0.204 0.165203
0.205 0.165835
0.206 0.166466
0.207 0.167096
0.208 0.167724
0.209 0.16835
0.21 0.168974
0.211 0.169597
0.212 0.170219
0.213 0.170839
0.214 0.171457
0.215 0.172074
0.216 0.172689
0.217 0.173302
0.218 0.173914
0.219 0.174525
0.22 0.175133
0.221 0.175741
0.222 0.176346
0.223 0.17695
0.224 0.177553
0.225 0.178154
0.226 0.178754
0.227 0.179351
0.228 0.179948
0.229 0.180543
0.23 0.181136
0.231 0.181728
0.232 0.182318
0.233 0.182906
0.234 0.183493
0.235 0.184079
0.236 0.184663
0.237 0.185245
0.238 0.185826
0.239 0.186406
0.24 0.186984
0.241 0.18756
0.242 0.188135
0.243 0.188708
0.244 0.18928
0.245 0.18985
0.246 0.190419
0.247 0.190986
0.248 0.191552
0.249 0.192116
0.25 0.192678
0.251 0.19324
0.252 0.193799
0.253 0.194357
0.254 0.194914
0.255 0.195469
0.256 0.196023
0.257 0.196575
0.258 0.197126
0.259 0.197675
0.26 0.198222
0.261 0.198769
0.262 0.199313
0.263 0.199856
0.264 0.200398
0.265 0.200938
0.266 0.201477
0.267 0.202014
0.268 0.20255
0.269 0.203084
0.27 0.203617
0.271 0.204149
0.272 0.204679
0.273 0.205207
0.274 0.205734
0.275 0.206259
0.276 0.206784
0.277 0.207306
0.278 0.207827
0.279 0.208347
0.28 0.208865
0.281 0.209382
0.282 0.209897
0.283 0.210411
0.284 0.210923
0.285 0.211434
0.286 0.211944
0.287 0.212452
0.288 0.212959
0.289 0.213464
0.29 0.213968
0.291 0.21447
0.292 0.214971
0.293 0.21547
0.294 0.215968
0.295 0.216465
0.296 0.21696
0.297 0.217454
0.298 0.217946
0.299 0.218437
0.3 0.218927
0.301 0.219415
0.302 0.219902
0.303 0.220387
0.304 0.220871
0.305 0.221353
0.306 0.221834
0.307 0.222314
0.308 0.222792
0.309 0.223269
0.31 0.223744
0.311 0.224218
0.312 0.224691
0.313 0.225162
0.314 0.225632
0.315 0.226101
0.316 0.226568
0.317 0.227033
0.318 0.227498
0.319 0.227961
0.32 0.228422
0.321 0.228882
0.322 0.229341
0.323 0.229799
0.324 0.230255
0.325 0.230709
0.326 0.231163
0.327 0.231615
0.328 0.232065
0.329 0.232514
0.33 0.232962
0.331 0.233409
0.332 0.233854
0.333 0.234298
0.334 0.23474
0.335 0.235181
0.336 0.235621
0.337 0.236059
0.338 0.236496
0.339 0.236932
0.34 0.237366
0.341 0.237799
0.342 0.238231
0.343 0.238661
0.344 0.23909
0.345 0.239518
0.346 0.239944
0.347 0.240369
0.348 0.240793
0.349 0.241215
0.35 0.241636
0.351 0.242056
0.352 0.242474
0.353 0.242891
0.354 0.243307
0.355 0.243721
0.356 0.244134
0.357 0.244546
0.358 0.244956
0.359 0.245366
0.36 0.245773
0.361 0.24618
0.362 0.246585
0.363 0.246989
0.364 0.247392
0.365 0.247793
0.366 0.248193
0.367 0.248592
0.368 0.248989
0.369 0.249385
0.37 0.24978
0.371 0.250174
0.372 0.250566
0.373 0.250957
0.374 0.251347
0.375 0.251735
0.376 0.252122
0.377 0.252508
0.378 0.252893
0.379 0.253276
0.38 0.253658
0.381 0.254039
0.382 0.254418
0.383 0.254797
0.384 0.255174
0.385 0.255549
0.386 0.255924
0.387 0.256297
0.388 0.256669
0.389 0.25704
0.39 0.257409
0.391 0.257777
0.392 0.258144
0.393 0.25851
0.394 0.258874
0.395 0.259238
0.396 0.2596
0.397 0.25996
0.398 0.26032
0.399 0.260678
0.4 0.261035
0.401 0.261391
0.402 0.261745
0.403 0.262098
0.404 0.262451
0.405 0.262801
0.406 0.263151
0.407 0.263499
0.408 0.263847
0.409 0.264192
0.41 0.264537
0.411 0.264881
0.412 0.265223
0.413 0.265564
0.414 0.265904
0.415 0.266243
0.416 0.26658
0.417 0.266916
0.418 0.267251
0.419 0.267585
0.42 0.267918
0.421 0.268249
0.422 0.268579
0.423 0.268908
0.424 0.269236
0.425 0.269563
0.426 0.269888
0.427 0.270213
0.428 0.270536
0.429 0.270858
0.43 0.271178
0.431 0.271498
0.432 0.271816
0.433 0.272133
0.434 0.272449
0.435 0.272764
0.436 0.273078
0.437 0.27339
0.438 0.273701
0.439 0.274012
0.44 0.274321
0.441 0.274628
0.442 0.274935
0.443 0.27524
0.444 0.275545
0.445 0.275848
0.446 0.27615
0.447 0.276451
0.448 0.27675
0.449 0.277049
0.45 0.277346
0.451 0.277642
0.452 0.277938
0.453 0.278232
0.454 0.278524
0.455 0.278816
0.456 0.279106
0.457 0.279396
0.458 0.279684
0.459 0.279971
0.46 0.280257
0.461 0.280542
0.462 0.280826
0.463 0.281108
0.464 0.28139
0.465 0.28167
0.466 0.281949
0.467 0.282227
0.468 0.282504
0.469 0.28278
0.47 0.283055
0.471 0.283329
0.472 0.283601
0.473 0.283872
0.474 0.284143
0.475 0.284412
0.476 0.28468
0.477 0.284947
0.478 0.285213
0.479 0.285478
0.48 0.285741
0.481 0.286004
0.482 0.286265
0.483 0.286526
0.484 0.286785
0.485 0.287043
0.486 0.2873
0.487 0.287556
0.488 0.287811
0.489 0.288065
0.49 0.288318
0.491 0.28857
0.492 0.28882
0.493 0.28907
0.494 0.289318
0.495 0.289565
0.496 0.289812
0.497 0.290057
0.498 0.290301
0.499 0.290544
0.5 0.290786
0.501 0.291027
0.502 0.291267
0.503 0.291506
0.504 0.291744
0.505 0.29198
0.506 0.292216
0.507 0.292451
0.508 0.292684
0.509 0.292917
0.51 0.293148
0.511 0.293379
0.512 0.293608
0.513 0.293836
0.514 0.294064
0.515 0.29429
0.516 0.294515
0.517 0.294739
0.518 0.294962
0.519 0.295184
0.52 0.295405
0.521 0.295625
0.522 0.295844
0.523 0.296062
0.524 0.296279
0.525 0.296495
0.526 0.29671
0.527 0.296924
0.528 0.297137
0.529 0.297349
0.53 0.297559
0.531 0.297769
0.532 0.297978
0.533 0.298186
0.534 0.298393
0.535 0.298598
0.536 0.298803
0.537 0.299007
0.538 0.299209
0.539 0.299411
0.54 0.299612
0.541 0.299812
0.542 0.30001
0.543 0.300208
0.544 0.300405
0.545 0.3006
0.546 0.300795
0.547 0.300989
0.548 0.301182
0.549 0.301374
0.55 0.301564
0.551 0.301754
0.552 0.301943
0.553 0.302131
0.554 0.302318
0.555 0.302504
0.556 0.302688
0.557 0.302872
0.558 0.303055
0.559 0.303237
0.56 0.303418
0.561 0.303598
0.562 0.303778
0.563 0.303956
0.564 0.304133
0.565 0.304309
0.566 0.304484
0.567 0.304659
0.568 0.304832
0.569 0.305004
0.57 0.305176
0.571 0.305346
0.572 0.305516
0.573 0.305684
0.574 0.305852
0.575 0.306018
0.576 0.306184
0.577 0.306349
0.578 0.306513
0.579 0.306676
0.58 0.306838
0.581 0.306999
0.582 0.307159
0.583 0.307318
0.584 0.307476
0.585 0.307634
0.586 0.30779
0.587 0.307945
0.588 0.3081
0.589 0.308253
0.59 0.308406
0.591 0.308558
0.592 0.308709
0.593 0.308859
0.594 0.309008
0.595 0.309156
0.596 0.309303
0.597 0.309449
0.598 0.309594
0.599 0.309739
0.6 0.309882
0.601 0.310025
0.602 0.310167
0.603 0.310308
0.604 0.310447
0.605 0.310586
0.606 0.310725
0.607 0.310862
0.608 0.310998
0.609 0.311133
0.61 0.311268
0.611 0.311402
0.612 0.311534
0.613 0.311666
0.614 0.311797
0.615 0.311927
0.616 0.312057
0.617 0.312185
0.618 0.312312
0.619 0.312439
0.62 0.312565
0.621 0.312689
0.622 0.312813
0.623 0.312936
0.624 0.313059
0.625 0.31318
0.626 0.3133
0.627 0.31342
0.628 0.313539
0.629 0.313657
0.63 0.313774
0.631 0.31389
0.632 0.314005
0.633 0.31412
0.634 0.314233
0.635 0.314346
0.636 0.314458
0.637 0.314569
0.638 0.314679
0.639 0.314788
0.64 0.314897
0.641 0.315004
0.642 0.315111
0.643 0.315217
0.644 0.315322
0.645 0.315426
0.646 0.31553
0.647 0.315632
0.648 0.315734
0.649 0.315835
0.65 0.315935
0.651 0.316034
0.652 0.316133
0.653 0.31623
0.654 0.316327
0.655 0.316423
0.656 0.316518
0.657 0.316612
0.658 0.316706
0.659 0.316798
0.66 0.31689
0.661 0.316981
0.662 0.317071
0.663 0.317161
0.664 0.317249
0.665 0.317337
0.666 0.317424
0.667 0.31751
0.668 0.317596
0.669 0.31768
0.67 0.317764
0.671 0.317847
0.672 0.317929
0.673 0.31801
0.674 0.318091
0.675 0.31817
0.676 0.318249
0.677 0.318328
0.678 0.318405
0.679 0.318481
0.68 0.318557
0.681 0.318632
0.682 0.318706
0.683 0.31878
0.684 0.318852
0.685 0.318924
0.686 0.318995
0.687 0.319066
0.688 0.319135
0.689 0.319204
0.69 0.319272
0.691 0.319339
0.692 0.319405
0.693 0.319471
0.694 0.319536
0.695 0.3196
0.696 0.319663
0.697 0.319726
0.698 0.319788
0.699 0.319849
0.7 0.319909
0.701 0.319969
0.702 0.320027
0.703 0.320085
0.704 0.320143
0.705 0.320199
0.706 0.320255
0.707 0.32031
0.708 0.320364
0.709 0.320418
0.71 0.32047
0.711 0.320522
0.712 0.320574
0.713 0.320624
0.714 0.320674
0.715 0.320723
0.716 0.320771
0.717 0.320819
0.718 0.320866
0.719 0.320912
0.72 0.320957
0.721 0.321002
0.722 0.321045
0.723 0.321089
0.724 0.321131
0.725 0.321173
0.726 0.321214
0.727 0.321254
0.728 0.321294
0.729 0.321332
0.73 0.32137
0.731 0.321408
0.732 0.321445
0.733 0.32148
0.734 0.321516
0.735 0.32155
0.736 0.321584
0.737 0.321617
0.738 0.321649
0.739 0.321681
0.74 0.321712
0.741 0.321742
0.742 0.321772
0.743 0.321801
0.744 0.321829
0.745 0.321856
0.746 0.321883
0.747 0.321909
0.748 0.321935
0.749 0.321959
0.75 0.321983
0.751 0.322007
0.752 0.322029
0.753 0.322051
0.754 0.322072
0.755 0.322093
0.756 0.322113
0.757 0.322132
0.758 0.32215
0.759 0.322168
0.76 0.322185
0.761 0.322202
0.762 0.322218
0.763 0.322233
0.764 0.322247
0.765 0.322261
0.766 0.322274
0.767 0.322286
0.768 0.322298
0.769 0.322309
0.77 0.32232
0.771 0.322329
0.772 0.322339
0.773 0.322347
0.774 0.322355
0.775 0.322362
0.776 0.322368
0.777 0.322374
0.778 0.322379
0.779 0.322384
0.78 0.322388
0.781 0.322391
0.782 0.322393
0.783 0.322395
0.784 0.322396
0.785 0.322397
0.786 0.322397
0.787 0.322396
0.788 0.322395
0.789 0.322393
0.79 0.32239
0.791 0.322387
0.792 0.322383
0.793 0.322378
0.794 0.322373
0.795 0.322367
0.796 0.322361
0.797 0.322354
0.798 0.322346
0.799 0.322338
0.8 0.322329
0.801 0.322319
0.802 0.322309
0.803 0.322298
0.804 0.322287
0.805 0.322275
0.806 0.322262
0.807 0.322249
0.808 0.322235
0.809 0.32222
0.81 0.322205
0.811 0.322189
0.812 0.322173
0.813 0.322156
0.814 0.322138
0.815 0.32212
0.816 0.322101
0.817 0.322082
0.818 0.322062
0.819 0.322041
0.82 0.32202
0.821 0.321998
0.822 0.321975
0.823 0.321952
0.824 0.321929
0.825 0.321905
0.826 0.32188
0.827 0.321854
0.828 0.321828
0.829 0.321802
0.83 0.321774
0.831 0.321747
0.832 0.321718
0.833 0.321689
0.834 0.32166
0.835 0.32163
0.836 0.321599
0.837 0.321568
0.838 0.321536
0.839 0.321503
0.84 0.32147
0.841 0.321437
0.842 0.321402
0.843 0.321368
0.844 0.321332
0.845 0.321296
0.846 0.32126
0.847 0.321223
0.848 0.321185
0.849 0.321147
0.85 0.321108
0.851 0.321069
0.852 0.321029
0.853 0.320989
0.854 0.320948
0.855 0.320906
0.856 0.320864
0.857 0.320822
0.858 0.320778
0.859 0.320735
0.86 0.32069
0.861 0.320645
0.862 0.3206
0.863 0.320554
0.864 0.320507
0.865 0.32046
0.866 0.320413
0.867 0.320365
0.868 0.320316
0.869 0.320267
0.87 0.320217
0.871 0.320166
0.872 0.320116
0.873 0.320064
0.874 0.320012
0.875 0.31996
0.876 0.319907
0.877 0.319853
0.878 0.319799
0.879 0.319744
0.88 0.319689
0.881 0.319634
0.882 0.319577
0.883 0.319521
0.884 0.319463
0.885 0.319406
0.886 0.319347
0.887 0.319289
0.888 0.319229
0.889 0.319169
0.89 0.319109
0.891 0.319048
0.892 0.318987
0.893 0.318925
0.894 0.318862
0.895 0.318799
0.896 0.318736
0.897 0.318672
0.898 0.318607
0.899 0.318542
0.9 0.318477
0.901 0.318411
0.902 0.318344
0.903 0.318277
0.904 0.31821
0.905 0.318142
0.906 0.318073
0.907 0.318004
0.908 0.317935
0.909 0.317865
0.91 0.317794
0.911 0.317723
0.912 0.317652
0.913 0.31758
0.914 0.317507
0.915 0.317434
0.916 0.317361
0.917 0.317287
0.918 0.317213
0.919 0.317138
0.92 0.317062
0.921 0.316987
0.922 0.31691
0.923 0.316833
0.924 0.316756
0.925 0.316678
0.926 0.3166
0.927 0.316521
0.928 0.316442
0.929 0.316362
0.93 0.316282
0.931 0.316201
0.932 0.31612
0.933 0.316039
0.934 0.315957
0.935 0.315874
0.936 0.315791
0.937 0.315708
0.938 0.315624
0.939 0.31554
0.94 0.315455
0.941 0.315369
0.942 0.315284
0.943 0.315197
0.944 0.315111
0.945 0.315024
0.946 0.314936
0.947 0.314848
0.948 0.314759
0.949 0.314671
0.95 0.314581
0.951 0.314491
0.952 0.314401
0.953 0.31431
0.954 0.314219
0.955 0.314127
0.956 0.314035
0.957 0.313943
0.958 0.31385
0.959 0.313756
0.96 0.313663
0.961 0.313568
0.962 0.313474
0.963 0.313378
0.964 0.313283
0.965 0.313187
0.966 0.31309
0.967 0.312993
0.968 0.312896
0.969 0.312798
0.97 0.3127
0.971 0.312602
0.972 0.312503
0.973 0.312403
0.974 0.312303
0.975 0.312203
0.976 0.312102
0.977 0.312001
0.978 0.311899
0.979 0.311797
0.98 0.311695
0.981 0.311592
0.982 0.311489
0.983 0.311385
0.984 0.311281
0.985 0.311176
0.986 0.311072
0.987 0.310966
0.988 0.31086
0.989 0.310754
0.99 0.310648
0.991 0.310541
0.992 0.310433
0.993 0.310326
0.994 0.310217
0.995 0.310109
0.996 0.31
0.997 0.30989
0.998 0.309781
0.999 0.30967
1 0.30956
1.001 0.309449
1.002 0.309337
1.003 0.309226
1.004 0.309114
1.005 0.309001
1.006 0.308888
1.007 0.308775
1.008 0.308661
1.009 0.308547
1.01 0.308432
1.011 0.308317
1.012 0.308202
1.013 0.308086
1.014 0.30797
1.015 0.307854
1.016 0.307737
1.017 0.30762
1.018 0.307502
1.019 0.307384
1.02 0.307266
1.021 0.307147
1.022 0.307028
1.023 0.306909
1.024 0.306789
1.025 0.306668
1.026 0.306548
1.027 0.306427
1.028 0.306306
1.029 0.306184
1.03 0.306062
1.031 0.305939
1.032 0.305816
1.033 0.305693
1.034 0.30557
1.035 0.305446
1.036 0.305322
1.037 0.305197
1.038 0.305072
1.039 0.304947
1.04 0.304821
1.041 0.304695
1.042 0.304568
1.043 0.304442
1.044 0.304314
1.045 0.304187
1.046 0.304059
1.047 0.303931
1.048 0.303802
1.049 0.303673
1.05 0.303544
1.051 0.303415
1.052 0.303285
1.053 0.303154
1.054 0.303024
1.055 0.302893
1.056 0.302761
1.057 0.30263
1.058 0.302498
1.059 0.302365
1.06 0.302233
1.061 0.3021
1.062 0.301966
1.063 0.301833
1.064 0.301698
1.065 0.301564
1.066 0.301429
1.067 0.301294
1.068 0.301159
1.069 0.301023
1.07 0.300887
1.071 0.300751
1.072 0.300614
1.073 0.300477
1.074 0.30034
1.075 0.300202
1.076 0.300064
1.077 0.299926
1.078 0.299787
1.079 0.299648
1.08 0.299509
1.081 0.299369
1.082 0.299229
1.083 0.299089
1.084 0.298949
1.085 0.298808
1.086 0.298667
1.087 0.298525
1.088 0.298383
1.089 0.298241
1.09 0.298099
1.091 0.297956
1.092 0.297813
1.093 0.297669
1.094 0.297526
1.095 0.297382
1.096 0.297237
1.097 0.297093
1.098 0.296948
1.099 0.296803
1.1 0.296657
1.101 0.296511
1.102 0.296365
1.103 0.296219
1.104 0.296072
1.105 0.295925
1.106 0.295778
1.107 0.29563
1.108 0.295482
1.109 0.295334
1.11 0.295186
1.111 0.295037
1.112 0.294888
1.113 0.294738
1.114 0.294589
1.115 0.294439
1.116 0.294288
1.117 0.294138
1.118 0.293987
1.119 0.293836
1.12 0.293685
1.121 0.293533
1.122 0.293381
1.123 0.293229
1.124 0.293076
1.125 0.292923
1.126 0.29277
1.127 0.292617
1.128 0.292463
1.129 0.292309
1.13 0.292155
1.131 0.292001
1.132 0.291846
1.133 0.291691
1.134 0.291536
1.135 0.29138
1.136 0.291224
1.137 0.291068
1.138 0.290912
1.139 0.290755
1.14 0.290598
1.141 0.290441
1.142 0.290284
1.143 0.290126
1.144 0.289968
1.145 0.28981
1.146 0.289651
1.147 0.289492
1.148 0.289333
1.149 0.289174
1.15 0.289015
1.151 0.288855
1.152 0.288695
1.153 0.288534
1.154 0.288374
1.155 0.288213
1.156 0.288052
1.157 0.287891
1.158 0.287729
1.159 0.287567
1.16 0.287405
1.161 0.287243
1.162 0.28708
1.163 0.286917
1.164 0.286754
1.165 0.286591
1.166 0.286427
1.167 0.286263
1.168 0.286099
1.169 0.285935
1.17 0.285771
1.171 0.285606
1.172 0.285441
1.173 0.285275
1.174 0.28511
1.175 0.284944
1.176 0.284778
1.177 0.284612
1.178 0.284445
1.179 0.284279
1.18 0.284112
1.181 0.283945
1.182 0.283777
1.183 0.28361
1.184 0.283442
1.185 0.283274
1.186 0.283105
1.187 0.282937
1.188 0.282768
1.189 0.282599
1.19 0.28243
1.191 0.28226
1.192 0.28209
1.193 0.28192
1.194 0.28175
1.195 0.28158
1.196 0.281409
1.197 0.281239
1.198 0.281068
1.199 0.280896
1.2 0.280725
1.201 0.280553
1.202 0.280381
1.203 0.280209
1.204 0.280037
1.205 0.279864
1.206 0.279691
1.207 0.279518
1.208 0.279345
1.209 0.279172
1.21 0.278998
1.211 0.278824
1.212 0.27865
1.213 0.278476
1.214 0.278302
1.215 0.278127
1.216 0.277952
1.217 0.277777
1.218 0.277602
1.219 0.277426
1.22 0.27725
1.221 0.277075
1.222 0.276898
1.223 0.276722
1.224 0.276546
1.225 0.276369
1.226 0.276192
1.227 0.276015
1.228 0.275838
1.229 0.27566
1.23 0.275482
1.231 0.275305
1.232 0.275127
1.233 0.274948
1.234 0.27477
1.235 0.274591
1.236 0.274412
1.237 0.274233
1.238 0.274054
1.239 0.273875
1.24 0.273695
1.241 0.273515
1.242 0.273335
1.243 0.273155
1.244 0.272975
1.245 0.272794
1.246 0.272613
1.247 0.272432
1.248 0.272251
1.249 0.27207
1.25 0.271889
1.251 0.271707
1.252 0.271525
1.253 0.271343
1.254 0.271161
1.255 0.270979
1.256 0.270796
1.257 0.270613
1.258 0.270431
1.259 0.270247
1.26 0.270064
1.261 0.269881
1.262 0.269697
1.263 0.269514
1.264 0.26933
1.265 0.269146
1.266 0.268961
1.267 0.268777
1.268 0.268592
1.269 0.268407
1.27 0.268223
1.271 0.268037
1.272 0.267852
1.273 0.267667
1.274 0.267481
1.275 0.267295
1.276 0.267109
1.277 0.266923
1.278 0.266737
1.279 0.266551
1.28 0.266364
1.281 0.266177
1.282 0.265991
1.283 0.265803
1.284 0.265616
1.285 0.265429
1.286 0.265241
1.287 0.265054
1.288 0.264866
1.289 0.264678
1.29 0.26449
1.291 0.264302
1.292 0.264113
1.293 0.263925
1.294 0.263736
1.295 0.263547
1.296 0.263358
1.297 0.263169
1.298 0.262979
1.299 0.26279
1.3 0.2626
1.301 0.26241
1.302 0.262221
1.303 0.26203
1.304 0.26184
1.305 0.26165
1.306 0.261459
1.307 0.261269
1.308 0.261078
1.309 0.260887
1.31 0.260696
1.311 0.260505
1.312 0.260314
1.313 0.260122
1.314 0.25993
1.315 0.259739
1.316 0.259547
1.317 0.259355
1.318 0.259163
1.319 0.25897
1.32 0.258778
1.321 0.258585
1.322 0.258393
1.323 0.2582
1.324 0.258007
1.325 0.257814
1.326 0.257621
1.327 0.257427
1.328 0.257234
1.329 0.25704
1.33 0.256847
1.331 0.256653
1.332 0.256459
1.333 0.256265
1.334 0.256071
1.335 0.255876
1.336 0.255682
1.337 0.255487
1.338 0.255292
1.339 0.255098
1.34 0.254903
1.341 0.254708
1.342 0.254512
1.343 0.254317
1.344 0.254122
1.345 0.253926
1.346 0.253731
1.347 0.253535
1.348 0.253339
1.349 0.253143
1.35 0.252947
1.351 0.252751
1.352 0.252554
1.353 0.252358
1.354 0.252161
1.355 0.251965
1.356 0.251768
1.357 0.251571
1.358 0.251374
1.359 0.251177
1.36 0.250979
1.361 0.250782
1.362 0.250585
1.363 0.250387
1.364 0.25019
1.365 0.249992
1.366 0.249794
1.367 0.249596
1.368 0.249398
1.369 0.2492
1.37 0.249001
1.371 0.248803
1.372 0.248605
1.373 0.248406
1.374 0.248207
1.375 0.248009
1.376 0.24781
1.377 0.247611
1.378 0.247412
1.379 0.247213
1.38 0.247013
1.381 0.246814
1.382 0.246614
1.383 0.246415
1.384 0.246215
1.385 0.246016
1.386 0.245816
1.387 0.245616
1.388 0.245416
1.389 0.245216
1.39 0.245016
1.391 0.244815
1.392 0.244615
1.393 0.244414
1.394 0.244214
1.395 0.244013
1.396 0.243813
1.397 0.243612
1.398 0.243411
1.399 0.24321
1.4 0.243009
1.401 0.242808
1.402 0.242607
1.403 0.242405
1.404 0.242204
1.405 0.242002
1.406 0.241801
1.407 0.241599
1.408 0.241398
1.409 0.241196
1.41 0.240994
1.411 0.240792
1.412 0.24059
1.413 0.240388
1.414 0.240186
1.415 0.239983
1.416 0.239781
1.417 0.239579
1.418 0.239376
1.419 0.239174
1.42 0.238971
1.421 0.238768
1.422 0.238566
1.423 0.238363
1.424 0.23816
1.425 0.237957
1.426 0.237754
1.427 0.237551
1.428 0.237347
1.429 0.237144
1.43 0.236941
1.431 0.236737
1.432 0.236534
1.433 0.23633
1.434 0.236127
1.435 0.235923
1.436 0.23572
1.437 0.235516
1.438 0.235312
1.439 0.235108
1.44 0.234904
1.441 0.2347
1.442 0.234496
1.443 0.234292
1.444 0.234088
1.445 0.233883
1.446 0.233679
1.447 0.233474
1.448 0.23327
1.449 0.233066
1.45 0.232861
1.451 0.232656
1.452 0.232452
1.453 0.232247
1.454 0.232042
1.455 0.231837
1.456 0.231632
1.457 0.231427
1.458 0.231222
1.459 0.231017
1.46 0.230812
1.461 0.230607
1.462 0.230402
1.463 0.230197
1.464 0.229991
1.465 0.229786
1.466 0.229581
1.467 0.229375
1.468 0.22917
1.469 0.228964
1.47 0.228758
1.471 0.228553
1.472 0.228347
1.473 0.228141
1.474 0.227936
1.475 0.22773
1.476 0.227524
1.477 0.227318
1.478 0.227112
1.479 0.226906
1.48 0.2267
1.481 0.226494
1.482 0.226288
1.483 0.226082
1.484 0.225875
1.485 0.225669
1.486 0.225463
1.487 0.225257
1.488 0.22505
1.489 0.224844
1.49 0.224637
1.491 0.224431
1.492 0.224224
1.493 0.224018
1.494 0.223811
1.495 0.223605
1.496 0.223398
1.497 0.223191
1.498 0.222985
1.499 0.222778
1.5 0.222571
1.501 0.222364
1.502 0.222158
1.503 0.221951
1.504 0.221744
1.505 0.221537
1.506 0.22133
1.507 0.221123
1.508 0.220916
1.509 0.220709
1.51 0.220502
1.511 0.220295
1.512 0.220088
1.513 0.21988
1.514 0.219673
1.515 0.219466
1.516 0.219259
1.517 0.219052
1.518 0.218844
1.519 0.218637
1.52 0.21843
1.521 0.218222
1.522 0.218015
1.523 0.217808
1.524 0.2176
1.525 0.217393
1.526 0.217185
1.527 0.216978
1.528 0.216771
1.529 0.216563
1.53 0.216355
1.531 0.216148
1.532 0.21594
1.533 0.215733
1.534 0.215525
1.535 0.215318
1.536 0.21511
1.537 0.214902
1.538 0.214695
1.539 0.214487
1.54 0.214279
1.541 0.214072
1.542 0.213864
1.543 0.213656
1.544 0.213449
1.545 0.213241
1.546 0.213033
1.547 0.212825
1.548 0.212618
1.549 0.21241
1.55 0.212202
1.551 0.211994
1.552 0.211786
1.553 0.211579
1.554 0.211371
1.555 0.211163
1.556 0.210955
1.557 0.210747
1.558 0.21054
1.559 0.210332
1.56 0.210124
1.561 0.209916
1.562 0.209708
1.563 0.2095
1.564 0.209292
1.565 0.209085
1.566 0.208877
1.567 0.208669
1.568 0.208461
1.569 0.208253
1.57 0.208045
1.571 0.207837
1.572 0.207629
1.573 0.207421
1.574 0.207214
1.575 0.207006
1.576 0.206798
1.577 0.20659
1.578 0.206382
1.579 0.206174
1.58 0.205966
1.581 0.205759
1.582 0.205551
1.583 0.205343
1.584 0.205135
1.585 0.204927
1.586 0.204719
1.587 0.204511
1.588 0.204304
1.589 0.204096
1.59 0.203888
1.591 0.20368
1.592 0.203472
1.593 0.203265
1.594 0.203057
1.595 0.202849
1.596 0.202641
1.597 0.202434
1.598 0.202226
1.599 0.202018
1.6 0.20181
1.601 0.201603
1.602 0.201395
1.603 0.201187
1.604 0.20098
1.605 0.200772
1.606 0.200564
1.607 0.200357
1.608 0.200149
1.609 0.199942
1.61 0.199734
1.611 0.199526
1.612 0.199319
1.613 0.199111
1.614 0.198904
1.615 0.198696
1.616 0.198489
1.617 0.198281
1.618 0.198074
1.619 0.197867
1.62 0.197659
1.621 0.197452
1.622 0.197244
1.623 0.197037
1.624 0.19683
1.625 0.196622
1.626 0.196415
1.627 0.196208
1.628 0.196001
1.629 0.195793
1.63 0.195586
1.631 0.195379
1.632 0.195172
1.633 0.194965
1.634 0.194758
1.635 0.194551
1.636 0.194344
1.637 0.194137
1.638 0.19393
1.639 0.193723
1.64 0.193516
1.641 0.193309
1.642 0.193102
1.643 0.192895
1.644 0.192688
1.645 0.192481
1.646 0.192275
1.647 0.192068
1.648 0.191861
1.649 0.191654
1.65 0.191448
1.651 0.191241
1.652 0.191035
1.653 0.190828
1.654 0.190622
1.655 0.190415
1.656 0.190209
1.657 0.190002
1.658 0.189796
1.659 0.189589
1.66 0.189383
1.661 0.189177
1.662 0.18897
1.663 0.188764
1.664 0.188558
1.665 0.188352
1.666 0.188146
1.667 0.18794
1.668 0.187734
1.669 0.187528
1.67 0.187322
1.671 0.187116
1.672 0.18691
1.673 0.186704
1.674 0.186498
1.675 0.186292
1.676 0.186086
1.677 0.185881
1.678 0.185675
1.679 0.185469
1.68 0.185264
1.681 0.185058
1.682 0.184853
1.683 0.184647
1.684 0.184442
1.685 0.184236
1.686 0.184031
1.687 0.183826
1.688 0.183621
1.689 0.183415
1.69 0.18321
1.691 0.183005
1.692 0.1828
1.693 0.182595
1.694 0.18239
1.695 0.182185
1.696 0.18198
1.697 0.181775
1.698 0.18157
1.699 0.181366
1.7 0.181161
1.701 0.180956
1.702 0.180752
1.703 0.180547
1.704 0.180342
1.705 0.180138
1.706 0.179933
1.707 0.179729
1.708 0.179525
1.709 0.17932
1.71 0.179116
1.711 0.178912
1.712 0.178708
1.713 0.178504
1.714 0.1783
1.715 0.178096
1.716 0.177892
1.717 0.177688
1.718 0.177484
1.719 0.17728
1.72 0.177077
1.721 0.176873
1.722 0.176669
1.723 0.176466
1.724 0.176262
1.725 0.176059
1.726 0.175855
1.727 0.175652
1.728 0.175449
1.729 0.175246
1.73 0.175042
1.731 0.174839
1.732 0.174636
1.733 0.174433
1.734 0.17423
1.735 0.174027
1.736 0.173825
1.737 0.173622
1.738 0.173419
1.739 0.173216
1.74 0.173014
1.741 0.172811
1.742 0.172609
1.743 0.172406
1.744 0.172204
1.745 0.172002
1.746 0.171799
1.747 0.171597
1.748 0.171395
1.749 0.171193
1.75 0.170991
1.751 0.170789
1.752 0.170587
1.753 0.170386
1.754 0.170184
1.755 0.169982
1.756 0.16978
1.757 0.169579
1.758 0.169377
1.759 0.169176
1.76 0.168975
1.761 0.168773
1.762 0.168572
1.763 0.168371
1.764 0.16817
1.765 0.167969
1.766 0.167768
1.767 0.167567
1.768 0.167366
1.769 0.167165
1.77 0.166965
1.771 0.166764
1.772 0.166563
1.773 0.166363
1.774 0.166162
1.775 0.165962
1.776 0.165762
1.777 0.165562
1.778 0.165361
1.779 0.165161
1.78 0.164961
1.781 0.164761
1.782 0.164561
1.783 0.164362
1.784 0.164162
1.785 0.163962
1.786 0.163763
1.787 0.163563
1.788 0.163364
1.789 0.163164
1.79 0.162965
1.791 0.162766
1.792 0.162567
1.793 0.162367
1.794 0.162168
1.795 0.16197
1.796 0.161771
1.797 0.161572
1.798 0.161373
1.799 0.161175
1.8 0.160976
1.801 0.160777
1.802 0.160579
1.803 0.160381
1.804 0.160182
1.805 0.159984
1.806 0.159786
1.807 0.159588
1.808 0.15939
1.809 0.159192
1.81 0.158994
1.811 0.158797
1.812 0.158599
1.813 0.158401
1.814 0.158204
1.815 0.158007
1.816 0.157809
1.817 0.157612
1.818 0.157415
1.819 0.157218
1.82 0.157021
1.821 0.156824
1.822 0.156627
1.823 0.15643
1.824 0.156233
1.825 0.156037
1.826 0.15584
1.827 0.155644
1.828 0.155447
1.829 0.155251
1.83 0.155055
1.831 0.154859
1.832 0.154663
1.833 0.154467
1.834 0.154271
1.835 0.154075
1.836 0.153879
1.837 0.153684
1.838 0.153488
1.839 0.153293
1.84 0.153097
1.841 0.152902
1.842 0.152707
1.843 0.152512
1.844 0.152317
1.845 0.152122
1.846 0.151927
1.847 0.151732
1.848 0.151537
1.849 0.151343
1.85 0.151148
1.851 0.150954
1.852 0.150759
1.853 0.150565
1.854 0.150371
1.855 0.150177
1.856 0.149983
1.857 0.149789
1.858 0.149595
1.859 0.149401
1.86 0.149208
1.861 0.149014
1.862 0.148821
1.863 0.148627
1.864 0.148434
1.865 0.148241
1.866 0.148048
1.867 0.147855
1.868 0.147662
1.869 0.147469
1.87 0.147276
1.871 0.147084
1.872 0.146891
1.873 0.146698
1.874 0.146506
1.875 0.146314
1.876 0.146122
1.877 0.145929
1.878 0.145737
1.879 0.145546
1.88 0.145354
1.881 0.145162
1.882 0.14497
1.883 0.144779
1.884 0.144587
1.885 0.144396
1.886 0.144205
1.887 0.144013
1.888 0.143822
1.889 0.143631
1.89 0.143441
1.891 0.14325
1.892 0.143059
1.893 0.142868
1.894 0.142678
1.895 0.142487
1.896 0.142297
1.897 0.142107
1.898 0.141917
1.899 0.141727
1.9 0.141537
1.901 0.141347
1.902 0.141157
1.903 0.140968
1.904 0.140778
1.905 0.140589
1.906 0.140399
1.907 0.14021
1.908 0.140021
1.909 0.139832
1.91 0.139643
1.911 0.139454
1.912 0.139265
1.913 0.139076
1.914 0.138888
1.915 0.138699
1.916 0.138511
1.917 0.138323
1.918 0.138135
1.919 0.137947
1.92 0.137759
1.921 0.137571
1.922 0.137383
1.923 0.137195
1.924 0.137008
1.925 0.13682
1.926 0.136633
1.927 0.136446
1.928 0.136258
1.929 0.136071
1.93 0.135884
1.931 0.135698
1.932 0.135511
1.933 0.135324
1.934 0.135138
1.935 0.134951
1.936 0.134765
1.937 0.134579
1.938 0.134392
1.939 0.134206
1.94 0.13402
1.941 0.133835
1.942 0.133649
1.943 0.133463
1.944 0.133278
1.945 0.133092
1.946 0.132907
1.947 0.132722
1.948 0.132537
1.949 0.132352
1.95 0.132167
1.951 0.131982
1.952 0.131797
1.953 0.131613
1.954 0.131428
1.955 0.131244
1.956 0.13106
1.957 0.130876
1.958 0.130692
1.959 0.130508
1.96 0.130324
1.961 0.13014
1.962 0.129957
1.963 0.129773
1.964 0.12959
1.965 0.129406
1.966 0.129223
1.967 0.12904
1.968 0.128857
1.969 0.128674
1.97 0.128491
1.971 0.128309
1.972 0.128126
1.973 0.127944
1.974 0.127762
1.975 0.127579
1.976 0.127397
1.977 0.127215
1.978 0.127033
1.979 0.126852
1.98 0.12667
1.981 0.126488
1.982 0.126307
1.983 0.126126
1.984 0.125944
1.985 0.125763
1.986 0.125582
1.987 0.125401
1.988 0.125221
1.989 0.12504
1.99 0.124859
1.991 0.124679
1.992 0.124499
1.993 0.124318
1.994 0.124138
1.995 0.123958
1.996 0.123778
1.997 0.123599
1.998 0.123419
1.999 0.123239
2 0.12306
2.001 0.122881
2.002 0.122701
2.003 0.122522
2.004 0.122343
2.005 0.122165
2.006 0.121986
2.007 0.121807
2.008 0.121629
2.009 0.12145
2.01 0.121272
2.011 0.121094
2.012 0.120916
2.013 0.120738
2.014 0.12056
2.015 0.120382
2.016 0.120204
2.017 0.120027
2.018 0.11985
2.019 0.119672
2.02 0.119495
2.021 0.119318
2.022 0.119141
2.023 0.118964
2.024 0.118788
2.025 0.118611
2.026 0.118435
2.027 0.118258
2.028 0.118082
2.029 0.117906
2.03 0.11773
2.031 0.117554
2.032 0.117378
2.033 0.117203
2.034 0.117027
2.035 0.116852
2.036 0.116676
2.037 0.116501
2.038 0.116326
2.039 0.116151
2.04 0.115976
2.041 0.115802
2.042 0.115627
2.043 0.115453
2.044 0.115278
2.045 0.115104
2.046 0.11493
2.047 0.114756
2.048 0.114582
2.049 0.114408
2.05 0.114235
2.051 0.114061
2.052 0.113888
2.053 0.113714
2.054 0.113541
2.055 0.113368
2.056 0.113195
2.057 0.113022
2.058 0.11285
2.059 0.112677
2.06 0.112505
2.061 0.112332
2.062 0.11216
2.063 0.111988
2.064 0.111816
2.065 0.111644
2.066 0.111472
2.067 0.111301
2.068 0.111129
2.069 0.110958
2.07 0.110787
2.071 0.110615
2.072 0.110444
2.073 0.110274
2.074 0.110103
2.075 0.109932
2.076 0.109762
2.077 0.109591
2.078 0.109421
2.079 0.109251
2.08 0.109081
2.081 0.108911
2.082 0.108741
2.083 0.108571
2.084 0.108402
2.085 0.108232
2.086 0.108063
2.087 0.107894
2.088 0.107725
2.089 0.107556
2.09 0.107387
2.091 0.107218
2.092 0.10705
2.093 0.106881
2.094 0.106713
2.095 0.106545
2.096 0.106377
2.097 0.106209
2.098 0.106041
2.099 0.105873
2.1 0.105706
2.101 0.105538
2.102 0.105371
2.103 0.105204
2.104 0.105036
2.105 0.104869
2.106 0.104703
2.107 0.104536
2.108 0.104369
2.109 0.104203
2.11 0.104036
2.111 0.10387
2.112 0.103704
2.113 0.103538
2.114 0.103372
2.115 0.103207
2.116 0.103041
2.117 0.102876
2.118 0.10271
2.119 0.102545
2.12 0.10238
2.121 0.102215
2.122 0.10205
2.123 0.101885
2.124 0.101721
2.125 0.101556
2.126 0.101392
2.127 0.101228
2.128 0.101064
2.129 0.1009
2.13 0.100736
2.131 0.100572
2.132 0.100408
2.133 0.100245
2.134 0.100082
2.135 0.0999184
2.136 0.0997553
2.137 0.0995924
2.138 0.0994295
2.139 0.0992668
2.14 0.0991043
2.141 0.0989418
2.142 0.0987795
2.143 0.0986173
2.144 0.0984552
2.145 0.0982933
2.146 0.0981314
2.147 0.0979698
2.148 0.0978082
2.149 0.0976468
2.15 0.0974855
2.151 0.0973243
2.152 0.0971632
2.153 0.0970023
2.154 0.0968415
2.155 0.0966808
2.156 0.0965203
2.157 0.0963599
2.158 0.0961996
2.159 0.0960394
2.16 0.0958794
2.161 0.0957195
2.162 0.0955597
2.163 0.0954001
2.164 0.0952406
2.165 0.0950812
2.166 0.0949219
2.167 0.0947628
2.168 0.0946038
2.169 0.0944449
2.17 0.0942862
2.171 0.0941275
2.172 0.0939691
2.173 0.0938107
2.174 0.0936525
2.175 0.0934944
2.176 0.0933364
2.177 0.0931786
2.178 0.0930208
2.179 0.0928633
2.18 0.0927058
2.181 0.0925485
2.182 0.0923913
2.183 0.0922342
2.184 0.0920773
2.185 0.0919205
2.186 0.0917638
2.187 0.0916072
2.188 0.0914508
2.189 0.0912945
2.19 0.0911384
2.191 0.0909824
2.192 0.0908265
2.193 0.0906707
2.194 0.0905151
2.195 0.0903595
2.196 0.0902042
2.197 0.0900489
2.198 0.0898938
2.199 0.0897388
2.2 0.089584
2.201 0.0894292
2.202 0.0892746
2.203 0.0891202
2.204 0.0889658
2.205 0.0888116
2.206 0.0886576
2.207 0.0885036
2.208 0.0883498
2.209 0.0881961
2.21 0.0880426
2.211 0.0878891
2.212 0.0877359
2.213 0.0875827
2.214 0.0874297
2.215 0.0872768
2.216 0.087124
2.217 0.0869714
2.218 0.0868189
2.219 0.0866665
2.22 0.0865143
2.221 0.0863622
2.222 0.0862102
2.223 0.0860583
2.224 0.0859066
2.225 0.085755
2.226 0.0856036
2.227 0.0854523
2.228 0.0853011
2.229 0.08515
2.23 0.0849991
2.231 0.0848483
2.232 0.0846976
2.233 0.0845471
2.234 0.0843967
2.235 0.0842465
2.236 0.0840963
2.237 0.0839463
2.238 0.0837964
2.239 0.0836467
2.24 0.0834971
2.241 0.0833476
2.242 0.0831983
2.243 0.0830491
2.244 0.0829
2.245 0.0827511
2.246 0.0826022
2.247 0.0824536
2.248 0.082305
2.249 0.0821566
2.25 0.0820083
2.251 0.0818602
2.252 0.0817121
2.253 0.0815643
2.254 0.0814165
2.255 0.0812689
2.256 0.0811214
2.257 0.080974
2.258 0.0808268
2.259 0.0806797
2.26 0.0805328
2.261 0.0803859
2.262 0.0802392
2.263 0.0800927
2.264 0.0799463
2.265 0.0798
2.266 0.0796538
2.267 0.0795078
2.268 0.0793619
2.269 0.0792161
2.27 0.0790705
2.271 0.078925
2.272 0.0787796
2.273 0.0786344
2.274 0.0784893
2.275 0.0783443
2.276 0.0781995
2.277 0.0780548
2.278 0.0779102
2.279 0.0777658
2.28 0.0776215
2.281 0.0774773
2.282 0.0773333
2.283 0.0771894
2.284 0.0770456
2.285 0.076902
2.286 0.0767585
2.287 0.0766152
2.288 0.0764719
2.289 0.0763288
2.29 0.0761859
2.291 0.076043
2.292 0.0759003
2.293 0.0757578
2.294 0.0756153
2.295 0.075473
2.296 0.0753309
2.297 0.0751888
2.298 0.0750469
2.299 0.0749052
2.3 0.0747635
2.301 0.074622
2.302 0.0744807
2.303 0.0743395
2.304 0.0741984
2.305 0.0740574
2.306 0.0739166
2.307 0.0737759
2.308 0.0736353
2.309 0.0734949
2.31 0.0733546
2.311 0.0732144
2.312 0.0730744
2.313 0.0729345
2.314 0.0727948
2.315 0.0726551
2.316 0.0725156
2.317 0.0723763
2.318 0.0722371
2.319 0.072098
2.32 0.071959
2.321 0.0718202
2.322 0.0716815
2.323 0.0715429
2.324 0.0714045
2.325 0.0712662
2.326 0.0711281
2.327 0.0709901
2.328 0.0708522
2.329 0.0707144
2.33 0.0705768
2.331 0.0704393
2.332 0.070302
2.333 0.0701648
2.334 0.0700277
2.335 0.0698907
2.336 0.0697539
2.337 0.0696172
2.338 0.0694807
2.339 0.0693443
2.34 0.069208
2.341 0.0690719
2.342 0.0689359
2.343 0.0688
2.344 0.0686642
2.345 0.0685286
2.346 0.0683932
2.347 0.0682578
2.348 0.0681226
2.349 0.0679876
2.35 0.0678526
2.351 0.0677178
2.352 0.0675831
2.353 0.0674486
2.354 0.0673142
2.355 0.0671799
2.356 0.0670458
2.357 0.0669118
2.358 0.0667779
2.359 0.0666442
2.36 0.0665106
2.361 0.0663772
2.362 0.0662438
2.363 0.0661106
2.364 0.0659776
2.365 0.0658447
2.366 0.0657119
2.367 0.0655792
2.368 0.0654467
2.369 0.0653143
2.37 0.065182
2.371 0.0650499
2.372 0.0649179
2.373 0.0647861
2.374 0.0646543
2.375 0.0645228
2.376 0.0643913
2.377 0.06426
2.378 0.0641288
2.379 0.0639978
2.38 0.0638668
2.381 0.0637361
2.382 0.0636054
2.383 0.0634749
2.384 0.0633445
2.385 0.0632143
2.386 0.0630842
2.387 0.0629542
2.388 0.0628243
2.389 0.0626946
2.39 0.062565
2.391 0.0624356
2.392 0.0623063
2.393 0.0621771
2.394 0.0620481
2.395 0.0619192
2.396 0.0617904
2.397 0.0616618
2.398 0.0615332
2.399 0.0614049
2.4 0.0612766
2.401 0.0611485
2.402 0.0610206
2.403 0.0608927
2.404 0.060765
2.405 0.0606375
2.406 0.06051
2.407 0.0603827
2.408 0.0602555
2.409 0.0601285
2.41 0.0600016
2.411 0.0598748
2.412 0.0597482
2.413 0.0596217
2.414 0.0594953
2.415 0.0593691
2.416 0.059243
2.417 0.059117
2.418 0.0589912
2.419 0.0588655
2.42 0.0587399
2.421 0.0586145
2.422 0.0584892
2.423 0.0583641
2.424 0.058239
2.425 0.0581141
2.426 0.0579894
2.427 0.0578647
2.428 0.0577402
2.429 0.0576159
2.43 0.0574916
2.431 0.0573675
2.432 0.0572436
2.433 0.0571197
2.434 0.0569961
2.435 0.0568725
2.436 0.0567491
2.437 0.0566258
2.438 0.0565026
2.439 0.0563796
2.44 0.0562567
2.441 0.0561339
2.442 0.0560113
2.443 0.0558888
2.444 0.0557664
2.445 0.0556442
2.446 0.0555221
2.447 0.0554001
2.448 0.0552783
2.449 0.0551566
2.45 0.055035
2.451 0.0549136
2.452 0.0547923
2.453 0.0546711
2.454 0.0545501
2.455 0.0544292
2.456 0.0543084
2.457 0.0541878
2.458 0.0540672
2.459 0.0539469
2.46 0.0538266
2.461 0.0537065
2.462 0.0535866
2.463 0.0534667
2.464 0.053347
2.465 0.0532274
2.466 0.053108
2.467 0.0529887
2.468 0.0528695
2.469 0.0527505
2.47 0.0526315
2.471 0.0525128
2.472 0.0523941
2.473 0.0522756
2.474 0.0521572
2.475 0.052039
2.476 0.0519208
2.477 0.0518028
2.478 0.051685
2.479 0.0515673
2.48 0.0514497
2.481 0.0513322
2.482 0.0512149
2.483 0.0510977
2.484 0.0509806
2.485 0.0508637
2.486 0.0507469
2.487 0.0506302
2.488 0.0505137
2.489 0.0503973
2.49 0.050281
2.491 0.0501649
2.492 0.0500489
2.493 0.049933
2.494 0.0498173
2.495 0.0497017
2.496 0.0495862
2.497 0.0494708
2.498 0.0493556
2.499 0.0492405
2.5 0.0491256
2.501 0.0490108
2.502 0.0488961
2.503 0.0487815
2.504 0.0486671
2.505 0.0485528
2.506 0.0484386
2.507 0.0483246
2.508 0.0482107
2.509 0.0480969
2.51 0.0479833
2.511 0.0478698
2.512 0.0477564
2.513 0.0476431
2.514 0.04753
2.515 0.0474171
2.516 0.0473042
2.517 0.0471915
2.518 0.0470789
2.519 0.0469664
2.52 0.0468541
2.521 0.0467419
2.522 0.0466298
2.523 0.0465179
2.524 0.0464061
2.525 0.0462944
2.526 0.0461829
2.527 0.0460715
2.528 0.0459602
2.529 0.045849
2.53 0.045738
2.531 0.0456271
2.532 0.0455163
2.533 0.0454057
2.534 0.0452952
2.535 0.0451848
2.536 0.0450746
2.537 0.0449645
2.538 0.0448545
2.539 0.0447447
2.54 0.0446349
2.541 0.0445253
2.542 0.0444159
2.543 0.0443065
2.544 0.0441973
2.545 0.0440883
2.546 0.0439793
2.547 0.0438705
2.548 0.0437618
2.549 0.0436533
2.55 0.0435449
2.551 0.0434366
2.552 0.0433284
2.553 0.0432204
2.554 0.0431125
2.555 0.0430047
2.556 0.0428971
2.557 0.0427895
2.558 0.0426822
2.559 0.0425749
2.56 0.0424678
2.561 0.0423608
2.562 0.0422539
2.563 0.0421472
2.564 0.0420406
2.565 0.0419341
2.566 0.0418277
2.567 0.0417215
2.568 0.0416154
2.569 0.0415094
2.57 0.0414036
2.571 0.0412979
2.572 0.0411923
2.573 0.0410869
2.574 0.0409815
2.575 0.0408763
2.576 0.0407713
2.577 0.0406663
2.578 0.0405615
2.579 0.0404569
2.58 0.0403523
2.581 0.0402479
2.582 0.0401436
2.583 0.0400394
2.584 0.0399354
2.585 0.0398315
2.586 0.0397277
2.587 0.039624
2.588 0.0395205
2.589 0.0394171
2.59 0.0393138
2.591 0.0392107
2.592 0.0391077
2.593 0.0390048
2.594 0.038902
2.595 0.0387994
2.596 0.0386969
2.597 0.0385945
2.598 0.0384923
2.599 0.0383901
2.6 0.0382881
2.601 0.0381863
2.602 0.0380845
2.603 0.0379829
2.604 0.0378814
2.605 0.0377801
2.606 0.0376788
2.607 0.0375777
2.608 0.0374767
2.609 0.0373759
2.61 0.0372752
2.611 0.0371746
2.612 0.0370741
2.613 0.0369737
2.614 0.0368735
2.615 0.0367734
2.616 0.0366735
2.617 0.0365736
2.618 0.0364739
2.619 0.0363743
2.62 0.0362749
2.621 0.0361755
2.622 0.0360763
2.623 0.0359773
2.624 0.0358783
2.625 0.0357795
2.626 0.0356808
2.627 0.0355822
2.628 0.0354837
2.629 0.0353854
2.63 0.0352872
2.631 0.0351891
2.632 0.0350912
2.633 0.0349934
2.634 0.0348957
2.635 0.0347981
2.636 0.0347006
2.637 0.0346033
2.638 0.0345061
2.639 0.0344091
2.64 0.0343121
2.641 0.0342153
2.642 0.0341186
2.643 0.034022
2.644 0.0339256
2.645 0.0338293
2.646 0.0337331
2.647 0.033637
2.648 0.033541
2.649 0.0334452
2.65 0.0333495
2.651 0.033254
2.652 0.0331585
2.653 0.0330632
2.654 0.032968
2.655 0.0328729
2.656 0.032778
2.657 0.0326831
2.658 0.0325884
2.659 0.0324939
2.66 0.0323994
2.661 0.0323051
2.662 0.0322109
2.663 0.0321168
2.664 0.0320228
2.665 0.031929
2.666 0.0318353
2.667 0.0317417
2.668 0.0316482
2.669 0.0315549
2.67 0.0314617
2.671 0.0313686
2.672 0.0312756
2.673 0.0311828
2.674 0.03109
2.675 0.0309974
2.676 0.030905
2.677 0.0308126
2.678 0.0307204
2.679 0.0306283
2.68 0.0305363
2.681 0.0304444
2.682 0.0303527
2.683 0.0302611
2.684 0.0301696
2.685 0.0300782
2.686 0.029987
2.687 0.0298958
2.688 0.0298048
2.689 0.0297139
2.69 0.0296232
2.691 0.0295325
2.692 0.029442
2.693 0.0293516
2.694 0.0292614
2.695 0.0291712
2.696 0.0290812
2.697 0.0289913
2.698 0.0289015
2.699 0.0288118
2.7 0.0287223
2.701 0.0286329
2.702 0.0285436
2.703 0.0284544
2.704 0.0283653
2.705 0.0282764
2.706 0.0281876
2.707 0.0280989
2.708 0.0280103
2.709 0.0279219
2.71 0.0278335
2.711 0.0277453
2.712 0.0276572
2.713 0.0275693
2.714 0.0274814
2.715 0.0273937
2.716 0.0273061
2.717 0.0272186
2.718 0.0271313
2.719 0.027044
2.72 0.0269569
2.721 0.0268699
2.722 0.026783
2.723 0.0266962
2.724 0.0266096
2.725 0.0265231
2.726 0.0264367
2.727 0.0263504
2.728 0.0262642
2.729 0.0261782
2.73 0.0260922
2.731 0.0260064
2.732 0.0259208
2.733 0.0258352
2.734 0.0257497
2.735 0.0256644
2.736 0.0255792
2.737 0.0254941
2.738 0.0254091
2.739 0.0253243
2.74 0.0252396
2.741 0.025155
2.742 0.0250705
2.743 0.0249861
2.744 0.0249018
2.745 0.0248177
2.746 0.0247337
2.747 0.0246498
2.748 0.024566
2.749 0.0244823
2.75 0.0243988
2.751 0.0243153
2.752 0.024232
2.753 0.0241488
2.754 0.0240658
2.755 0.0239828
2.756 0.0239
2.757 0.0238173
2.758 0.0237346
2.759 0.0236522
2.76 0.0235698
2.761 0.0234875
2.762 0.0234054
2.763 0.0233234
2.764 0.0232415
2.765 0.0231597
2.766 0.0230781
2.767 0.0229965
2.768 0.0229151
2.769 0.0228338
2.77 0.0227526
2.771 0.0226715
2.772 0.0225905
2.773 0.0225097
2.774 0.0224289
2.775 0.0223483
2.776 0.0222678
2.777 0.0221875
2.778 0.0221072
2.779 0.022027
2.78 0.021947
2.781 0.0218671
2.782 0.0217873
2.783 0.0217076
2.784 0.021628
2.785 0.0215486
2.786 0.0214693
2.787 0.02139
2.788 0.0213109
2.789 0.0212319
2.79 0.0211531
2.791 0.0210743
2.792 0.0209957
2.793 0.0209171
2.794 0.0208387
2.795 0.0207604
2.796 0.0206822
2.797 0.0206042
2.798 0.0205262
2.799 0.0204484
2.8 0.0203707
2.801 0.020293
2.802 0.0202155
2.803 0.0201382
2.804 0.0200609
2.805 0.0199837
2.806 0.0199067
2.807 0.0198298
2.808 0.019753
2.809 0.0196763
2.81 0.0195997
2.811 0.0195232
2.812 0.0194469
2.813 0.0193706
2.814 0.0192945
2.815 0.0192185
2.816 0.0191426
2.817 0.0190668
2.818 0.0189911
2.819 0.0189156
2.82 0.0188401
2.821 0.0187648
2.822 0.0186896
2.823 0.0186145
2.824 0.0185395
2.825 0.0184646
2.826 0.0183898
2.827 0.0183152
2.828 0.0182406
2.829 0.0181662
2.83 0.0180919
2.831 0.0180177
2.832 0.0179436
2.833 0.0178696
2.834 0.0177957
2.835 0.017722
2.836 0.0176483
2.837 0.0175748
2.838 0.0175013
2.839 0.017428
2.84 0.0173548
2.841 0.0172818
2.842 0.0172088
2.843 0.0171359
2.844 0.0170632
2.845 0.0169905
2.846 0.016918
2.847 0.0168456
2.848 0.0167733
2.849 0.0167011
2.85 0.016629
2.851 0.016557
2.852 0.0164851
2.853 0.0164134
2.854 0.0163417
2.855 0.0162702
2.856 0.0161988
2.857 0.0161275
2.858 0.0160563
2.859 0.0159852
2.86 0.0159142
2.861 0.0158433
2.862 0.0157725
2.863 0.0157019
2.864 0.0156314
2.865 0.0155609
2.866 0.0154906
2.867 0.0154204
2.868 0.0153503
2.869 0.0152803
2.87 0.0152104
2.871 0.0151406
2.872 0.015071
2.873 0.0150014
2.874 0.0149319
2.875 0.0148626
2.876 0.0147934
2.877 0.0147243
2.878 0.0146552
2.879 0.0145863
2.88 0.0145175
2.881 0.0144488
2.882 0.0143803
2.883 0.0143118
2.884 0.0142434
2.885 0.0141752
2.886 0.014107
2.887 0.014039
2.888 0.0139711
2.889 0.0139032
2.89 0.0138355
2.891 0.0137679
2.892 0.0137004
2.893 0.013633
2.894 0.0135657
2.895 0.0134986
2.896 0.0134315
2.897 0.0133645
2.898 0.0132977
2.899 0.0132309
2.9 0.0131643
2.901 0.0130977
2.902 0.0130313
2.903 0.012965
2.904 0.0128988
2.905 0.0128327
2.906 0.0127667
2.907 0.0127008
2.908 0.012635
2.909 0.0125693
2.91 0.0125037
2.911 0.0124382
2.912 0.0123729
2.913 0.0123076
2.914 0.0122424
2.915 0.0121774
2.916 0.0121125
2.917 0.0120476
2.918 0.0119829
2.919 0.0119183
2.92 0.0118537
2.921 0.0117893
2.922 0.011725
2.923 0.0116608
2.924 0.0115967
2.925 0.0115327
2.926 0.0114688
2.927 0.011405
2.928 0.0113414
2.929 0.0112778
2.93 0.0112143
2.931 0.0111509
2.932 0.0110877
2.933 0.0110245
2.934 0.0109615
2.935 0.0108985
2.936 0.0108357
2.937 0.0107729
2.938 0.0107103
2.939 0.0106477
2.94 0.0105853
2.941 0.010523
2.942 0.0104608
2.943 0.0103986
2.944 0.0103366
2.945 0.0102747
2.946 0.0102129
2.947 0.0101512
2.948 0.0100896
2.949 0.0100281
2.95 0.00996667
2.951 0.00990537
2.952 0.00984417
2.953 0.00978308
2.954 0.00972209
2.955 0.0096612
2.956 0.00960042
2.957 0.00953974
2.958 0.00947916
2.959 0.00941868
2.96 0.0093583
2.961 0.00929803
2.962 0.00923786
2.963 0.00917779
2.964 0.00911782
2.965 0.00905795
2.966 0.00899818
2.967 0.00893852
2.968 0.00887896
2.969 0.00881949
2.97 0.00876013
2.971 0.00870087
2.972 0.00864172
2.973 0.00858266
2.974 0.0085237
2.975 0.00846485
2.976 0.00840609
2.977 0.00834744
2.978 0.00828888
2.979 0.00823043
2.98 0.00817208
2.981 0.00811382
2.982 0.00805567
2.983 0.00799762
2.984 0.00793966
2.985 0.00788181
2.986 0.00782406
2.987 0.0077664
2.988 0.00770885
2.989 0.0076514
2.99 0.00759404
2.991 0.00753679
2.992 0.00747963
2.993 0.00742257
2.994 0.00736562
2.995 0.00730876
2.996 0.007252
2.997 0.00719534
2.998 0.00713878
2.999 0.00708232
3 0.00702595
3.001 0.00696969
3.002 0.00691352
3.003 0.00685745
3.004 0.00680148
3.005 0.00674561
3.006 0.00668983
3.007 0.00663416
3.008 0.00657858
3.009 0.0065231
3.01 0.00646772
3.011 0.00641243
3.012 0.00635725
3.013 0.00630216
3.014 0.00624717
3.015 0.00619227
3.016 0.00613748
3.017 0.00608278
3.018 0.00602817
3.019 0.00597367
3.02 0.00591926
3.021 0.00586495
3.022 0.00581073
3.023 0.00575661
3.024 0.00570259
3.025 0.00564867
3.026 0.00559484
3.027 0.00554111
3.028 0.00548747
3.029 0.00543393
3.03 0.00538049
3.031 0.00532714
3.032 0.00527389
3.033 0.00522073
3.034 0.00516767
3.035 0.00511471
3.036 0.00506184
3.037 0.00500907
3.038 0.00495639
3.039 0.00490381
3.04 0.00485132
3.041 0.00479893
3.042 0.00474663
3.043 0.00469443
3.044 0.00464232
3.045 0.00459031
3.046 0.00453839
3.047 0.00448657
3.048 0.00443484
3.049 0.00438321
3.05 0.00433167
3.051 0.00428022
3.052 0.00422887
3.053 0.00417761
3.054 0.00412645
3.055 0.00407538
3.056 0.00402441
3.057 0.00397353
3.058 0.00392274
3.059 0.00387205
3.06 0.00382145
3.061 0.00377094
3.062 0.00372053
3.063 0.00367021
3.064 0.00361998
3.065 0.00356985
3.066 0.00351981
3.067 0.00346986
3.068 0.00342001
3.069 0.00337024
3.07 0.00332058
3.071 0.003271
3.072 0.00322151
3.073 0.00317212
3.074 0.00312282
3.075 0.00307362
3.076 0.0030245
3.077 0.00297548
3.078 0.00292655
3.079 0.00287771
3.08 0.00282896
3.081 0.00278031
3.082 0.00273174
3.083 0.00268327
3.084 0.00263489
3.085 0.0025866
3.086 0.0025384
3.087 0.0024903
3.088 0.00244228
3.089 0.00239436
3.09 0.00234653
3.091 0.00229878
3.092 0.00225113
3.093 0.00220357
3.094 0.0021561
3.095 0.00210872
3.096 0.00206143
3.097 0.00201423
3.098 0.00196712
3.099 0.0019201
3.1 0.00187318
3.101 0.00182634
3.102 0.00177959
3.103 0.00173293
3.104 0.00168636
3.105 0.00163988
3.106 0.00159349
3.107 0.00154719
3.108 0.00150098
3.109 0.00145486
3.11 0.00140883
3.111 0.00136289
3.112 0.00131703
3.113 0.00127127
3.114 0.00122559
3.115 0.00118
3.116 0.0011345
3.117 0.00108909
3.118 0.00104377
3.119 0.000998541
3.12 0.000953396
3.121 0.00090834
3.122 0.000863372
3.123 0.000818492
3.124 0.000773701
3.125 0.000728997
3.126 0.000684381
3.127 0.000639853
3.128 0.000595412
3.129 0.000551059
3.13 0.000506794
3.131 0.000462616
3.132 0.000418525
3.133 0.000374522
3.134 0.000330606
3.135 0.000286777
3.136 0.000243035
3.137 0.000199379
3.138 0.000155811
3.139 0.000112329
3.14 6.89345e-05
3.141 2.56261e-05
